630
0.260201532,0.183902350460754,0.195384767668214,1.72193702559091,1.64519510407567
1.674486997,0.564223376472057,1.35543606387837,0.434415846766518,0.918803426452632
1.791561786,-0.0362603704705702,0.782264447939053,0.463602016048239,0.587273093717171
-0.427511133,0.0623861812665849,-0.295001725367136,0.910380678483891,1.09987620008063
0.385514699,-0.190813574874066,-0.127188297743358,0.946800504486427,0.37259213878218
0.934906686,0.144268001620355,0.798374323624111,0.284291293826508,0.331135020046028
0.396070962,0.157219023615114,1.29651057048154,0.287203438288075,0.465011584281913
0.030963499,0.138216152773429,-0.0907106851762222,0.94510127569816,0.438464291525661
0.241804082,-0.228144198386986,0.310699152035471,0.58933474424012,0.743398365035411
1.62926784,0.520329593933691,1.41786309898851,0.351227472151045,0.130711208236626
-0.106844305,-0.0841208529589679,-0.143280314105308,0.490142525184135,1.14989458175146
1.028462155,0.640629675904308,0.967771692314534,0.746574941629312,0.086277848185848
-0.205732203,0.174919870997006,-0.158383543111269,0.897173606939205,1.19852182409556
1.695448753,0.550965578092607,1.62096769195184,0.153262845826259,0.190795778935175
0.599635493,0.179262399301229,0.288582907489097,0.501182870495998,0.427317108548977
-0.770385022,-0.245485265618758,-0.576240479642243,0.591672457311313,0.610751652572649
0.440397275,0.320628175456917,0.378732551857442,0.803278618563727,0.134615329532475
0.720293743,0.562002097742605,0.863842790745621,0.527103997619374,0.823165305778983
1.432431413,0.229684682199854,1.07072684765086,0.437724086616288,0.782556403249252
0.921473114,0.542484172422093,0.957966273839316,0.807813256283856,1.0767956314588
0.852876558,0.441334957221241,0.843664921256182,0.835772309283433,0.865962665604826
0.817045289,0.347715863404765,0.698776457528859,0.848948521148833,0.625122446266527
0.323011015,0.388096559562452,0.414396692476142,0.744923677628708,0.757698502641209
0.769024882,0.397542318355851,0.923564456380498,0.636128151547972,0.320472185981838
0.118310201,0.0944892275950298,0.201881955607244,0.602405808598103,0.830169618550743
1.114902634,0.413987645849348,1.11993938612921,0.191089915084089,0.10154387008197
-0.011946911,0.0209567537528338,0.0594089023009701,0.37124914664963,0.508515612071485
-0.080592121,-0.0517704454668177,0.0817050516312754,0.298943689872933,0.424212826176075
0.785142142,0.434708229315832,0.964026931321383,0.681544080080927,0.123919830060804
0.078637845,0.0144191244083096,0.183062653317573,0.416170375706966,1.09366671542708
1.762489119,0.62331311762007,1.43860285761742,0.377169347285504,0.179511253601726
0.125421845,0.0500094554351545,0.22734233612014,0.449989806378906,1.05011084992834
0.682389859,0.428885051664608,0.952282235071541,0.69643563195359,0.158021242243059
-0.142436253,0.02195227765103,0.195398085314162,0.672781636867982,0.655456913171241
0.701987259,0.331749567364868,0.877429431761118,0.361373124165693,0.266293643055676
0.558396907,0.447968806269589,0.989875316752013,0.547029691601087,0.578135809415188
0.514706663,0.509491599751789,0.458415701765508,0.680333056449026,0.918994176821845
1.198574665,0.394987435170298,0.890365817952375,0.800653561729161,0.929183278632877
1.417922595,0.715911256337182,1.18588368640399,0.806325485839353,0.957975250674322
0.781423709,0.670504494562067,0.750471259997989,1.10113855887813,1.19614987916795
0.908203171,0.58590812363474,0.649781820574311,1.140559861182,1.26909634879526
1.800455371,0.456562612188195,1.8293481654192,1.14860631325927,0.911195881521424
0.848877246,0.685212314582231,0.743912793187347,1.10001687653611,1.49396552121449
1.421161877,0.354758511488256,1.04812199633643,1.03108492894937,0.865899250179013
0.775280488,0.503503310684208,0.524805516727719,0.962033722844209,1.01513824956739
0.733885371,0.361208870081224,0.584458859374485,0.614153049874885,0.606921047803091
0.453438145,0.295513523276354,0.412462749859836,0.651888275725731,0.26450069307229
-0.416429561,0.192061153586596,-0.183845540766807,0.82535867329577,0.68221978180694
0.710777533,-0.146806386289624,0.824195522044596,0.735901529829356,0.733752692442945
1.944519297,0.46285549310194,1.80658540957182,0.424565721358576,0.594003581619264
0.63466952,0.411146266366106,0.583080151354403,0.464519908587202,1.15649901846438
0.585721388,0.389790763658245,0.453841725073923,0.735831703505205,0.659812825845495
0.390895582,0.374512181089725,0.356139135802669,0.734719589177024,0.933270454719279
1.36982477,0.309445815596855,1.49013501035329,0.696612107013438,0.493525470986651
0.431621371,0.430144273044059,0.470507057548853,0.932617692980706,1.26486757558347
1.315302996,0.458130863011413,1.1378974896785,0.833759109798256,0.887320360809147
1.380613085,0.544499496016868,1.18965955612393,0.995211209879779,0.767329191600446
0.158635276,0.545514045414254,0.162814150966236,1.12918907612509,1.340724358425
1.334862044,0.666812892066369,0.826626564375394,0.954584104363267,0.812650195033253
1.381385454,0.541769257080484,1.14285456683871,1.03755155199829,0.97022243625223
0.712639757,0.587811966165194,0.631975722331202,0.942313457231346,1.17414770207142
1.006182007,0.804020811144949,0.90700464243032,1.01122265352001,0.87408321865086
0.918138663,0.656849991986459,0.592669116788668,1.04731452413725,1.01879064360445
0.951944138,0.616910234859463,0.841896716521709,1.07942145962636,1.30315728853688
1.750497771,0.591989235465984,1.6154105601051,0.94437508972515,1.11191621836802
1.484854813,0.837915636236572,1.34243366017269,0.675334918394895,0.860148852368641
0.130468462,0.467825296078269,0.305650592288777,0.819684388038043,0.684244143239017
-0.277645729,0.240530799953888,-0.267968180475382,0.70977005551399,0.494624032749972
0.704815135,0.263291793366617,0.667427722090818,0.61989021182743,0.0850305976426514
0.21621544,0.174646753012867,0.411180405108247,0.670095864156707,0.858750695627921
1.209173739,0.406050466925613,0.936777581295435,0.563933369253394,0.529418859026718
0.761069935,0.536295460153102,0.867467950868945,0.877258944998904,1.00925795484639
0.888694782,0.574219131276679,0.687172445664655,0.918660653156685,1.05356337633157
1.221248237,0.482459168347252,0.748975164522459,0.979181077369102,1.31090268755138
1.942653515,0.828262959842093,1.98253943773368,0.840101845165969,0.897850749535713
0.603308463,0.350021343034139,0.512542006110149,1.2582960005825,1.29137748585918
0.638005784,0.518969426351454,0.606297210720498,0.956350239925496,1.10588639913289
1.701516716,0.597051176108036,1.5034469787323,0.731428030586657,0.25896527311172
-0.30236096,0.256667790440285,-0.194494228670333,0.925019575217557,1.15478618261538
0.572123183,0.397822324009838,0.566429726134357,0.951407592885149,0.913634425512243
1.829724741,0.436315862193371,1.01685217305526,1.03187181209266,1.23190298443635
2.188982509,0.951849560529735,2.73460104451882,0.649224345710647,1.2156958085865
0.96053574,0.453533753937617,0.912867908269743,0.837404285386178,1.00995646706281
-0.207248,0.282668438634232,-0.14063155969027,0.92134603965698,0.870318643856682
0.669221945,0.326300062217592,0.550439345443821,0.187078859397366,0.129055256432468
0.404685067,0.235560624409644,0.359605068908703,0.259391462425751,0.0190613293319183
-0.857367326,-0.0275320986664915,-0.41967727847655,0.53925162163397,0.878334752211361
1.354459142,0.409339697749835,1.31311751833564,0.592416843659587,0.255332663342903
1.220859197,0.50569090677089,1.12657267683162,0.784374282983457,0.984048801595441
0.812332568,0.527138934612469,0.747904036645747,0.976635677196428,1.35123655579118
1.527640365,0.501074136666993,1.10183490384815,1.22700272552567,1.12944861810761
1.45484962,0.63090699604409,1.21878179495359,1.05390776501921,1.22255159889025
1.118558869,0.732999021812404,0.899609114147545,1.09112876898499,0.943137432246184
0.260901351,0.348915872448967,0.191475836299318,1.2769183251914,1.2957044752064
1.542446038,0.350617262270623,1.19633218379513,0.987996031364724,0.571334669692874
0.724608197,0.600243299926099,1.29908138291732,0.948826204029501,1.11793747308768
0.853444911,0.456620146902707,0.578075882933647,0.922712923662445,0.876587959284862
0.882593516,0.592002580429588,0.686074638906167,1.0027084030739,1.02921324318227
1.280921651,0.594884072444215,1.23609677334604,0.798029700065018,0.842049491261469
0.833698917,0.417601672145347,0.679370939391583,0.81024200025163,0.936815047677895
0.672896846,0.274201919491503,0.542300966001504,0.750925770934177,0.716462389797892
0.563408432,0.339583847654882,0.711713252259942,0.732464486584402,0.560956690229568
0.371680252,0.267986765706173,0.505244427553548,0.713800612766144,0.626872741661114
0.644223099,0.241281937806984,0.433198982455328,0.593080733934211,0.606585550058965
0.826744324,0.457879366240016,0.522227082490496,0.686272407021239,0.66019961244965
0.547878561,0.424682712960433,0.404954943023181,0.866220192025948,1.21908725820103
1.679170988,0.833390839633731,1.55866899636532,0.945190939766514,1.01531464606082
1.545389577,0.725078669036849,1.14177255432236,1.01323050343257,1.19841527557723
0.858654326,0.729992614673115,0.714018472232617,1.07629495964432,1.27683504095071
1.036136694,0.717758200388085,0.959431523189504,1.08828085278048,0.920560984379017
0.876889066,0.62487800941877,0.678736158660003,1.08986083056682,0.961642667418176
0.807994357,0.633934748546936,0.805112349799716,1.07691231942777,1.15504334736781
1.457321953,0.584896023965914,0.968674338745399,0.967722352412023,0.984674377135968
1.209524249,0.628819332271854,1.12565193616454,1.0369250110112,1.07988629860374
0.769414202,0.76741448798933,0.736115924044281,1.16395790829278,1.09558555513631
0.913410032,0.253665619067582,1.05313573224317,1.036444763369,1.02727324634285
1.387540224,0.421215165828963,1.20361170224911,1.01080857924008,0.572021846098743
0.025267401,0.261831303662967,-0.158235798140927,1.03240226049258,1.39214826753593
1.585348485,0.430725719957572,1.19332590039516,0.878307296262091,0.515818027391797
0.802008149,0.516354015201098,0.712682019174792,0.911459156044254,1.12799359077202
0.827712289,0.526658067549313,0.656305086834812,0.850636995941831,1.01793639388434
1.104584626,0.598040304627501,0.645908037216673,1.15408423483996,1.11232406791771
1.401618586,0.489155561075423,1.1315950373921,1.03763280257743,1.18674644807044
1.361871814,0.586099683090512,1.07576755430766,1.01141902919757,1.18051465744262
1.062275879,0.460588307230473,0.907610105244434,0.976601926038171,1.03649811237923
0.757656795,0.393012384571002,0.561779704655881,0.916121219495855,0.782807215256709
0.405186774,0.531937191578502,0.418362266918342,0.983939628314203,0.785687808920269
0.700376232,0.487132012353084,0.677404611391492,0.748941350580286,0.786204783612711
1.237688311,0.452424654642305,0.977888801999126,0.742712748355812,0.513944165704456
0.189855153,-0.0191274385694412,-0.681062891510688,0.786456871416063,1.24728519908788
1.555421437,0.230082901348962,1.23527259745803,0.610184974554156,0.235841325042841
0.110805398,0.209127190390693,0.447573297751399,0.641282063138954,0.830811206738223
0.34214399,0.291882332946939,0.42241517722368,0.460387108780398,0.145034493555252
-0.205077517,0.153974493292457,-0.164279712415189,0.762663933930862,0.715903442582616
1.108496399,0.181776913618269,0.99525611559336,0.364441812989068,0.450327770596025
1.198545802,0.0907330725421829,1.11819485601435,0.337843399264859,0.481464882840082
0.032070616,0.143435482637179,0.229217649470518,0.356955988569589,0.618727161088253
0.073358834,0.196145069636809,0.618839104366228,0.596745515925162,0.159857788176157
0.146580194,0.208933358301013,0.315074461004426,0.308665861470004,0.0273970601627741
-0.138764304,0.0239345649600545,-0.106814863673399,0.250578047071521,0.337095473302073
0.541123809,0.0749970829298035,0.434475288083414,0.207945740419652,0.203777492008256
0.496304806,0.342264265888265,0.887528171078743,0.437631768734206,0.499081566869462
0.428281439,0.143818679475459,0.309559434509155,0.681660761649173,0.87396840511393
1.319779992,0.249302354490399,1.28269079543165,0.564364763658929,0.676532256467836
1.0540097,0.283350554084074,0.601067720881495,0.479684699572913,0.659545957291078
0.10347877,0.424807906590811,0.553142799814475,0.836159782457748,0.68259245526552
0.072016778,0.121724038519881,0.187229265964559,0.761054254065869,0.890985598445389
1.786246344,0.492183521533075,2.317327724957,0.308960464778316,0.0978593010943359
0.061089071,0.0683080629818501,0.123682163583849,0.352303514191304,0.917704920169938
0.260505432,0.126506571991977,0.324157555038835,0.550643195700512,0.41043064803031
0.411828494,0.50955376536998,0.579923833480784,0.784115133356307,0.761763377641517
1.273139833,0.431046051188174,1.15275495125767,0.875844323878154,0.787037346544264
1.159374495,0.650307724161382,1.24962805975693,1.03594467738362,1.23365219663948
1.38454636,0.622102678800825,1.27697951619432,0.978343524494177,1.07705759994361
1.102943446,0.372916386344478,1.16025032100444,1.00864022339301,0.87553688429238
0.341325758,0.456413762515641,0.331228818569147,1.03876390563234,0.93848305550535
0.678422278,0.36258838876905,0.768647273079652,0.717124459567769,0.764477587487475
1.278622235,0.361223173844851,1.01037575584673,0.629135512491444,0.259221062854971
-0.361822718,0.176303960616898,-0.234494574247209,0.680759624267622,1.19265488727525
1.33020816,0.433462791200003,1.27660180363454,0.512002258738814,0.171039940616496
0.487948631,0.344169398776246,0.963147691098636,0.466750653530779,0.746845312733815
0.458031487,0.152299712794622,0.664630988852182,0.232918089879571,0.267751811898569
-0.088409104,0.217936379186748,0.492493582617841,0.38342551121995,0.335591794019087
0.27090343,0.132029156463843,1.23754946025868,0.048734194137553,-0.12067314124025
-0.212440611,-0.180933860286457,-0.0484556788712216,-0.0942488338240924,-0.0752988039116836
-0.326005635,-0.0837435616283399,-0.0414010146324921,-0.22491372214722,-0.417211024628848
-0.765334437,-0.399445435049743,-0.404300174056036,-0.173010180672071,-0.275054229266663
-0.258835842,-0.163229403795665,-0.0535345646522639,-0.382428927029105,-0.451010966468832
-0.120360404,-0.278280661777753,0.125333260856009,-0.469863063307437,-0.509685657841197
-0.775103502,-0.444573823141327,-0.375176575217137,-0.344195840937031,-0.196080734425386
-0.223477624,-0.0522463833468015,0.0195148146555854,-0.260336766186659,-0.511457292306693
-0.415616688,-0.0611136188504333,-0.228391493172812,-0.19911135090149,-0.106267605705615
0.159698164,-0.163996570268176,0.11803533366852,-0.442525525803368,-0.385547153595999
-0.357108626,-0.0821300051688873,-0.113204865087546,-0.238345984189732,-0.196627033152143
-0.56418093,0.0429725548669959,-0.0103072015016553,-0.0691470835841367,-0.112362257748774
-0.014037421,-0.0321453065184632,0.208460226705759,0.0997454988531312,0.00291526224483179
0.591445664,0.117088941821172,0.620596210984493,-0.0130895883926053,0.0430629163548382
0.138283057,-0.000859004838315029,0.12794467505977,0.116008939511131,0.441327317492862
0.484133965,0.0601250120302777,0.351606780429603,0.18020719193156,0.0350109152983806
-0.265769782,0.0734759038594932,0.0525113588447375,0.433798244565321,0.57011929056163
0.680717073,0.113136778265943,0.871210316101513,0.212069811988553,0.324943389105273
0.922453716,0.241571813112992,1.38545207768266,0.183928469411497,0.362677600051336
0.234793444,-0.6281919765911,-5.84133847906365,0.1497229563945,0.337383928073246
-0.221658421,-0.184097673331112,-0.0372477036604053,0.590802572696733,0.151251235396956
-0.228259669,-0.153796978312512,-0.650270535409877,0.439665049485369,0.486655123636643
1.281727528,-0.0995154663602778,-0.377831434637125,0.0503639729860756,-0.0315687117227116
0.096481361,-0.0393433854428153,0.18981247989294,0.341714512707216,0.760840616678686
0.457711932,-0.0138331068804165,0.00126495718467127,0.048598361416401,0.37164358204763
0.626984256,0.188139782681525,0.759887301483295,0.241139422673541,0.112162013876377
-0.215457853,-0.0567810185935395,0.146137510799426,0.238263584513482,0.23951529869476
-0.047648534,-0.368560205028525,-0.0837682661636936,0.337262106613357,-0.304188437604159
-0.858008398,-0.127083795998907,-1.76049600316413,0.711945475081148,0.688026366098589
1.41424367,0.170145284835733,1.24474960183775,0.42435185388533,0.392951054220711
1.752919052,0.340473646782346,1.32007745583702,0.376085143075049,0.657184726412853
0.224537082,0.180173625997754,0.599151224787857,0.564056687268871,0.933625146714599
0.251662667,0.32924305947482,0.387626309007235,0.538126655659802,0.21812742731339
-0.106460736,0.185958232857655,0.0211676580651107,0.624531428084583,0.43270300272748
0.540200781,0.225906580472762,0.74534327583101,0.337544130682563,0.397280813952423
0.838968771,0.293555061535561,0.468633838907881,0.402273423449608,0.658772416673968
0.86541485,0.159612613404804,1.3833982413959,0.586066741940017,0.823966435288924
0.907764201,0.235611364529543,0.765554914212411,0.657384006299145,0.744646396702703
0.677826956,0.27192082878419,0.556993558190146,0.587917537965014,0.651015002232336
0.476505648,0.414813663449419,0.732533445469799,0.559662614465785,0.347243459914683
-0.08506423,0.089764425252947,-0.152736419223665,0.605152012402455,0.441640908655089
0.312583731,0.0257905438928811,0.0212999189103752,0.459886137542439,0.355267742094843
0.690384872,0.508957381757874,0.960704530742557,0.576822652954842,0.530941555200992
0.695269261,0.291542128958772,0.651672762102298,0.678377142084874,0.995374686619081
1.401385302,0.218391015062068,1.31405481247309,0.753212560797704,0.918467880315969
1.208066768,0.407727444760021,0.684811961132364,0.870213985932976,1.06398911686456
0.814658997,0.455347387586157,0.281445480049978,0.997886138897716,1.08205571522126
0.945487191,0.315158322458992,0.465886747911087,1.03325688264944,0.902396724491021
0.897243044,0.493099139982295,0.836582943713963,1.09403052331493,1.02264847093118
1.096783576,0.337689075941279,0.994299236144903,0.778095326546825,1.04470256084494
1.423701259,0.618542877028682,1.30160058548241,0.695066180045589,0.454912607353109
-0.281632109,0.0586048233530953,-0.195631176507274,1.02162505934651,0.957206051186696
0.366618377,0.153373316542133,0.318303609564724,0.900199099880396,0.758207569329679
1.699546433,0.51570578057811,1.40525032743363,0.792951361502806,0.505274700293658
0.618383669,0.220625806937255,0.373387776389636,0.718010387424769,1.3400827048193
1.203523691,0.763671808272015,1.37073429650127,1.05930446979862,0.929645287398601
1.071468185,0.529580077278271,0.946615321072865,0.97678499465195,1.23211261232751
1.531469312,0.491820047691092,1.40114834686497,0.753450293928612,0.630759597696487
0.078396981,0.0455040583988225,0.0645180603917558,1.04739504144867,1.1110847076129
0.72505913,0.234836869067052,0.331341358729573,0.773597358730915,0.615991049135038
0.988037985,0.378412373540099,0.845024079693898,0.739441085130474,0.682915554358809
0.741205782,-0.228728869407864,1.14408823337057,0.483167017495873,0.724726552183505
0.607036704,-0.105728875150855,0.456874063444458,0.685857346866019,0.368191962721994
-0.174884717,-0.148785502334304,0.136389524698613,0.714198616094231,0.696422240975372
0.776962703,0.283478770032762,0.726912161462357,0.647113613292677,0.309573647230333
0.567408808,0.249501930440325,0.583961569365362,0.833318076630548,0.9620797752049
1.258007838,0.0534327244918237,0.911307840158113,0.60941785513768,0.965082431810382
1.641231181,0.716183392937302,1.59364216967324,1.12520121704785,0.427973842546719
-0.66649295,-0.687075445353401,-1.49460482308212,1.1042270414957,1.6715127497637
2.005705771,0.604361401346622,2.17690951266331,1.04773478435639,0.0658713052962104
0.374224838,0.0902018532202994,0.422875249691167,0.974517114784036,1.31100266612154
1.024861582,0.164539542152682,1.30995007017082,0.607836638391835,0.601604858806007
0.713143608,0.175414756673719,0.74817448578365,0.408184830586558,0.580256611171926
0.264701885,-0.116505483783181,0.247369767588543,0.640009992689413,0.306355035389181
-0.432363487,0.258289554234155,0.144913641105693,0.482257022590365,0.938142729990878
1.887731698,0.596202572531837,1.23257877712851,0.174440333567317,-0.378005232741076
-0.630299527,-0.111395846100264,-0.557182712932829,0.452223678243147,1.1013084139094
0.605992621,0.357174380278557,0.690232223290155,0.502024666630624,0.283411319294245
0.782491724,0.250749945466673,0.794621054638708,0.809135914656186,0.914626652325291
1.488025895,0.612913784494935,1.58510111911077,0.373081097040371,0.682949632048557
0.750736146,0.385276343011021,0.688877197724191,0.551256472908728,0.661216183175969
-0.04389682,-0.149391052274378,-0.0143828949431273,0.431256380348748,0.370659981345668
-0.051244864,-0.298598249471579,-0.0443912249762322,0.180771654047562,-0.153271089214894
-0.341395868,0.0320412841562515,0.642437330938162,-0.103704714186521,-0.367449259597765
-0.76880413,-0.389951847388824,-0.593974296893972,0.0577636303655247,-0.318092752754313
-0.62929403,-0.0969514914238135,-0.563082454205152,0.2592642487527,0.296437385617835
1.340995233,-0.248191920279291,-0.153458607987792,-0.0554856902321177,0.182796734769492
1.180040206,0.210107464069594,1.09858971876193,-0.0789154768900101,0.529167274690332
0.082898394,0.0977870901087004,0.245165679795532,0.344780796033933,0.392972134776747
-0.591433914,0.198838101608357,0.0463340706021107,0.625794835797983,0.552127481879586
1.009357843,0.110551038040466,0.972802750597738,0.252094328337323,-0.226850913704985
-0.011360703,0.0278040738873629,-0.228826900155544,0.2277979636646,0.46763207851052
0.048439142,0.0951027279176015,0.568673859256486,0.252314075221482,0.407549314238897
0.848679176,0.173614079834949,0.459684242279052,0.380012361325704,-0.0205277271720451
-0.290012995,0.364856996084644,0.276230449074647,0.625601592503539,0.858829909334442
0.973812738,0.228135011235693,0.558093732247561,0.572698874263128,0.464432983785818
1.097066304,0.230381929613537,1.30900823850895,0.705508687411435,0.848084562347806
0.915048873,0.298052329242438,0.66717923709229,0.693816575372167,0.897414198885116
0.751545567,0.547541699771366,0.87212305754406,0.862918535685758,0.809132581971674
0.64879851,0.458418198898581,0.619736078891636,0.902718603631628,0.825920583625964
0.841472998,0.484992736214088,0.885715471930467,0.818308169969541,0.858757897743376
1.104411396,0.49524176080858,1.25565591424387,0.748328156808394,0.775214098262784
0.740469809,0.352412603654024,0.783235681007848,0.796545081638983,0.882523497827748
0.708226165,0.470340019767583,0.849862108748632,0.723379696141818,0.734032886782298
0.7560435,0.326629168781075,0.770811022177314,0.625332693458232,0.483196128529641
0.336275254,0.414606759183655,0.606820484602774,0.701604989992102,0.243037626627063
-0.594984965,-0.127450394983561,-0.450889520232735,0.704970100968081,1.00343992118945
1.87132868,0.252283536650036,1.22335615967113,0.336170154889414,-0.163788129331902
-0.085208225,0.191552960128293,-0.0314686933728101,0.721356977383453,1.39843541842197
1.356219625,0.522653222020863,1.12011443056339,0.684120613186843,0.4787754474075
0.679587607,0.158670155455697,0.519646588657371,1.06663286560187,1.33423156738874
1.629155564,0.649230721942626,1.61414789657454,0.582082117867538,0.734836011002123
0.788470971,0.494385574609239,0.594712412149611,0.614815718235364,0.89984472713626
0.304672779,0.25958661327425,0.299851728773402,0.721252151727627,0.589939896237455
0.184727334,0.154345705637045,0.227558461260516,0.703132210848224,0.623272170874291
1.026655799,0.36312649113195,0.980470079067715,0.10209532261277,0.0432976072416946
-0.032582114,0.124720038297708,0.776683349668132,0.610763364894797,0.114009727704204
-1.025519232,-0.0656339586205091,-1.11456650188805,0.359586458117108,0.70297819838279
1.556256625,0.172151438199802,1.37425716092249,0.0934311275730053,-0.510778180348189
-0.226950245,0.0359187569336058,0.12481503580516,0.077106747068054,0.687419051544273
0.035317571,0.117914538556824,0.0478769741552143,-0.0853405857759549,0.493973211829435
1.184884502,0.626882310866668,1.6998632046152,0.466861694227602,-0.00437651003701765
-0.132405417,-0.0195259979898032,0.309144570066773,0.200225704437276,0.75865441991324
0.452199648,0.0432166452017753,0.777095555134254,0.107648925454904,0.425006048425338
0.952777995,0.02561405311465,1.60419335612793,0.329944950066687,0.198160554419154
-0.071119723,0.0299381004664802,0.134479110720612,0.234127259566186,0.6563074847957
0.529222859,0.227563974383889,0.755122876692197,0.517914593145962,0.0158526768754257
-0.350745948,-0.245207721438864,0.356037696334064,0.779130322753115,1.09740348190471
1.897695246,0.522388996784358,1.44992333022343,0.272205844955776,0.290377036875346
0.87908732,0.198320194585053,1.16617287858199,0.486561420365005,0.997940504254671
0.422566172,0.223800511789476,1.01818071949323,0.914388485846748,0.685215838672133
0.116881817,0.309801154792171,0.163755131680162,1.41131038095534,1.21049532193174
2.010175971,0.536382823529613,1.48059332866274,0.552446310058056,0.772508599774308
1.619622221,0.445696324435969,1.9515051884965,0.64522407574765,0.843916347244643
-0.216920838,-0.203739869971093,-0.215467889715867,1.20013878982355,1.27577986777553
0.854476998,0.29416283129236,0.773302379720962,1.18746213347609,0.658190938458926
1.331338608,0.0378177873186443,1.34797832948464,0.6929348012533,0.779732384759166
0.894429828,0.240867986252031,1.04458542681128,0.641219585332559,0.833485777934455
0.329073662,0.250268265972297,0.495168454649207,0.899284439547845,0.957325964889242
1.075142517,0.509108053787809,1.33769491845968,0.586824852552014,0.391529739788788
0.338286423,0.213990781596807,0.754509336834331,0.860378211434868,0.734895624704576
0.351460133,0.439302081197109,0.42478494205602,0.711865339847072,0.86325367162828
1.457985511,0.480256434100742,1.33711722260972,0.471300628016121,0.359088409003329
0.399838715,0.163276318675506,0.558992924530994,0.36462634481914,0.695341365391221
0.098011309,0.138418377106029,0.366020114243302,0.472780287715471,0.312041383623286
-0.008564738,0.668389737146202,0.804825551235085,0.790573803337382,0.406487560962494
0.471212045,0.0931260712056669,0.560788185954179,0.653836935562183,0.839060421536141
1.885364343,0.510608634382373,1.83311324684849,0.322440451958093,0.395844414796577
0.33568438,0.230331375268814,0.511174863680242,0.670605395504958,1.17577639252918
0.70748122,0.268532516742045,0.742551786211461,0.758077816434597,0.557952010440217
0.51776856,0.285310033749843,0.635853896651992,0.807111885985667,0.810862167700071
0.978057195,0.231289584705851,1.11693782003256,0.659600946319571,0.633565001972235
0.692240502,0.501596937983504,1.37257221177162,0.837036853059221,0.910689444965182
0.882671573,0.329882005101208,0.961770092254123,0.796605786770621,0.890247383358863
1.155526247,0.398041138187975,1.26891040867909,0.733834304446053,0.672844026754533
0.537757208,0.328317237935573,0.760052066896742,0.580163787255207,0.653920073597117
0.251203087,0.253517449686476,0.243343810548929,0.377840664216323,0.256031730073387
-0.07918878,0.0125527342102773,0.0718454681537224,0.342719762447755,0.00568882670556155
-0.376374163,-0.238843517610667,-0.405861843073316,0.313821045567079,0.0706571866227228
0.07302193,0.0226736599029534,-0.10657811879462,0.173618508435139,0.173642251332806
0.692087306,0.240242798286234,0.586757482374162,0.167072041531472,0.280636061937419
0.533849091,0.469924843293961,0.603680214691194,0.457054858819432,0.608415874184998
0.466478033,0.275816947248341,0.612164631165028,0.604234829452235,1.03813148170705
1.739479378,0.270940486342691,1.45428437641318,0.447172447543695,0.423270696725278
0.411464417,0.0411350256623179,0.539749000800049,0.584192559055613,0.838100673353523
0.035793198,0.304698747883761,0.470343859484632,0.89878757951864,0.609292502551742
0.488446022,-0.0332564263027128,0.000466429030165179,0.936907357037979,0.795661570699396
1.637726806,0.366774689256759,1.69826756153238,0.347584542141289,0.488055802778253
0.63484802,0.132859323457631,0.660299500714283,0.605241777021831,0.740780506558094
-0.069492383,-0.0428654085934553,0.101705311059116,0.62683323701626,0.657755377690287
0.655359317,0.433272937235073,0.87240219377957,0.604443517454553,0.0283635963855388
-0.188311829,0.207861926694385,-0.122137694768928,0.642397490335587,0.823487493275259
1.116735678,0.13670333507599,0.887113570780465,0.46787413656372,0.403812326111707
0.925936104,0.28827948306559,0.834265743292498,0.468104217055658,0.788618193016374
0.69506123,0.256339524130326,0.669712990750493,0.66244342479418,0.625646481329201
0.206598487,0.396053564299361,0.383350144412825,0.901003435285088,0.858341570922206
1.015522883,0.440800208084792,0.958165913779726,0.731301026148693,0.55407182141459
0.796350677,0.649049094940044,0.929071157913307,0.654670087928132,0.940265874043534
1.03114389,0.268182705052997,0.881331649001942,0.761712848565737,0.732921370482627
0.56604937,0.321234318739987,0.596878953362753,0.937325167849165,1.07232204363995
1.21046908,0.398867911772412,1.37691394398235,0.830481038263551,0.706531596002444
0.77198098,0.241786136956117,0.46017024272942,0.813289132458481,0.981596519694048
0.964123178,0.0109327486456668,1.06693865640352,0.721665244859804,0.479467497318368
0.008955917,-0.00866218818071077,-1.51347526588688,0.91892462824353,0.893760380392772
0.85919292,0.275287838410128,0.828875207386913,0.549416554241297,0.454384145599481
0.848354085,0.0972898562062083,0.726192790760377,0.725719106078393,0.505141171816139
0.045166144,0.196545126004885,-0.0110025441144179,0.800811070556226,1.14785175469039
1.633924004,0.343610187604305,1.23412181856164,0.549868377014651,0.324575163385919
0.475713486,0.479265131843152,0.763626389474152,0.725588140916879,0.978080682115189
0.48254275,0.282167203284972,0.143304499338114,0.66778930884665,0.750360704115287
0.875084651,0.429993940568296,0.780568667054186,0.868132676847814,0.719550206006941
0.892152678,0.42541996567411,0.853201581962663,0.829915945492615,1.00378038370347
1.152678284,0.499216555675693,0.956382684989855,0.992508909750045,1.13565233803866
1.444298649,0.452771851403912,1.56328887571166,0.961185556887064,1.09692909194012
1.158948727,0.457648034510186,0.792218165728577,1.08467446456411,1.01977226294647
0.44083244,0.357679046809308,0.493418711645887,1.14640807784218,1.49833531611563
2.099026196,0.58093189880169,2.59714509866958,0.61548863000178,0.33724322730885
0.140322066,0.205882199473559,0.0897077201104941,0.469812398819256,0.93865377217651
-0.042743285,0.0786825249439991,0.0341228461866458,0.440000261619885,0.354178921902309
0.219371226,0.189778062904533,0.536891394718804,0.605768763218427,0.420623475392464
0.772684789,0.257029306035992,0.725827159671817,0.68858309141668,0.631799825732285
0.95915346,0.362247646041848,0.812689880012843,0.638751247969468,1.20411280966376
1.894294126,0.524681688858868,1.8266679224589,0.867068410368614,0.834463770313028
0.61904676,0.649461035882572,0.49729976101081,1.22612736833445,1.62321093668508
1.483040563,0.773021946106972,1.2981760881763,1.30423838917737,1.18691963929992
1.618133373,0.638819487679374,1.45589347225051,1.28407667835504,1.3894815232613
1.670604589,0.40778987569175,1.45974696996995,1.05316955161357,0.724293933264684
-0.341491009,0.114739955021436,-0.411918307728383,1.15889172129996,1.35072612963439
1.109905231,0.505568595466793,0.789246114755519,0.946968414962379,0.314462143480053
0.519258193,0.429640506599724,0.367561396163518,0.797163258707441,1.23316621318138
1.711034442,0.170980292050649,1.2626680294457,0.539183988813175,0.540187399870211
0.477936324,0.599369075830743,0.903419881466285,0.875851345004709,1.07863613683933
0.575286423,0.451077040782535,0.528280577978055,0.715190200343701,0.740729617446544
0.829404478,0.483228239365792,0.669400346686873,0.770827716778596,0.755892920611255
0.784148322,0.213222945280763,0.725433136232513,1.12810541187861,1.26492635711893
1.733072869,0.181709738485607,0.728825580607096,0.948670381646446,1.27261775226039
1.967113002,0.0263365157474682,1.42174018503919,0.962947994931749,1.08765994869415
0.500038241,-0.48896405648438,-0.601653427717264,1.26699534441375,1.48661608616493
1.165552991,-0.356798539686591,1.47118438543557,1.01906727855877,0.594900935046528
0.510128952,-0.129747127844274,-0.280812007936447,0.919628549542688,0.697369026638768
0.236591002,-0.479772996169163,-0.125933956713608,0.673236403436208,0.619829001575682
0.627534501,0.322631158141949,0.759082265916601,0.782254508189786,0.505509885729491
0.658312454,0.383489790119933,0.578088788583324,0.932356101647565,0.824117730750658
1.058687667,0.417837960252078,0.764361567382542,0.947011204008703,0.894232912596716
1.130964109,0.498412293864826,0.951433383937664,0.948354667111947,1.10170721267169
1.308543704,0.47127998509818,1.1494545826298,0.824146593874291,0.87001126059869
0.686032399,0.597420654867331,1.05302511756952,0.838307117993381,0.792701707673018
0.346623278,0.287189068978548,0.523994611601796,0.80245187676799,0.426932256558033
-0.022236498,0.381599192057068,0.0365074142310708,0.827198174736828,0.531438459152385
0.537417764,0.147809817115637,0.543884950342548,0.503104034655475,0.672204771441794
1.52794403,0.337316539278353,1.38733676341617,0.385851640752025,0.241363596135553
-0.090764095,0.204025150195054,-0.0802116930352779,0.52173079657248,1.00663037181266
0.700515965,0.297851908670886,0.580750332615375,0.671194869363487,0.229607563377198
0.185134455,0.263776789772451,0.186029593298229,0.717104501605397,0.886604441593613
1.265612963,0.298997622854665,1.03030445328574,0.432982429579047,0.400859373574131
0.517188076,0.331017265798054,0.481319239249041,0.797674095556092,0.931598616962974
0.554517783,0.328323169766162,0.426581212600498,0.519341890365001,1.23195621908962
2.187846141,0.729695103861974,2.12259315072637,1.01435184555556,0.273325699351486
-0.325416059,0.330506912797968,-0.0482506197745541,0.709124937449318,1.84179779386229
2.043186249,0.830637918213817,2.11368551879139,0.818981063198274,0.0166140111584016
-0.099236894,0.142161879040067,-0.106464054999711,0.814437138337954,1.21175593625103
0.624311969,0.214073706613054,0.458199443257322,0.336975136357753,0.600913844102186
1.150821787,0.358801743549593,1.6099842237253,0.964547352474605,0.435995785443742
0.109266213,0.426373705021207,0.145416052865997,0.777031155896829,1.27075962462138
1.566259388,0.466543824193511,1.40649187550794,0.676277923008112,0.620874671124837
1.106906436,0.494474495138823,1.10606552847506,0.920069093402348,0.846949611973343
0.069740952,0.288087861172113,0.0488152274130834,0.686002871726766,1.4585517016684
2.056689412,0.588127489761729,1.48340379106539,0.89097061908978,0.190563961653965
0.045384281,0.371826562078141,0.0628149266428859,0.804335426891773,1.262916036292
0.668527467,0.630585256073442,0.696139038164757,0.752899978155829,0.735155883179775
1.086166403,0.549671195296925,0.69081288008363,0.701543769696688,1.11034260527239
1.811553128,0.45282624117783,1.62585467775541,0.753169282612977,0.730043345907582
0.328840055,0.497210089941355,0.275836896293052,0.907039232941094,1.39708613335161
1.22842816,0.624293687368466,1.17905953729655,0.811950907019311,0.459303501456498
0.429398253,0.314382683962591,0.392456129466683,0.791520874051657,0.630200198639501
-0.003779028,0.257116635697336,-0.0125732669489058,0.684508577987334,0.731606731501647
0.83421167,0.540675103869906,0.573482154246249,0.818667331518754,0.773495218973659
1.440399393,0.583164149786393,1.1240731777654,0.995292118691761,1.17982194184296
1.735349646,0.850727795885704,1.38857418613119,1.00048205174959,1.21306254190325
1.134841844,0.833582970476286,1.04802240723525,1.07964464208315,1.26773200079486
0.83872322,0.743427198492601,0.582549250273181,1.18297060993077,1.10014758643035
0.961571094,0.806486597596113,0.917607108516511,1.18130685225703,1.00440650465756
1.046177072,0.543285131179714,0.727558449536805,1.15366171201634,1.22320232304546
1.410979322,0.820998101399216,1.0190239509653,1.17701576315334,1.50044182100774
2.031490207,0.757149415426225,1.75150101952847,1.22188741486946,1.48376719372862
1.813705342,0.431769591939544,1.3422240547663,1.23459223690569,1.20412435563177
0.390463572,0.450507111781735,0.426057077033983,0.988159026398913,1.40394259898658
1.137762046,0.491438479684094,1.37327702468002,0.840913483460834,0.335039798556038
0.038012428,0.298506302074478,0.06626394361015,0.74720926229096,0.633397195657331
0.005055584,0.480191548437799,0.0588187452433315,0.760106768673805,0.777024847770113
1.328222516,0.263299772734096,0.902500947263432,0.634751431418338,0.796778803631261
1.757109012,0.533027215670365,1.75846359720248,0.70502497392242,0.790901495037567
0.32291084,0.405905137165948,0.317070386647338,1.00173221740997,1.41010068448211
1.202748775,0.621479973616762,0.905229201807578,1.05690035487771,0.709273528953757
0.84824073,0.563860811923912,0.654483287232808,1.10913250698121,1.1291110171783
1.121767817,0.562049270054356,0.88744605965696,0.904242310727597,1.12203915573045
1.45202438,0.651383426649606,1.40740719312996,1.21271047140318,0.955364933753338
0.684138249,0.787916088863756,0.599055568975967,1.18798431767781,1.50809308180433
1.715039362,0.669353374770233,1.53140487310897,1.09138310533722,0.932924087130942
1.128993489,0.67946976234985,0.874445185991741,1.09739656949203,1.17191260898004
0.645130666,0.799336672372703,0.725264704681677,1.14488413093849,1.32811564311021
1.437694202,0.814785181584749,1.31188590012314,1.34063037479,1.15740606752604
1.641652165,0.758377521636342,1.42488242418719,1.2406661115031,1.30428677322414
1.271381991,0.856901664772925,0.997268400200868,1.20738404708532,1.45314595439062
1.329618373,0.950735857682578,1.09640043548407,1.4163424809378,1.26322899945591
1.173562616,0.895519462292569,1.01399210857235,1.291777425622,1.3608457015258
1.487038318,0.74024813683553,1.21860270777715,1.12336116610541,1.02999494062055
0.844624033,0.878217335952127,0.792178535708761,1.24977431704643,1.20573624501404
0.879501952,0.787547271854994,0.818794957076635,1.26052974429926,1.20192898195386
1.501809492,0.625092465856077,1.18780647193773,1.17427899499782,1.08692178177713
1.413827628,0.539256701291586,1.457208202863,0.913762401242066,0.986144149898547
0.675335058,0.304827009148636,0.555099545434382,1.0216521908996,0.668657612923529
-0.323665208,0.301824882631159,-0.33341303631566,1.25110886227766,1.05730837469942
1.286109184,0.70900214514435,1.12229407394046,1.12950604207381,0.706218933230957
1.570288093,0.831895219801366,1.21416069608255,1.3330674002005,1.3180640234848
1.558170433,0.931830291089265,1.24598337724493,1.38790353011096,1.55452032111396
1.698400281,0.978336550405194,1.3288479123696,1.42493188993592,1.34145135596385
1.098934347,1.06741238237328,0.841816272006677,1.4787902806859,1.50481931819788
1.321141676,0.995863257016047,1.12208617263791,1.48335796965627,1.29475768583362
1.362676613,0.729002254257314,1.09430678541374,1.30758814123839,1.46924772638657
1.846821133,0.55019009792806,1.63591097769154,1.06017667810166,0.902931995042918
0.428603424,0.579357451930366,0.571209821005344,0.947699419514411,1.18038790573297
0.602844654,0.591948590075873,0.775055479468332,0.884942819129329,0.567099668448603
0.346331137,0.464368464211583,0.442406723413116,1.00537090417141,1.0025696770984
1.37642868,0.51282827563333,1.23963202711226,0.860958714035904,0.95334272556651
1.623124093,0.465747410399287,1.16754118691191,1.08528423253631,1.08614422798454
0.816504049,0.655353107014889,0.566124850862656,1.20810179510873,1.61708962032367
1.733125962,0.765619356906812,1.4727120107219,1.2490741360821,1.12167259660037
1.44967922,0.79718671675211,1.15251432157207,1.290184163312,1.08117622612451
0.349677035,0.583071544559433,0.226581059626159,1.36603978997434,1.57924074515546
1.668500604,0.399839801580603,1.49965670445322,1.48208167596941,1.14573168600012
1.81456442,0.656219408812529,1.34363740040914,1.42637534996652,1.51722360202347
1.613161201,0.698368222517818,1.38682336155567,1.47195162994572,1.44097158040815
1.153576767,0.617155857372961,0.865463654775214,1.23140487024307,1.26673638924906
1.006166572,0.750828534962689,0.95139336061298,1.16192863400597,0.753011662266386
0.084931185,0.554664474776944,0.189700813746102,1.27410261743224,1.21280592147905
1.40462477,0.658461877320332,1.09843618789139,1.13163538212658,0.755695387221344
1.250920722,0.45632351900451,0.980356981266898,1.09866440702992,1.34770053747175
1.573376416,0.65055179533577,1.41540227428094,1.15235073799862,1.05675854909479
0.770328408,0.983420842000068,0.976000491057749,1.43479471638589,1.46638675071412
1.407483212,0.566709966425327,1.12881280432297,1.25693163658247,1.14799868904798
1.555059177,0.445134465882821,1.17441596833479,1.19683003734446,0.966928311508841
0.520951179,0.631864011364612,0.683979500266553,0.947032944442119,1.3009803662811
1.182725475,0.622204543634979,0.836827253888929,1.027775123338,0.58714911732859
0.375254953,0.519352022657254,0.281039064161508,1.06793457548369,1.16799166207296
1.233405395,0.57238341734983,1.07181083777543,0.928170885882773,0.847766759515439
1.225284581,0.848687644951652,1.06885184587923,1.08501582763756,1.12433843561925
1.066019209,0.566932944391305,0.684557359878758,1.0916196535523,1.34286855025665
1.412616293,0.610201791912155,1.23716564661603,1.168316546184,1.46155226795213
2.09120112,0.138883621632007,1.36629303176621,0.883789435541208,0.874916721576519
0.431938639,0.582266493256305,1.03924506664563,0.848725562553828,1.05399983952794
0.058108646,0.404900336687127,0.31575875871889,0.835747057427832,0.587297852085161
0.484965354,0.392453126368687,0.487610793125791,0.636148840903402,0.400820091718212
0.633069822,0.166113165843188,0.563462540017396,0.65991595700497,0.599136850325724
0.646306535,0.324538146972784,0.406888125920177,0.745064879997684,1.01632554867127
1.370369782,0.419939186868201,1.1445295233208,0.697082667461218,1.20161768710008
2.091558761,0.559682662105706,1.83159759696082,0.740406722304167,0.582588364535227
-0.261474342,0.173573639692978,-0.295097417110274,1.01584081997007,1.40555883328461
0.817588623,0.449556527292041,0.636199881918328,0.865680484146689,0.533363021904402
1.094954152,0.386144565441081,0.747577298616729,0.860887767449014,0.5636949627853
0.19495345,0.223837557368913,0.177912090359442,0.651397641480482,1.37114268423579
1.990440364,0.467428637077538,1.62343937414968,0.674405136585302,0.206407213952279
-0.055446627,0.395283853057554,0.0216039701703907,0.84736365073506,1.33288777864324
0.961981435,0.461394708976079,0.776892705973592,0.668221859252287,0.467186829945604
0.675540789,0.420112300873478,0.462242376691373,0.905612127031606,0.912492722437326
0.914871987,0.50659121796403,1.05680489913433,0.820114625220641,1.00935577075158
1.423232043,0.894545517857711,1.45467826889001,0.912433740010661,0.799298563081463
0.633996959,0.503673816518903,0.722813666184725,0.948971955398207,1.26021507263908
1.24513878,0.61558166007788,1.22265079113809,0.889246803405666,0.769739141548791
0.77620324,0.457705290208844,0.897306085312484,1.04947797814298,1.04946246973728
0.791357418,0.47305744247648,0.867254946036085,0.795805734560674,1.27374614055765
1.952177048,0.434716899813295,1.93368140686854,0.835606618751852,0.57513409129761
0.280954286,0.371945046446029,0.222791462180519,0.810123863367644,1.268088381779
0.792082175,0.393342591554357,0.841871064784959,0.745843732194805,0.532424427730795
0.526399371,0.418106965432496,0.658646903163274,0.71708388066689,0.747345262479957
0.786104974,0.419310471811692,0.86191214119219,0.587125925402795,0.537829202686696
0.447293992,0.435360087498376,0.547259461369571,0.776595703899803,0.828329361285181
0.796431811,0.396991652725401,0.745003417852869,0.851983966886933,1.00490412780887
1.510352236,0.368219641189733,1.83126675857252,0.956342987038199,1.15219800195815
1.77105208,0.37271537557885,1.63185117752709,0.762416857200293,0.858128677873611
0.282466847,0.370705035307768,1.1197784626584,1.0772738017321,1.12305668091942
0.498520768,0.397461023477511,0.587756670625617,0.829613713771329,0.606977521424185
0.757439919,0.316911840980928,1.17932003141805,0.75858692176268,0.491865705639477
0.517938434,0.213620350233593,0.540852786269932,0.376823567324247,0.50968013749423
0.270329767,0.305544052446254,0.364687735903361,0.538356140453979,0.510715030583264
0.297672394,0.332814044953656,0.425040819603945,0.537894493992089,0.890993992113566
1.647838631,0.700669105662834,1.9433659366936,0.351473307737488,0.381439385835775
0.505885865,0.213805697096325,0.483222877170279,0.359870338239769,0.832951487029694
0.151110227,0.176238119236287,0.197376463085271,0.576757391533759,0.629379170435568
0.453322785,0.418785906155764,0.725230984522177,0.744114114356032,0.868020319681826
1.496020548,0.308439541395344,1.5704309086505,0.617288010008745,1.00592814636809
1.878206963,0.236568882170475,2.48289279062475,0.676381857652274,0.654414656594179
-0.147039227,0.0891010743336508,-0.080206613030174,0.709459621099864,1.22937138754495
0.704367792,0.299694740133038,0.822336541296916,0.484469342745478,0.283318672302913
0.423173379,0.134830728772972,0.34760309465172,0.446353877695768,0.518357413495019
0.392203464,0.237515778596719,0.459864083125681,0.493765259503424,0.502687465936803
0.514972855,0.32243104552412,0.64847091820157,0.525576731776083,0.5835703603218
0.862379092,0.319301600988316,0.966420439712239,0.356303862592332,0.358549093832999
0.239973806,0.0952573873585076,0.353283693068763,0.389721018942469,0.45494853772837
0.116389187,0.140743453657539,0.372960813600468,0.369134174830744,0.173165002119028
-0.067551526,0.168387336710674,0.315750976344918,0.425274938645541,0.336059600629324
0.502114796,0.113155056959235,0.607395588768199,0.286826510330702,0.307920428822079
0.684191429,0.283272224328771,1.0330336178927,0.238300689592116,0.442785586446751
0.569436791,0.257795487011456,1.11218123069362,0.297715324109045,0.255806416653054
-0.239414668,0.15374600442995,0.2314731952208,0.593606431042543,0.524964083221678
0.38565654,0.285037910002758,0.596869103875931,0.560889842296092,0.412988047718552
0.917397226,0.370217154072438,1.24949852796394,0.411070780382181,0.696952388002736
1.232454176,-0.0565799772142948,1.12115540869282,0.362767192158638,0.532771155104832
0.225030363,0.294947495196518,0.521997725083169,0.565856569058691,0.745420031422854
0.327831368,0.314161501593103,0.801926990515885,0.47600457380476,0.318735305773232
0.340203273,0.0289785760820259,0.560741550851271,0.415883192093556,0.10448131664173
-0.17716303,-0.105985814980076,-0.0913150247438279,0.233511225958709,0.255758126979444
0.188010164,0.0225095709237947,0.501575251363226,0.0755611639081621,-0.00843559763663194
0.127973691,0.0102986885009146,0.431516076336483,0.0584553731746186,-0.0138633397498552
-0.203057145,-0.204958014228336,-0.207345950072927,0.0425247259548743,0.0657152543881289
-0.040408314,-0.0399054456260932,0.236701221732716,-0.0303136355392301,0.041366397848221
0.33965401,-0.0727163633909914,0.541658149458702,-0.144176042239472,-0.204857595111954
-0.447005205,-0.0799537485456327,0.334666544525264,0.183025024499154,0.232193781026365
0.112667502,0.093640821674105,0.602522077213428,0.15961800612255,0.125973302425829
0.487436828,0.167900759305863,0.763281310840122,0.331195655317488,0.607922094046413
1.182266187,0.159803032799429,1.31401371829569,0.457246911754547,0.763165301239219
1.202898276,0.185960893041846,1.12328838348759,0.569611349861312,0.809708746244611
0.596454623,0.345772542547016,0.658584258647029,0.733353134730247,0.738865703224911
0.231273253,0.250559275240931,0.502001473158214,0.731474633810777,0.670303964907231
0.740425505,0.290414611939881,0.970442082874889,0.480264127210347,0.238939702404256
0.143084588,0.130776896439438,0.300995547359751,0.492473691050469,0.527196665968502
0.363933864,0.267632045238466,0.768651542889771,0.435306124658273,0.347554503732886
0.456831997,0.223932893682069,0.777441872057019,0.555864214566725,0.451584381264195
0.503759566,0.213631654733218,0.866874602960316,0.504478105833499,0.660620179963524
0.930813975,0.344853233544066,0.921565780122162,0.562574985653979,0.547974860545553
0.471642388,0.361387863918547,0.629346714189977,0.616509841042593,1.10232959842263
1.596247199,0.430317360624401,1.36084422246242,0.350658821516843,0.206904819483153
-0.096357327,0.0633061087050958,0.143713024285775,0.417439438985735,0.601764081573108
-0.248495864,-0.0693695954100753,-0.207320473920793,0.313084231464524,-0.00530013417061589
-0.293688896,0.0295050376134716,-0.0991791876951428,0.404895170043612,0.255971266660381
0.693640744,0.295999286900676,0.618811872814393,0.153916843069809,0.239192343681651
0.733719713,0.222670913117306,0.368926606321642,0.307936441508096,0.717533197371212
0.801207367,0.47193093696255,1.06209068816819,0.436985377862336,1.03995502587384
1.722127499,0.621254327406164,1.65743375339119,0.293712754489588,0.0943033665156305
-0.647044548,-0.266262929420438,-0.574745369520829,0.371580409761605,0.630175829267587
-0.38898316,-0.193609908898013,-0.369979084658907,0.0111848828354854,-0.126296780013742
0.100505875,0.0682866282814158,0.236917601723028,-0.0351557883081094,-0.272948192813289
-0.318195492,-0.164302657017223,-0.274749542381606,0.0121964558372376,0.355028324460748
0.637499901,0.015775444627605,0.624894280591214,0.0157300257476348,0.331520403054388
1.105223825,0.662936700477552,2.00870446388267,0.472763251323053,0.216890114908034
-0.248808957,-0.100713466862789,-0.233920052756517,0.173511738659777,0.985507629529657
1.139519067,0.489206855913892,1.32891584081712,0.377732846145314,-0.0708955054383384
-0.101752194,-0.0332842176531368,0.0790214570155255,0.227928905676458,0.492916338552391
-0.050951819,-0.0478376720860302,0.0467182485826412,0.203838874682783,0.260310035470248
0.477704218,0.270854189964287,0.733437133233464,0.395209856436767,0.172805079998579
0.220492503,0.181494484268064,0.969839423381896,0.241434017263988,0.843356455159012
1.593752686,0.497204748948754,1.65738758531889,0.312458644527481,-0.106272996887946
-0.759444069,-0.25014735721621,-0.742258209134905,0.712571031887091,1.31415251871503
1.46756627,0.581542053369579,1.39786561256241,0.162475289963571,-0.255398094589886
0.00798278,0.215541259136463,0.241991928234187,0.126774539200926,0.321977092766527
-0.311614574,0.296793774492853,0.196077621575256,-0.218721686665912,-0.818590808034529
-2.151297479,-0.41035262277566,-2.21107150380199,0.084265103112869,-0.0937515247589456
0.090080597,0.504318763439987,0.228945887481665,-0.322146808837153,-1.02126428517545
-0.390824207,-0.199964045325535,-0.267555772426355,-0.289938466186622,0.412489052041356
1.268046999,0.248890769231877,1.09233458166416,-0.618560903141579,-0.347498100191307
-0.338269817,-0.171185971733142,-0.303335540806752,0.0123715355204204,0.36296031571242
-0.529841393,-0.29604972681783,-0.541454032744725,0.169142782870438,0.442405130867743
1.018498632,0.562676389938528,1.0805192985618,0.305702752674235,0.274860971201248
1.030520042,0.587066432790554,1.02656801651798,0.311324177134225,0.878212153152839
1.057325964,0.449970165913563,1.42606575032056,0.414970333182642,0.705818480415177
0.472186489,0.370658718608512,0.455618019134765,0.60658245983232,0.573950648198955
0.109597954,0.00787305548816182,0.105251791486094,0.659017950388741,0.301740923092139
-0.209784637,-0.0828062469107408,-0.88597479427641,0.707463927356487,0.832469108364045
1.618956608,0.463233710196923,1.51089687511315,0.477566667911227,0.296315146215638
0.749733511,0.161171275127614,0.807666712386878,0.60000399118224,1.03383788605669
0.832994528,0.195576763190193,0.618598209011227,0.285901981239822,0.440912904770658
0.087365164,0.0674374352092442,0.18872345301335,0.420730665457282,0.307953445976134
-0.120790134,-0.183679244171206,-0.127957254347762,0.0608800413750478,-0.284997970236464
-0.890871095,-0.224479862019752,-0.545176421606225,0.196207726174524,-0.0764360963458966
-0.165120653,-0.222617326772823,-0.260229334252733,-0.0934937954304171,-0.183256233145882
0.499359367,0.144561270248483,0.444884769835782,-0.152803080949332,-0.203342320748519
-0.467248646,0.0522417652722188,-0.435374944487072,0.267380079732371,1.01357236577865
1.791431402,0.799500123653987,1.74544352977995,0.22434439607486,0.224381927805038
0.87074669,0.281803936022798,0.734352088613109,0.433823603190577,0.895649292561364
0.309234227,0.153975800206085,0.584885858910341,0.462890842827336,0.668805466677876
0.463836238,0.145828130499281,0.477333895445488,0.354276120471253,0.144562784208476
-0.108248879,-0.103948651431505,-0.0507520101974434,0.327307443831594,0.141214073639822
-0.311345042,-0.0945042648543181,-0.0412536264614904,0.254778089865033,0.294143155413239
0.70200518,0.044309197115948,0.7333838086698,0.11738097267434,-0.0839672076172699
0.054242586,0.146234795287607,0.890617477046901,0.206403575097961,0.465324890429361
0.52360308,0.197758593810005,0.479932400330103,0.111834013438726,-0.223026684923029
-0.637798672,-0.0168518300052064,-0.288283435972665,0.477176645136946,0.464499917810026
