630
-0.36525184,-0.309280533609036,-0.44799054983708,-1.51758455421295,-1.78667876407489
-1.967800684,-0.776116037804366,-0.615083786929574,-0.475791252369734,-0.578704036804739
-0.852809854,-0.677871863707209,-0.787990404068365,-0.575204902495978,-0.988158303076186
-0.307508008,-0.0562522433184763,-0.296742552715708,-0.655287238671291,-0.403458428548399
0.305753037,-0.0141996550550638,0.425432227716809,-1.03511719440185,-0.480264790844503
-0.407352199,-0.32963194223852,-0.504645354954251,-0.633115895782408,-0.584898069362494
-1.575011283,-0.541938712673207,-1.16025909774372,-0.162707314690296,-0.256630600663526
-0.233774421,-0.147500625679627,-0.414492092274571,-0.724814124598614,-0.68676841309317
0.195003292,-0.0992842952057214,0.537706350321101,-0.833020113605829,-0.71375052113579
-1.111011668,-0.215062866759931,-0.850256790229231,-0.455818447518517,-0.202843449446398
-0.590786156,-0.340122195818718,-0.807258079001056,-0.356727685151829,-0.492073526337879
0.014509425,-0.0296006122677254,-0.249289586636431,-0.624584626056318,-0.546726395478236
-0.407994225,0.00131411009792469,-0.335752542109923,-0.701296783996823,-0.392611113666594
-0.572944751,-0.0228150353729807,-0.643492585598491,-0.548363593343649,-0.894550527681146
-1.577302058,-0.666865544711336,-0.588948462399344,-0.440815385568422,-0.567045806154831
-0.562560225,-0.147989615491572,-0.504269194995672,-0.801153977231724,-1.09421173490152
-0.704821855,-0.207458966240503,-0.870574424225265,-0.920227117331628,-0.903886840127103
-1.141320839,0.286604097677792,-0.167994385005838,-0.893278765709748,-0.838568681649906
-1.001384378,-0.497909153669889,-0.829897757261921,-0.828820807543934,-0.948124896025919
-0.804816749,-0.415366258496739,-0.773766640671629,-0.87169100120271,-0.961481347219091
-0.946556363,-0.424139056894696,-0.789359412204523,-0.752962721148861,-0.770849410911033
-0.756811272,-0.342521511322887,-0.679889272636365,-0.813706508976242,-0.673264671296497
-0.313838289,-0.270123453883057,-0.386310846026743,-0.869588747037675,-0.890795873119833
-1.007149338,-0.308172098206812,-0.485403441424543,-0.84949092989168,-0.667892625922968
-0.909764651,-0.575075478738228,-0.871421267263411,-0.812257296474427,-1.0513744638532
-1.263331426,-0.613370919264431,-1.02259092543255,-0.742191272012089,-0.839227591248312
-0.728761561,-0.350481837731784,-0.681711584637224,-1.04779410261277,-1.10094471926623
-0.932332197,-0.537873766837588,-0.933393347921013,-0.952436286496096,-1.06362342207781
-1.390415356,-0.661715353414245,-0.899184795978724,-1.02291137222206,-0.93747421402156
-0.915011216,-0.637531425807557,-0.878473176762862,-1.23248074063518,-1.27443049105528
-1.160417454,-0.423313228144076,-0.578971876065499,-0.876564257476559,-1.29997096599846
-1.903140165,-0.634064544503737,-1.39160387315099,-0.799928184178694,-0.588286406798277
0.069564015,-0.337178083354752,-0.384887088264499,-1.08520974119986,-1.23726362233244
-0.677042806,-0.314045121032553,-0.88074491233311,-0.981448151394196,-0.475674736647242
-0.863857262,-0.117557640396288,-0.842330077980553,-0.493419271272525,-0.330295898482095
-0.036089107,0.0196339422874641,-0.521856414829958,-0.211174611620169,-0.489755636518102
-0.737011875,-0.534842880353065,-0.65274664972453,-0.75288566085534,-0.768606034487333
-0.77841551,-0.668871927589376,-0.854941153922822,-0.778863909735891,-0.803610292666759
-0.885989865,-0.599196675564487,-0.778119400696255,-0.763478897016008,-0.772467582077799
-0.771553094,-0.552792440396958,-0.649811494629126,-0.7885637953799,-0.823519946800296
-0.781928933,-0.531342263167765,-0.70360997485345,-0.829027677766288,-0.771233838035462
-0.679316986,-0.600377796946894,-0.669688107004771,-0.872787549197053,-0.987570413953757
-1.255777082,-0.893864849976935,-1.11158053943104,-0.744083035877443,-0.764717943455632
-0.867926636,-0.624300675763191,-0.768589341945321,-0.780545177202102,-0.908519633886163
-0.609666498,-0.441862147206016,-0.57332998368975,-0.839311071106202,-0.880679181518415
-0.849196255,-0.323965900710554,-0.710903944770787,-0.99947607483702,-0.747782528265913
-0.734995405,-0.131917105794169,-0.705569423231265,-0.855918706378536,-1.12870261426078
-1.748158615,-0.126173208646581,-0.652887604083332,-0.591983067513031,-0.211441969729948
0.53925535,-0.561449369795895,-0.593417422165646,-0.984258582898211,-1.24437955602632
-0.913314841,-0.145550203003804,-0.75790771432747,-0.675150097736974,-0.27151717209241
-0.764991804,-0.0371796418239246,-0.611741758103068,-0.723814933989348,-0.743575566937722
-0.811278692,-0.112306507808214,-0.72059848256703,-0.488054092069293,-0.561012298965421
-0.243261199,-0.25012010742706,-0.676473964820946,-0.719132940029924,-0.913617417899531
-1.144321365,-0.464745974201983,-1.25502619354622,-0.622389916617091,-0.332600426586388
-0.228802633,-0.249422493336408,-0.564529581391285,-0.750811216822471,-0.989279651191562
-0.985236395,-0.301826535600241,-0.860148689654483,-0.600748079372664,-0.57129202722702
-0.825978656,-0.37366147651283,-0.753953358904828,-0.791031466634677,-0.754088770956756
-0.56390788,-0.409327663331038,-0.569689483699449,-0.73549083561824,-0.881828363733696
-0.946670803,-0.691068858202399,-0.788680784698288,-0.813437758430654,-0.713811587348136
-0.820547713,-0.631958851136696,-0.752651793639762,-0.818476966222316,-0.866017073617625
-0.85060977,-0.523505353844623,-0.756058436302434,-0.71314431466688,-0.79480787819251
-0.818593511,-0.437379708219687,-0.686820792765761,-0.751741628684773,-0.63057911658626
-0.357259601,-0.35731910039958,-0.520899569665023,-0.82559034836639,-0.777216597560798
-0.675224222,-0.609509150632264,-0.94946306014312,-0.811002713794587,-0.738649873117301
-1.054749273,-0.529761789321864,-0.903631616199154,-0.757001975026178,-0.831135259355882
-1.06011049,-0.396430180181159,-0.782055143733788,-0.699808540570786,-0.906731661026371
-0.862364709,-0.312376094698856,-0.529974928952613,-0.806962266586024,-0.81897063329001
-0.550504462,-0.324292436232539,-0.446088849728654,-0.888316601923874,-0.845484909344332
-0.79954368,-0.528542532605676,-0.728031443046066,-0.857644391241214,-0.703615642681853
-0.782493974,-0.510568955220501,-0.703479052570042,-0.819797101734294,-0.853587355970896
-0.965135299,-0.665138116063738,-0.877296966206954,-0.736084196512813,-0.780100107191248
-0.806606407,-0.571976485980996,-0.723230675886372,-0.807930967136973,-0.782056152304004
-0.586047418,-0.405344225934993,-0.549958990297999,-0.852960159823071,-0.84155652185751
-0.86204452,-0.544226918491818,-0.655974766710199,-0.764992336861624,-0.724795860258606
-0.853727243,-0.617918204786464,-0.766119907503663,-0.736897393503122,-0.752470254811177
-0.672374078,-0.588305595803425,-0.654061118741987,-0.732918674258585,-0.782537920668374
-0.723978195,-0.524795785265616,-0.687433894110104,-0.718324350878489,-0.683198171933007
-0.685842123,-0.553330133180948,-0.65551267081603,-0.693146236431991,-0.641786798147765
-0.56361381,-0.314789660210202,-0.514377039392521,-0.583445393297839,-0.626383050246192
-0.643160875,-0.396264693199506,-0.607576018385113,-0.546755822963948,-0.341584274454168
0.022719655,-0.198730418584289,-0.317109887270623,-0.695008655964471,-0.716440834610447
-0.807867578,-0.370512751848007,-0.680367667258737,-0.431541378981707,-0.411388554881923
-0.828351923,-0.549265997692072,-0.74510489782722,-0.471346383981791,-0.492068491772852
-0.236854857,-0.158971063868949,-0.262335597957603,-0.565605667430801,-0.687036913211818
-0.568467453,-0.308568789297248,-0.523055279600064,-0.412852732923449,-0.43489487098931
-0.649364348,-0.29026826784412,-0.60010138075762,-0.39183194433944,-0.24983110703804
0.157485754,-0.0875761927738157,-0.187930537710878,-0.542421652866686,-0.655873890305505
-0.663669913,-0.435624403850857,-0.976016242159993,-0.582613684586389,-0.36671956824166
-0.768906513,-0.38781798917448,-0.765640317246685,-0.628721616018571,-0.675870174922594
-0.793361323,-0.280813090242034,-0.630738543867138,-0.613293994069829,-0.765852063871043
-0.793846809,-0.529738529896154,-0.648754952889395,-0.752981432343769,-0.79111992127766
-0.812583127,-0.50505567125631,-0.743999353261581,-0.754499985837338,-0.751525719018372
-0.713404984,-0.526695849843359,-0.648339934146978,-0.788199322125491,-0.751956920298142
-0.664815294,-0.45331038488522,-0.579166917072663,-0.783848409493609,-0.794542994506981
-0.87982777,-0.731893865583287,-0.773014754153491,-0.784581083791025,-0.715038687577515
-0.727994217,-0.602379240331061,-0.648167107014965,-0.801594819620311,-0.881213387952054
-0.927571948,-0.704374470447438,-0.798324102237862,-0.764898334055491,-0.789650579946353
-0.85795258,-0.68244616399732,-0.721136865127256,-0.762560262330027,-0.796478972974416
-0.705661504,-0.641786097917764,-0.681709171437154,-0.757410249199893,-0.741436802822801
-0.613582712,-0.561040068301541,-0.577562506780185,-0.746331892172665,-0.688110636873282
-0.645380618,-0.551465734904576,-0.585525095697446,-0.685185337932454,-0.642772452868599
-0.649595558,-0.5670032894381,-0.593674895440432,-0.663804484615903,-0.66313310639965
-0.674334171,-0.561977500176868,-0.604051237204695,-0.669395153574361,-0.690572112513984
-0.728690707,-0.627560626332728,-0.703856767652001,-0.703230174437678,-0.712378285618361
-0.754464162,-0.535346125209658,-0.630821030880096,-0.728080918629048,-0.736649768663993
-0.727721464,-0.572064185518827,-0.682121842182171,-0.752244616768203,-0.823934978885666
-0.918207829,-0.599963879506557,-0.755953548953098,-0.766050135668978,-0.759119345441399
-0.780141069,-0.673666239671339,-0.765931878038564,-0.817200245137775,-0.858902644203803
-0.828110543,-0.590612546559155,-0.685915867618968,-0.815775956121003,-0.810919350666294
-0.821229279,-0.625858556592677,-0.735355378702144,-0.839534630228051,-0.835524262092702
-0.85096204,-0.620254632607972,-0.776765005881351,-0.801379279994878,-0.825096611397039
-0.847127073,-0.642073725886501,-0.728578653115828,-0.823386007175877,-0.785198508297879
-0.693516557,-0.654905698939643,-0.720597638814894,-0.863447293947876,-0.87139037765149
-0.918288874,-0.409427328635538,-0.786540369412241,-0.765610809490111,-0.742320639548488
-0.842106339,-0.326324520667844,-0.760827638392562,-0.7866746499472,-0.618373601202541
-0.26035782,-0.151219231047488,0.147079723463165,-0.832887332068112,-0.849300459620151
-0.835316781,-0.467148344244331,-0.83548685171529,-0.885696367132958,-0.639464719642946
-0.896150493,-0.260713400716244,-0.535229263070743,-0.810238587479099,-0.943131051562052
-1.188884129,-0.442025541868761,-1.01406726660124,-0.713408375733451,-0.816034457482993
-0.771460388,-0.449871155008121,-0.724177784379869,-0.75710478013741,-0.905083133004835
-0.722370229,-0.287225386334821,-0.659241430512782,-0.786618768863994,-0.59411822588882
-0.246705917,0.0122932919195687,0.0528960174057676,-0.946714950940959,-0.874162587834737
-0.999617865,-0.323292905151575,-0.421177118817864,-0.708231088905802,-0.695368607550457
-1.149038539,-0.283828047040035,-0.930947048344844,-0.684723646983876,-0.761052481252716
-0.580299527,-0.428217048233185,-0.637307883226646,-0.83593698385104,-0.992838353069716
-0.891286779,-0.395798935727829,-0.697171962560509,-0.860016813163147,-0.71916392868249
-0.734637703,-0.438848595466017,-0.730441955717275,-0.901818475531111,-0.941339923747943
-1.056573816,-0.380584909969169,-0.886492012834475,-0.801164651902636,-0.80306558797373
-0.800544246,-0.472231793659133,-0.693096554928214,-0.95944891552853,-1.08118039184145
-1.175328982,-0.541966333535593,-0.434205575259908,-0.795227912867736,-0.923569188548191
-1.134072685,-0.594943345043671,-1.03116129536418,-0.791394693099652,-0.73220811269072
-0.272082366,-0.289018227274452,-0.275435731612043,-0.863076948271004,-0.930557729508158
-0.735946482,-0.247666249350035,-0.55295787685498,-0.690162467777859,-0.543777573534436
-0.694298581,-0.434283119678905,-0.598166800420812,-0.733422704556659,-0.663769884639187
-0.573478091,-0.48184170992652,-0.541762762541638,-0.707006797191663,-0.861102047622436
-1.118219981,-0.603857209299579,-0.864200295478962,-0.540361874344715,-0.557939050156733
-0.574195827,-0.319903647349982,-0.490319202690526,-0.652379400910927,-0.641007701929949
-0.170726014,-0.294398707215978,-0.347171701487382,-0.69698011678672,-0.647789513262779
-0.669067659,-0.234576093478893,-0.518432806141717,-0.572974410462768,-0.397229363698498
-0.562766343,-0.352655860693764,-0.470227219741122,-0.469355395220447,-0.550640723851183
-0.525255076,-0.396109689992285,-0.533113570530895,-0.525970889302736,-0.450762580156598
-0.262257908,-0.286609613971297,-0.37215616119492,-0.653100543719894,-0.631005448201978
-0.713072165,-0.545313687392941,-0.702764511076584,-0.625254317750761,-0.564930421008766
-0.833600169,-0.570308179648774,-0.763903496260547,-0.619441817485065,-0.721192250092325
-0.820299536,-0.572146511241869,-0.75386960778464,-0.623978565606129,-0.71489051985118
-0.636465309,-0.485614854771814,-0.589800934528488,-0.681754307805282,-0.684014437596225
-0.588679082,-0.442106356169223,-0.530386282373999,-0.721850113085408,-0.496670116340504
-0.280105468,-0.234831159865457,-0.4831050628035,-0.541028028905995,-0.605210829269957
-0.724881656,-0.313874549478917,-0.664263095544316,-0.409157618454737,-0.14516975172637
0.134017245,-0.313761009602575,-0.515208996174231,-0.58202596286498,-0.586880299668456
-0.466905862,-0.136242996826104,-0.54569978429016,-0.593451937514942,-0.364774260155097
-0.677647604,-0.361449571020457,-0.631838365369024,-0.818264244121315,-0.756426535666427
-1.117670376,-0.317341642609928,-0.880195928722464,-0.728476444532286,-0.877884545345828
-1.172907289,-0.562995643133343,-0.830031724116608,-0.825723231829348,-0.934472042657328
-0.838933897,-0.648497980500057,-0.807241504092361,-0.866332883767217,-0.945215749615197
-0.752286536,-0.499170586826784,-0.700124512164616,-0.870954876452031,-0.767063064879726
-0.620347219,-0.444960442959436,-0.555396520089792,-0.826928515460367,-0.788237162169617
-0.849325186,-0.620772849276072,-0.779911881725743,-0.712093262251196,-0.595308316854527
-0.497887014,-0.322226347212785,-0.428140593208701,-0.747626605105815,-0.823278590807346
-0.842446129,-0.549848322129587,-0.705738933548902,-0.698699143580613,-0.646603042377381
-0.759502652,-0.330480869803863,-0.62539187493983,-0.662420853560213,-0.737844876117659
-0.742731131,-0.374037904458826,-0.631235764213869,-0.557318309137023,-0.537377129222462
-0.353636416,-0.330536207272925,-0.67886633686341,-0.709221253055854,-0.402828056243206
0.05216153,0.156622689934811,0.131185903784794,-0.516424471416405,-0.552605951156959
-0.796075009,-0.30239781054036,-0.699020603473371,-0.480090965831261,-0.0621362130492746
0.058215292,-0.10656035159338,-0.248764176083327,-0.662338362259495,-0.86064106960048
-1.068262623,-0.577098647149377,-0.65570033426456,-0.539710982078646,-0.472599222480608
-0.971011939,-0.205031207707231,-0.835472586218944,-0.509458593420686,-0.682735612888599
-0.522594254,-0.24479073784898,-0.445067079126293,-0.530132774567987,-0.49930978409988
0.057415074,-0.354129353353152,-0.344799989005062,-0.708029692961125,-0.57657442730682
-0.604861592,-0.14695478907795,-0.537303914742436,-0.413156292195854,-0.187619673700498
-0.338225994,-0.0975319658726168,-0.279076962441582,-0.442000348771478,-0.421190832929506
-0.270332434,-0.197387483001498,-0.371921530720913,-0.429440770536597,-0.49118024014051
-0.629885477,-0.130482267952051,-0.393960750856054,-0.475286768350922,-0.413956079457584
-0.494551005,-0.0579823919212397,-0.327719764324914,-0.573975547647433,-0.698962590060477
-0.808677495,-0.253532075366922,-0.347364077769899,-0.605976800812182,-0.69507003188691
-0.917298746,-0.304244563462389,-0.722442024488054,-0.685796805577013,-0.725933714588
-0.696239115,-0.336851407602284,-0.575687789457895,-0.621341778464039,-0.769047793070138
-0.695656218,-0.38607217959807,-0.657107934824932,-0.657464803912794,-0.538083891097192
-0.29565554,-0.221711437512949,-0.374681093842638,-0.718933562239148,-0.679740086032103
-0.76239026,-0.378444646256257,-0.710641647877573,-0.541746099635246,-0.215597799376326
-0.040669302,-0.0791012855098992,-0.0930615304577573,-0.575091511472816,-0.48518128490649
-0.198977495,-0.667115673063154,-4.06506635766305,-0.44221160017553,-0.402510126273957
-0.722476612,-0.342761937443791,-0.666062903771375,-0.401154915585107,-0.266971864021135
-0.296329152,-0.302928896947283,-0.470451457170219,-0.473858549123796,-0.62808306923614
-0.600548168,-0.588003943330954,-0.740642123766224,-0.533279458643989,-0.517761306778808
-0.529470883,0.0210406198940362,-0.546634680539452,-2.0818577005945,-1.0720200145161
-0.800092286,-0.012717515651679,-0.713927365591569,-1.86790167532594,-3.27164823933622
-6.943056066,-0.12551088582542,-0.928853716140631,-0.697324931468324,-0.736195218593659
-0.722099331,0.0273151280224694,-0.649133254335393,-2.49107142175067,-3.33573208076491
-0.647817308,-0.672857975345493,-0.697039949520528,-2.24233890637157,-1.10738885693955
-0.550662106,-0.0309330049956414,-0.473628943434772,-2.15968384867616,-1.15735993610458
-1.671794511,-1.118718686653,-1.18591978254424,-0.70534126427626,-0.677567550498781
-0.784701282,-0.520883741938645,-0.668729945398312,-0.923807468404553,-1.09886446857297
-0.681702674,-0.501872004531967,-0.65119637382204,-0.812465198707722,-0.811504019176269
-0.759226529,-0.385077226918842,-0.652620538690787,-0.759451534133721,-0.639140381817613
-0.539908018,-0.310567831000783,-0.463588765592049,-0.674503510095347,-0.729429681234918
-0.739271856,-0.480112999935139,-0.725748251333205,-0.664289287088531,-0.546334460148371
-0.42620102,-0.26432747723362,-0.343745803745031,-0.708021637219477,-0.885689449104457
-1.143991662,-0.914890366758683,-0.984962847656947,-0.563478198862973,-0.517518309648387
-0.566017678,-0.391028903440074,-0.586804609606272,-0.71918701428745,-0.803302326571668
-0.521246869,-0.358265528399556,-0.596300828094806,-0.554871036467111,-0.721014407684698
-0.939920482,-0.312784469088533,-0.731691130969595,-0.492850364434758,-0.288194190486856
0.032265742,-0.0397198498879354,0.0525485146224376,-0.606301771935114,-0.657131468467538
-0.407741964,-0.250164565181114,-0.626420175477044,-0.360948608287709,-0.345157053297756
-0.656827923,-0.285224314982132,-0.832342285542695,-0.744736784911471,-0.272687687011707
0.138804875,-0.203782321674153,-0.759180137249935,-0.712510601723429,-1.31037077937666
-2.261238057,-0.646265536163879,-0.913524857619286,-0.26767642093788,-0.273420516015431
-0.750437817,-0.00444939742653259,-0.682454702512101,-0.287937184321506,-0.74274746177052
0.563050568,0.0616571606361561,0.102007469931974,-0.651857548936444,-0.615868995928018
-0.213150163,-0.319929126924398,-0.787678582971744,-0.678445377653888,-0.246580252751627
-0.86401182,-0.309723732506436,-0.776406513706403,-0.317170107404017,-0.393723977912844
-0.673463599,-0.312651955455061,-0.943198806833205,-0.26664744744673,-0.659807631376531
-0.6270901,-0.263468456632426,-0.504425830530366,-0.586412230733209,-0.451474989815087
-0.095907151,-0.0735862433871929,-0.367027317997346,-0.860980320516113,-0.771401234922009
-0.835920325,-0.500332095611109,-0.605117123660227,-0.753460480098531,-0.743393169028002
-1.370701102,-0.567879262655259,-0.824162722964744,-0.755277652477472,-0.850801959600887
-0.922410007,-0.538204683614966,-1.09814411374079,-0.858184423492833,-1.23918022254112
-1.231512614,-0.791290595549772,-0.923234261983486,-1.11000955517614,-1.00728403804016
-0.994734219,-0.580538172566942,-0.809404992157409,-0.989985878660951,-1.24227397261601
-1.483776496,-0.612886893709507,-0.929484240542959,-0.735278991980739,-0.612728368916863
-0.162983197,-0.375382161299625,-0.343209073734115,-0.939893401887967,-0.91543536424683
-0.265758725,-0.099612233757578,-0.605478189840906,-0.939413076010639,-0.80859975745432
-1.127565254,-0.380116203277,-0.813271114089505,-0.768724789516168,-1.16592934975157
-2.334546104,-1.02439154298682,-1.7510533008553,-0.529322934075491,-0.72992989861287
-0.480740477,-0.368807792775662,-0.759304811943083,-0.566046320381101,-1.2374710903408
-0.505644943,-0.0439333953782382,-0.316069984822737,-0.526784065910399,-0.0660095963657112
0.753998288,-0.0732692317190863,0.297569928303339,-0.765662119862032,-0.417039443161278
-0.184794547,-0.210067356614496,-0.43760814858384,-0.509311364335797,-0.179634546323293
-0.984177707,-0.355103573800555,-0.924555071072013,-0.0551675637634319,-0.312551542398579
-0.966332377,-0.256066162618824,-0.861428513235048,-0.0296812409477716,0.473894760195703
2.159838056,0.269760618347212,0.79111309580285,-0.604256597836731,-0.61036086911984
-0.191920633,-0.134794769225445,-0.34896517842812,-0.690229152802007,0.483216427716968
-0.678415159,-0.32198300034956,-0.752734217527997,-0.726893851616986,-0.456607340214155
-1.024861582,-0.454192134168165,-0.992303237065954,-0.352914947176966,-0.724507399976915
-0.954147712,-0.426865532893056,-0.828907082475101,-0.621406788001743,-0.72764241907416
-0.480937228,-0.468163266693567,-0.583492155397826,-0.680426203152158,-0.780106338940758
-0.736508837,-0.0540953566473358,-0.427407987857892,-0.463226364872672,-0.208660222250525
0.20636357,-0.00761062679913523,-0.213043240159601,-0.748641469538717,-0.489711702198089
-0.126546623,-0.0582880534355639,-0.252641983613898,-0.593764913431453,-0.508947476560017
-1.245444958,-0.0177111296620421,-0.415662871588456,-0.237210141112768,-0.14303730095483
-0.206140293,-0.254761280091857,-0.493881828688202,-0.302863093819007,-0.582669812425274
-0.169296359,-0.100647342374081,-0.426522847270895,-0.510573337028173,0.00476867693633016
0.627496286,0.222779945242889,-0.165737924993359,-0.725106364215589,-0.722909787726808
-1.387139504,-0.495484575239909,-1.38178971649911,-0.454303268340993,0.0106570967327955
-0.326686006,-0.456965019855972,-0.381186274481448,-0.515566593113048,-1.23601288833632
-1.749336147,-0.113432706054669,-1.37684508655834,-0.130192909836206,0.17347035600196
1.045658803,-0.254704029609155,-0.561544966717845,-1.06172452964288,-1.10607670813793
-0.590877825,-0.111082032716583,-0.477916442822479,-0.502287278416142,-0.19345257296833
-1.12454203,-0.514393425886473,-1.01692671682416,-0.355030731437762,-0.491370678794848
-0.625989243,-0.227687930172065,-0.588884906698265,-0.245185287276556,-0.663931711678941
-0.323303737,-0.24922976930232,-0.425184029964224,-0.616050231955704,-0.464476088084499
-0.164287198,-0.0969038194469217,-0.197867610904713,-0.487325855646626,-0.537739735333377
-0.83508023,-0.4582296704262,-0.79045308282045,-0.42193019690192,-0.0591567631848439
0.227214054,0.350572933105538,0.225958729886571,-0.575095200028939,-0.753713290672196
-0.767574098,-0.219112584602067,-0.672504821475765,-0.382494582496869,-0.344596606947572
-0.894107258,-0.337112940640178,-0.66631558026037,-0.670695436976773,-0.358467231447041
0.16085741,0.0710152062558373,-0.0577598233456981,-0.933765731951431,-1.13994318778367
-1.428653884,-0.81862640327918,-1.26185037492272,-0.86024034101708,-0.69396870158578
-1.454039173,-1.08810877890443,-1.22727154529764,-0.899106813543102,-1.14104944737575
-1.127375275,-0.527825663804642,-0.844016503683157,-0.765584916039497,-1.07786136664394
-0.84420187,-0.480445443341618,-0.803131689890487,-0.838595834248212,-0.652587173797905
-0.015954062,-0.251304679587232,-0.22670581948881,-1.02096957118797,-0.848882108187413
-0.720351884,-0.383462546509678,-0.620578151294946,-0.796853875015227,-0.714580990758388
-1.391446236,-0.546063701725014,-1.04887850038807,-0.609349687242732,-0.646332399943686
-0.649117322,-0.520832527287853,-0.77674426870102,-0.699814696734148,-0.994098111984675
-0.675285413,-0.399506403966124,-0.553179688743764,-0.814176030427816,-0.826124225045175
-0.988895236,-0.525221122754336,-0.656156191929538,-0.728914336376474,-0.57007728222184
-0.618580405,-0.186912179793801,-0.378813543928797,-0.615635901823553,-0.234851764911352
0.714838052,0.346765013591693,0.358470748623238,-0.79866211204678,-0.780090139952163
-0.93566434,-0.481037276862686,-0.664289169498152,-0.349869328223656,-0.0712577729628071
-0.779046626,-0.386953595844561,-0.814085676627626,-0.572921720409501,-0.319446250386971
0.355143628,0.00658436212342153,-0.747427734233236,-0.571963774852545,-1.12379373918152
-1.688672235,-0.487103243729785,-1.29093586484639,-0.484122816686179,-0.0467982653390031
-0.263020296,-0.207189458873328,-0.553915648293511,-0.611635487145069,-0.891928733927158
-0.371081483,-0.0424183134382482,-0.529628434172318,-0.483575882268934,-0.420439020203102
-0.429666739,-0.208561349111527,-0.535049469796156,-0.492058897127428,-0.326783115670318
-0.383745895,-0.0890363325551532,-0.458220305652401,-0.261216663706665,-0.0338009465080756
0.40760528,0.28395745198206,0.404756418735771,-0.182800968809412,-0.167573073732214
0.037236701,0.149002128568538,0.813849139710917,-0.187849079005211,0.219925322194019
0.339817024,0.284081522973146,0.353910036074479,-0.326142602113625,-0.419961228825989
-0.98218294,-0.545508940296487,-0.739615569974223,0.00381425829994252,-0.116405710440041
-0.555071081,-0.0494972935154309,-0.490793836690696,-0.278400552756421,-0.598554989326497
-0.412038327,-0.114485699239531,-0.320064691447984,-0.467222549723128,-0.48521986436055
-0.332135423,-0.227428905204931,-0.424868313366289,-0.686638970649486,-0.545652283693331
-0.66930211,-0.25661740471174,-0.50199572301013,-0.487290287785785,-0.4524498971456
-0.646331631,-0.246178635298068,-0.562032096979587,-0.521577645028939,-0.33508164408133
0.06466819,-0.440655898554551,-0.65989026727841,-0.719714273135781,-0.667824188503772
-0.654894114,-0.160128507280216,-0.47959900888689,-0.577291197556282,-0.475647800678971
-1.087943386,-0.220031745742969,-0.912924612650037,-0.462476641463644,-0.231933395830781
0.205993652,-0.334817081091506,-0.210083837948612,-0.597335230154945,-0.758228834230054
-0.502165144,-0.339843282407519,-0.586998754691577,-0.678521437012104,-0.256191879432083
-0.423716756,-0.462399685097909,-0.971831564403051,-0.701668012873733,-0.797931762552728
-1.269742366,-0.364618619621753,-0.811102049584213,-0.271052105658617,-0.522506796132926
-0.732214788,-0.200209430703116,-0.57341481187501,-0.598498112354198,-0.567887479637402
0.14496834,0.252871049502616,0.471335509471324,-0.483653102572151,-0.784237148098188
-1.092439581,-0.299312456653066,-0.877478863301252,-0.158973922164204,0.515148656041326
1.142130156,0.111968294083065,0.592154298781188,-0.361223452647833,-0.280008102796999
0.534048123,0.294386236731021,0.653391544760637,-0.283459577117458,0.129066831798309
-0.499698137,-0.153608673931998,-0.181154455149919,-0.180093540368225,-0.206641207822764
-1.05284765,-0.380839727750389,-0.867314087143946,-0.303017233291596,-0.492818723615282
-0.594605627,-0.28541779663083,-0.601578619148147,-0.702949183730678,-0.947311630434356
-1.029235492,-0.359739148135107,-0.764605407625571,-0.602015712846775,-0.570398456818987
-0.534897335,-0.350344603165309,-0.580924649457801,-0.747950366639176,-0.61559968897721
-0.162871769,-0.201250570599247,-0.535919689826289,-0.814540507714098,-0.702353643417092
-0.796041004,-0.381904292346348,-0.659562536056791,-0.616988009982201,-0.539244386810353
-0.974396869,-0.223996366718649,-0.584930898766762,-0.296287248666378,-0.427835641543034
-0.176039729,-0.17620974958189,-0.458559274388139,-0.485470865543445,-0.451304147048531
-0.063906122,0.077650147542444,-0.183914913438878,-0.445551107998341,0.143640768692874
0.73761156,0.245229648618395,0.63386838385977,-0.396037573128043,-0.215448993183
-0.313537993,-0.172983764376446,-0.691356452992422,-0.0945120266495036,0.084006670312768
-0.447263976,-0.252372481012736,-0.483269537943723,-0.326513987499814,-0.301299533921412
-0.373335571,-0.331630045170715,-0.410345403982913,-0.538374720709938,-0.572020298766652
-0.739030222,-0.378038539248864,-0.716613563413868,-0.528426660500189,-0.554276002210643
-0.737465586,-0.50796173729002,-0.798319570310565,-0.623739118487859,-0.687084009386097
-0.679468537,-0.329345723063275,-0.546272593134553,-0.641840265432637,-0.737046857649641
-0.767188415,-0.490996527666898,-0.750723128575566,-0.707728916328684,-0.651211020465873
-0.587312927,-0.378532968791619,-0.638214756507725,-0.706981193750215,-0.764888427216947
-0.844088757,-0.30555632007528,-0.646889612331016,-0.61664319014071,-0.496573836800062
-0.309293801,-0.149272318941799,-0.474487589739456,-0.774926937906574,-0.797226246603737
-0.763606093,-0.261925697911319,-0.677515255459618,-0.594831370068071,-0.645759959900282
-0.946878158,-0.566311586818013,-0.905028346078806,-0.623874592262356,-0.694425307401767
-0.703665871,-0.189632105042883,-0.516481800263341,-0.612633771519566,-0.735557808938434
-0.520778567,-0.321721225842913,-0.565163407324874,-0.923307083920304,-0.759009367205673
-0.675766738,-0.0799842367251217,-0.659512187326994,-0.768640037373393,-0.972551422238754
-1.656595065,-0.596829072620428,-1.31051518437116,-0.61046037655851,-0.275676090284878
0.243603239,-0.257419784731717,-0.312549561794606,-0.700030953475262,-1.09041663322089
-0.935732395,-0.350840442118582,-0.760725639112739,-0.557267980071944,0.395002769543167
1.015631999,0.430659262043985,-0.436708935588254,-0.821295155880641,-0.580916313846582
-0.26619016,-0.153822010902368,-0.340939544375541,-0.363452347979114,-0.0860813575252813
-0.985246007,-0.37604660014817,-0.8310993197562,-0.410920590356596,-0.318463422991021
-0.50856722,-0.269234494936337,-0.597306752216263,-0.546691423931086,-0.727259084221824
-0.5267971,-0.341789739743306,-0.635974491659436,-0.681984877771653,-0.787454066406336
-1.087802748,-0.334106406361487,-0.870087994037109,-0.633928793940243,-0.565070551350394
-0.580204014,-0.255510500077491,-0.543787295040324,-0.743709070383504,-0.852829866290472
-0.656660741,-0.534091267325607,-0.901235863444007,-0.859732643242365,-0.798437088674375
-0.932315871,-0.477719698271229,-0.837582570804204,-0.910093160180658,-0.862381834944432
-1.082980539,-0.510858517802757,-0.912801448663594,-0.880869900205393,-0.943512468927218
-1.001610384,-0.389097776072291,-0.681895781545836,-0.873629973560501,-1.01026140095115
-1.037965378,-0.518216929939701,-0.786153071865921,-0.868664672568101,-0.784932058066674
-0.568821912,-0.165674813901226,-0.511400652898329,-0.843232010959229,-0.773091461726619
-0.555541892,-0.565037110648445,-0.711854596029579,-0.764395575991319,-0.453418733872636
-0.1471996,-0.0999924247673799,-0.323283561658026,-0.754019163024373,-0.761258989577903
-1.004065826,-0.562892941834338,-0.833943948895813,-0.509303594873759,-0.442069510437111
-0.711648541,-0.386963233412357,-0.661564161390778,-0.490559486821979,-0.672416133370631
-0.459209911,-0.512910204459883,-0.590391363086193,-0.54505442718018,-0.600407615010814
-0.464588172,-0.482810426569134,-0.547023599244271,-0.683560337224051,-0.478120294840653
-0.395445906,-0.345583689290699,-0.614654054943142,-0.66815246741792,-0.632258088393471
-0.843654063,-0.535841722836283,-1.07165972334619,-0.3782165538519,-0.461160699629252
-0.596065869,-0.304290811801973,-0.574339465169348,-0.4454407369484,-0.41914131862929
0.031212231,-0.157934065766122,-0.189008826400092,-0.610041032166733,-0.600950142432465
-0.546427653,-0.222039265321555,-0.479831431176725,-0.568624737238974,-0.413897877970675
-0.794600355,-0.439483069099802,-0.764165750599661,-0.554692922216583,-0.522081929081327
-0.522846169,-0.333828741757989,-0.495336230429094,-0.679525860897987,-0.790763241250498
-0.811175546,-0.510071472811746,-0.7330214418064,-0.703847431864439,-0.762886578577985
-0.911655371,-0.408055863491558,-0.741302214322867,-0.865796155668244,-1.03462658612868
-1.379053125,-0.721011238818641,-0.999517059292536,-0.763313605760325,-0.858862478597231
-0.870925967,-0.500988648657842,-0.725804239790608,-0.871869143051019,-0.941284165251651
-0.563216517,-0.520617006365738,-0.538175592404773,-0.796715224160107,-0.794620967041324
-0.698553225,-0.451503775486613,-0.578831495259661,-0.709191085587231,-0.507264883273482
-0.393586282,-0.307005148249587,-0.388113951845866,-0.556680208106373,-0.546155505274792
-0.377362146,-0.315080428987872,-0.365398631043896,-0.521401881712601,-0.501887502748617
-0.532432247,-0.412680793523373,-0.546401618972609,-0.602877001351774,-0.572227438022535
-0.744787381,-0.555925084198822,-0.655415677865569,-0.653636232652364,-0.672138527328005
-0.82608633,-0.565557706578243,-0.754642830638481,-0.675434260545464,-0.793636432012772
-0.896957742,-0.563743028803126,-0.779769416025454,-0.76098119856671,-0.788179390774268
-0.74747371,-0.523874308840089,-0.679529983696952,-0.822189901639796,-0.883127311621129
-0.891568012,-0.547653171525598,-0.735346621786853,-0.852226437125276,-0.799539578262784
-0.770615992,-0.400240947625806,-0.617875690338886,-0.867320975531102,-1.02365099288545
-1.329907207,-0.779556029004576,-1.07799422768276,-0.715494017296421,-0.539004643212296
-0.208775185,-0.322960614046559,-0.333636738440892,-0.847963664128193,-1.00616502278383
-0.759459375,-0.459109322086713,-0.713984933068714,-0.778910758940122,-0.577095320455034
-0.743766792,-0.349519039253081,-0.628507763102272,-0.768415820041111,-0.874453628738695
-1.087264924,-0.604715867543575,-0.870178387134275,-0.681282950092274,-0.783545373412279
-0.862731513,-0.508794588334128,-0.692540039011279,-0.736849815939916,-0.839121020523701
-0.65395807,-0.458197489401538,-0.626313691455784,-0.731278603016575,-0.736244252054364
-0.603564024,-0.413819619993798,-0.555256313983683,-0.75949610889289,-0.581165741335661
-0.40537164,-0.524125120059327,-0.565701994257347,-0.693519764161958,-0.736917571700177
-0.910473493,-0.630944877293085,-0.834944527921335,-0.57009505775112,-0.497949841007781
-0.534174816,-0.442867885717397,-0.569300152538731,-0.655728206609524,-0.769236774933432
-0.641444404,-0.726186676126437,-1.25643125919144,-0.673723223877361,-0.802686160602265
-0.972925144,-1.00333737734398,-3.72381414167422,-1.66635882385534,-0.977553517550175
-0.712981406,-0.614549015034871,-0.935724326375927,-1.51448872048017,-2.85039307165086
-5.504516187,-3.34334728901665,-0.982571856487899,-0.741994651853406,-0.704845122143459
-0.642256718,-0.379170539533515,-0.56381209129661,-1.15713032397469,-2.79355944534585
-0.797068048,-0.242863488095519,-0.692241505092907,-0.861602659715647,-1.02832078356292
-0.832749439,-0.301310630812278,-0.75655950600789,-0.847526042749442,-0.714411353227889
-0.513320912,-0.532730626827409,-0.63064390842851,-0.800978436865222,-0.836662152843511
-0.850335075,-0.609500966538855,-0.71993627174758,-0.679385084112001,-0.656445839852888
-0.774962525,-0.526424277828368,-0.624037547275177,-0.677687707182792,-0.710599505845979
-0.621002968,-0.460559734156586,-0.536443217958604,-0.689537886419283,-0.678452517857099
-0.552100469,-0.457165662932963,-0.536599232821113,-0.756530666013144,-0.68202579932507
-0.697022111,-0.561193622758184,-0.619112961327888,-0.675173503957547,-0.705598729034173
-0.892519974,-0.617136345515414,-0.719519126559003,-0.666961081535708,-0.627220271976544
-0.539768514,-0.436006963208504,-0.481714899174994,-0.72956978195923,-0.824382037911774
-0.797800334,-0.628522456084176,-0.709088584453725,-0.716764903029078,-0.661804030724199
-0.737435009,-0.582154937365789,-0.667521025046716,-0.734335680483075,-0.74634131221373
-0.71961945,-0.60172537964967,-0.647068210090207,-0.750662181480398,-0.753216371600193
-0.760570699,-0.584345638774853,-0.680138402163137,-0.758925320838613,-0.755254037505084
-0.824561759,-0.537479692812593,-0.648135747271041,-0.698407285712596,-0.666417281224311
-0.566544671,-0.306968271289228,-0.504849483288987,-0.765949109491486,-0.728347307428417
-0.621842732,-0.275762640376844,-0.419563844366643,-0.646009810270959,-0.681797476628987
-0.836194169,-0.358797950684855,-0.553917410367882,-0.626249452823713,-0.473448006919858
-0.232168175,-0.115936161252358,-0.217239824582402,-0.780705968264833,-0.83672590261818
-0.851028708,-0.494137851248601,-0.751692238088053,-0.605604017766339,-0.647003724950051
-1.044617614,-0.717834618954473,-1.05577805361559,-0.725686701959053,-0.679573608519156
-0.53450328,-0.349636342232271,-0.554906047914134,-0.706776245192,-0.947709654724664
-0.932512815,-0.656361064682058,-0.882291562333672,-0.767096374175687,-0.632953314124941
-0.664993694,-0.490016172646377,-0.656989945600962,-0.785409874541045,-0.761037927022112
-0.610012628,-0.394867215123433,-0.538367078045137,-0.663035217855056,-0.749571507551875
-0.829854057,-0.545433734421896,-0.66051906679112,-0.752309225542123,-0.631527440148079
-0.62253533,-0.400917911074568,-0.534823746302845,-0.710069035791494,-0.768581286757559
-0.729879672,-0.488496618436584,-0.618275040276958,-0.710884488267243,-0.717592172260149
-0.786982843,-0.610436992534017,-0.69078045343971,-0.734544829767423,-0.749724053068531
-0.785501315,-0.639132500809625,-0.716866620268014,-0.747961751683893,-0.768437152661039
-0.755773869,-0.507451587675348,-0.633097814282017,-0.761177607582769,-0.784848782526344
-0.793051829,-0.539257527332313,-0.679931199792716,-0.760437619185925,-0.751464067990386
-0.74921472,-0.473484663831346,-0.564194419667935,-0.770998667146226,-0.747657159028825
-0.70289929,-0.383139457473896,-0.56572094423113,-0.704443680538288,-0.743325049317207
-0.804823059,-0.481501669191819,-0.660908951575986,-0.685784501145589,-0.513701065368708
-0.207467505,-0.375535283775799,-0.626650280604366,-0.863021139455317,-0.863301741068672
-0.935232567,-0.538237415710882,-0.823403048547319,-0.622848778288678,-0.617239355615877
-0.978353337,-0.488472375187245,-0.821223947161561,-0.730154762921357,-0.779288148984356
-0.696410705,-0.401238602145755,-0.595002863389737,-0.823229713020684,-0.903552501071012
-0.844080092,-0.707120603574412,-0.783128940638933,-0.862998953213766,-0.808239507834426
-0.920374724,-0.728336861193521,-0.862832409088521,-0.77300346298964,-0.742537111912008
-0.727545403,-0.554064332989029,-0.645871100053131,-0.765320046086889,-0.582772085242417
-0.159073909,-0.158752040100389,-0.175921469689648,-0.817361659247758,-0.789917803273359
-0.835818644,-0.622877895423247,-0.736802290023728,-0.701922447126323,-0.5075182922487
-0.740616128,-0.487818579769195,-0.628362517442592,-0.711065436906321,-0.831155724927115
-0.958805575,-0.680567202446807,-0.875578425771672,-0.628074446340226,-0.702841334562084
-0.684223699,-0.495110051465822,-0.614192983812588,-0.742460318712624,-0.737835760381602
-0.506569533,-0.362043150025568,-0.457202982115838,-0.760044013948681,-0.756497793645922
-0.81552088,-0.59796982660592,-0.727872797121016,-0.677526359675916,-0.600227010418471
-0.670838121,-0.535170993323705,-0.607732705921665,-0.658984171295697,-0.692278886399615
-0.606054336,-0.494302750528497,-0.580432358896207,-0.69379696731466,-0.661219892221147
-0.604926588,-0.480035234310697,-0.549558471078168,-0.725560833721269,-0.715566229595728
-0.840247029,-0.605882549225217,-0.851015769872454,-0.70292564751914,-0.632935960202592
-0.592044126,-0.45898926076325,-0.524691138997143,-0.733394578188602,-0.921786292267813
-1.103255856,-0.648389988638714,-0.93471779180749,-0.728168568011452,-0.647103879676051
-0.644987998,-0.514229039321272,-0.67225550586218,-0.796041097106455,-0.922231797527717
-0.826306636,-0.499855272395772,-0.666282015869305,-0.812809655632431,-0.720489003444223
-0.744776091,-0.468692847510258,-0.619798220660845,-0.806752629736319,-0.753792106641825
-0.66265932,-0.53375337571254,-0.659357965146405,-0.745736084172125,-0.832201654643982
-0.941703291,-0.583335616512202,-0.783495244689555,-0.754647675766071,-0.703936719972192
-0.720555613,-0.56330584391808,-0.64498087971922,-0.797147776047767,-0.847610532831778
-0.799750482,-0.613475563956989,-0.736274035665051,-0.813514944780498,-0.752323399950128
-0.722394153,-0.582899223034741,-0.671570312236024,-0.850533986559365,-0.872152454473013
-0.980186104,-0.754650285226934,-0.872271117491447,-0.748226759516041,-0.763695259738329
-0.815297876,-0.636734256904307,-0.731838705596244,-0.772524736411306,-0.810068058702406
-0.663491382,-0.51877784822244,-0.577193836244911,-0.798564218661819,-0.79407046907174
-0.75032229,-0.580365717223591,-0.628222543968165,-0.794209928259646,-0.730939029880619
-0.770852039,-0.643818734566346,-0.682553676697292,-0.76925418575516,-0.762298167407425
-0.800319216,-0.708974077995974,-0.769617006637175,-0.705245254135333,-0.727147464646166
-0.72010262,-0.637148074371148,-0.659228303536966,-0.734770620635637,-0.650366840384973
-0.450366891,-0.423512239210861,-0.43429150627565,-0.769712260483947,-0.774809192938397
-0.830648878,-0.678122858882032,-0.708378923152378,-0.725569408001314,-0.620249673502978
-0.733231473,-0.653471246062789,-0.702709299090365,-0.828952085663236,-0.805806884521817
-0.803138808,-0.605627623718579,-0.700152644778584,-0.833898689095544,-0.866837964707679
-0.997308924,-0.714811218675996,-0.803960886711562,-0.804246456313136,-0.88255231878661
-1.005373894,-0.63484993968961,-0.725305214203701,-0.809275930562104,-0.872783926390809
-0.778958858,-0.658950713324361,-0.719603244011089,-0.86965204360264,-0.888633877874074
-0.769645403,-0.565817396751149,-0.693422673209485,-0.86355669407631,-0.817530060982164
-0.843760212,-0.632187632377456,-0.738171699998741,-0.803545218155676,-0.740634495017891
-0.703004509,-0.536375398412027,-0.599465160792158,-0.688954322687499,-0.775751481832373
-0.753555818,-0.565063734146151,-0.649756248726758,-0.679140908784142,-0.619088156942543
-0.470417694,-0.431769126643704,-0.481376951226881,-0.724698953556834,-0.760331594581603
-0.818432255,-0.632062850358686,-0.759306390604982,-0.548674326935504,-0.509742143385286
-0.533188057,-0.477836888381946,-0.582341385125148,-0.500472533823558,-0.566679799285858
-0.384527318,-0.310883192969833,-0.405655836357674,-0.563586260140284,-0.397979435277716
-0.132024831,-0.297911953941902,-0.382401046997173,-0.64402991663005,-0.588476339840956
-0.76790323,-0.321990271663559,-0.66632615979528,-0.473333698445927,-0.46047163579612
-0.724584641,-0.252927965680828,-0.677041103212927,-0.533631375083875,-0.776190747851844
-0.906536195,-0.627404526441643,-1.09844879845464,-0.611428341608997,-0.702092505408884
-0.674807365,-0.449755789491823,-0.650192566568064,-0.763375106869449,-0.815420034783428
-0.770764411,-0.452970530011324,-0.705793933272399,-0.692258267864027,-0.677522565454726
-0.651483189,-0.317824680988455,-0.579373107589156,-0.712386756983738,-0.700347674738945
-0.635198629,-0.583518419191478,-0.608134899098614,-0.708201647591353,-0.666630099916739
-0.640660014,-0.537219767025934,-0.565428593233273,-0.736107434411808,-0.722735938349297
-0.803217685,-0.665379708204435,-0.676228114712701,-0.738110306803752,-0.729064106169899
-0.812902537,-0.721117318978226,-0.763253142048803,-0.785761037168491,-0.811438925115309
-0.832329288,-0.6885687342848,-0.726047621838015,-0.800382782446467,-0.859159238021188
-0.933962036,-0.68442104490454,-0.782258928074856,-0.799146254488961,-0.803107264749247
-0.777681671,-0.65912059269926,-0.715888141375943,-0.831861309329206,-0.847521887083732
-0.756160444,-0.660647888737319,-0.723286582450777,-0.862948471393623,-0.846424998310117
-0.892819866,-0.573219800413334,-0.71662829336332,-0.804144567429566,-0.831860454488017
-0.953726923,-0.653937331997906,-0.787525719402393,-0.776033803801704,-0.738285600541454
-0.566478447,-0.467359051757416,-0.519898993750498,-0.823071038401167,-0.876795994264434
-0.84274436,-0.576193460444473,-0.705783133463544,-0.743485708232368,-0.629982475509165
-0.621240432,-0.48498781397679,-0.5619585404078,-0.798834829749571,-0.768759593176843
-0.721924401,-0.512686600636713,-0.645702866686237,-0.697581383153821,-0.705211530691379
-0.772169678,-0.583191746258575,-0.703512884758223,-0.74187040783811,-0.704081265866418
-0.695174636,-0.572166398415162,-0.615397029792485,-0.670873827337899,-0.735547150230697
-0.74734707,-0.422924744653329,-0.593365842410318,-0.639000918653227,-0.595553499568374
-0.442682233,-0.283710098072623,-0.342744859631709,-0.734630917977136,-0.735364730661382
-0.733510098,-0.502042864903036,-0.650413254794503,-0.667861558282435,-0.597662147606144
-0.704104783,-0.520704749142807,-0.601952623340865,-0.701697068461745,-0.712909970703755
-0.732299157,-0.453983800306449,-0.643516474499554,-0.617759572352254,-0.70736049547827
-0.803186258,-0.496637287240113,-0.729852839817929,-0.592079057694663,-0.460731376566515
-0.15245638,-0.267868942319537,-0.275934355669828,-0.608764059822425,-0.609279091447875
-0.442333271,-0.313733522483259,-0.413220075331331,-0.577037465824406,-0.293115167310438
-0.281952765,-0.294277410746428,-0.499561994954498,-0.632202574894167,-0.534104862947944
-0.645070815,-0.329247902794157,-0.519364832817635,-0.435875319574616,-0.506402439672361
-0.736463902,-0.515159004602994,-0.785707780532729,-0.474086720051759,-0.580775290098252
-0.572760508,-0.450174060406368,-0.556423627422259,-0.596759260772398,-0.62804348774357
-0.503188558,-0.324159175376719,-0.440993944670473,-0.672908527659697,-0.674969527559677
-0.779729367,-0.432285909786721,-0.761318968602049,-0.651378059647692,-0.568495013776898
-0.590337446,-0.522696991232707,-0.5784937088935,-0.689183292264993,-0.764733404847613
-0.817482388,-0.615159032258823,-0.735214729993937,-0.667126875987308,-0.620643777796282
-0.610548925,-0.492744740040774,-0.578289350377306,-0.69175140806368,-0.758382903460095
-0.769075349,-0.594247189900254,-0.693255266457499,-0.61554938195391,-0.572660296763111
-0.489957438,-0.475292647028213,-0.511974673349637,-0.683501004120941,-0.680940467998382
-0.60573643,-0.54239891642423,-0.604705541837049,-0.649934187876899,-0.590216697586685
-0.640554926,-0.536120711335176,-0.612884919251841,-0.66263632212288,-0.65420799439277
-0.730492057,-0.579209485018017,-0.633577761366257,-0.621845643689901,-0.627766161406028
-0.587991861,-0.435885035704873,-0.514893240105823,-0.729596407148837,-0.765212029393806
-0.81544054,-0.664700102724196,-0.723727818657054,-0.721902608659286,-0.708045123180724
-0.819945001,-0.544005363185925,-0.675952084916158,-0.724622351748306,-0.765327304165263
-0.754132535,-0.553820815073831,-0.662571385494268,-0.778635405401602,-0.758570071513072
-0.668896683,-0.495347698877483,-0.595110275309906,-0.82084994631824,-0.828187679479625
-0.902819734,-0.71419398187435,-0.883770506819541,-0.777170767832916,-0.760690907680033
-0.84816616,-0.627753056050421,-0.815991789440508,-0.701094762707664,-0.82624396631204
-0.88182091,-0.546639900500397,-0.724941797637657,-0.671206776567632,-0.535923638614203
-0.148345898,-0.214428073845323,-0.210032032538289,-0.785488045612804,-0.753256612613409
-0.625457632,-0.417602619583163,-0.638377214705707,-0.681177273699635,-0.454199136840379
-0.635919986,-0.413698881156561,-0.549651017747232,-0.67258919608192,-0.652582926061744
-0.714367957,-0.367134172683606,-0.638578436654213,-0.771184785286894,-0.738580677861477
-0.825117087,-0.354124681816433,-0.615162702356076,-0.772095469369178,-0.849693505959367
-1.050168922,-0.416943753457369,-0.728120093579142,-0.763831553377441,-0.75532507924714
-0.690654663,-0.365040238189276,-0.59173862986546,-0.812601182097906,-0.897086556185383
-0.804455981,-0.427563409397352,-0.635535116718322,-0.79897144935858,-0.691820694218732
-0.64352543,-0.418363739434525,-0.536980315001757,-0.854338603950089,-0.722453998000866
-0.616093046,-0.311778402755362,-0.588484417831645,-0.739471639075261,-0.755114429879992
-0.893482574,-0.625778384051208,-0.837479945238208,-0.604258514081669,-0.59367010763312
-0.585844866,-0.363148449037929,-0.307477228939107,-0.685617718592045,-0.645794608546238
-0.378770842,-0.30725685273375,-0.419106445571438,-0.882643516515719,-0.701824456120117
-0.707123265,-0.41733243085926,-0.65227349192207,-0.78850806448595,-0.79684911843441
-1.266434097,-0.612507400443497,-1.08014022731478,-0.645679209605197,-0.669621368677323
-0.661843345,-0.44441403376668,-0.648256130735871,-0.763941096592989,-0.965436158764955
-0.77625982,-0.505628788863967,-0.715698547040366,-0.782797807151214,-0.686110663742375
-0.628208268,-0.432092044482744,-0.577330971055227,-0.787905172873741,-0.716384068315382
-0.679600616,-0.44703160015321,-0.600019334717189,-0.63200020565686,-0.606269670918282
-0.595728863,-0.407460970160841,-0.674708902869548,-0.535716898840855,-0.526105253041422
-0.384886603,-0.239009809986418,-0.539226006720175,-0.589245910953695,-0.470374253364006
-0.218310781,-0.302008166467942,-0.533397882717767,-0.692704459957866,-0.701265890564815
-1.018263577,-0.349073695370107,-0.808317296232825,-0.507421499437957,-0.519917988425224
-0.843750195,-0.365781391648215,-0.827677701984355,-0.551081243968892,-0.699193638540158
-0.466858602,-0.310432040610341,-0.506715331409565,-0.672771528754207,-0.755617563329498
-0.612312188,-0.262646539643387,-0.446081996510218,-0.829394943261592,-0.722824069095367
-0.91848034,-0.365133291590309,-0.663116389909262,-0.643380148165,-0.766888603815491
-1.04357962,-0.737570313027347,-1.03015140562108,-0.622338904924935,-0.593694207564329
-0.234031578,-0.186599198315272,-0.319026977389068,-0.718534392056341,-0.90167410576599
-0.85279244,-0.272302444059031,-0.657571988791087,-0.567507052870769,-0.378490557411346
-0.411825015,-0.36724007756651,-0.55880187791465,-0.601977022107997,-0.573500604462733
-0.34002097,-0.27605361655392,-0.346727962682633,-0.495025442382287,-0.501210872163951
-0.519013974,-0.266713736192622,-0.543085218159943,-0.549576797959687,-0.494717198658173
-0.642361446,-0.356487252372508,-0.570804273842392,-0.486966668272487,-0.528982702953143
-0.56733992,-0.430201055057129,-0.49583257075994,-0.492154597224095,-0.579438855730296
-0.557378172,-0.299408561175404,-0.39608928252035,-0.505645673160974,-0.503741805074208
-0.432594162,-0.350609585603774,-0.521914588004187,-0.544444839700387,-0.494956185027064
-0.37116846,-0.326515361702594,-0.402336851257533,-0.676542489457641,-0.607088783581027
-0.707404149,-0.336364863744018,-0.551019414885486,-0.610989222017017,-0.728854485445181
-1.165996304,-0.475404194579151,-0.839199828622993,-0.427366182504949,-0.607174569258369
-0.66283117,-0.453766708266891,-0.757519193459801,-0.520839200549439,-0.518879967133585
0.183315412,-0.237153069544037,-0.139834967005146,-0.800315088702741,-0.709106796040333
-0.672318155,-0.406452903682928,-0.772051324516085,-0.69467933400603,-0.376077813173063
-0.824659609,-0.361637677375062,-0.764787103239552,-0.54784848504372,-0.609000349141695
-0.616613979,-0.362547381396894,-0.653007571051446,-0.662711415212431,-0.824174569319799
-0.854734509,-0.443096892674977,-0.672963860045235,-0.778278344731659,-0.774994944438501
-0.919180393,-0.610668514375397,-0.790288198971342,-0.839696263777064,-0.833987275452723
-0.823183034,-0.597852631624953,-0.740747764527331,-0.797810318037775,-0.937222341478265
-1.029771089,-0.776601924780486,-0.870189444036007,-0.845935966933806,-0.732076428783895
-0.5299362,-0.566566456820222,-0.575200498659568,-0.999232295759846,-1.09456457520781
-1.196766588,-0.81965752909275,-0.904753640397276,-0.863225450267325,-0.870981430136008
-1.194905046,-0.772745559746143,-0.997367278666901,-0.847824054096842,-0.972759815304214
-0.892911226,-0.658949000923826,-0.807552957057679,-0.768366834300008,-0.854968499086138
-0.516871398,-0.4322544866094,-0.48359694856188,-0.857836286310981,-0.764122005167101
-0.565343579,-0.475981681487221,-0.541718454071966,-0.745453156849349,-0.661336735982181
-0.74005195,-0.544378359394153,-0.68087999029023,-0.792848330743085,-0.663277589768137
-0.676598676,-0.467113839402621,-0.614772828027321,-0.719985346771842,-0.970166700921916
-1.37162773,-0.73214021348395,-0.987586049777269,-0.590516258768498,-0.541989788759384
-0.413681905,-0.432334336313599,-0.377153342431561,-0.741005552148119,-0.801355450079675
-0.331669464,-0.145862631274655,-0.251373209092907,-0.609389102515843,-0.44624059222188
-0.318258949,-0.29377041970107,-0.413991877027469,-0.646458306011517,-0.448666004896438
-0.500821062,-0.322440721302383,-0.53404202994616,-0.540788281950127,-0.524135441318288
-0.724250934,-0.419605597246531,-0.692008283985761,-0.4874002221762,-0.59613963493552
-0.670664635,-0.511631437042274,-0.671107684726476,-0.617164178009537,-0.835997679323843
-1.03401219,-0.690130604699176,-0.9555902685762,-0.822867677045207,-0.690980612930016
-0.641102835,-0.223777781581975,-0.506951198820727,-0.737945699269614,-1.03650933447956
-1.180449443,-0.704842863168677,-0.966458438257287,-0.75382754546231,-0.644965519369292
-0.566228987,-0.329272939176524,-0.485180163126117,-0.799136068901636,-0.94254272537529
-0.773350901,-0.559821063781687,-0.681881388850174,-0.787428707215579,-0.72536926744113
-0.750678057,-0.532303200566543,-0.632848980621519,-0.914292357265281,-0.928173419323237
-1.152883667,-0.702607296333336,-0.887386789514727,-0.699639148393233,-0.781912043690893
-0.879647613,-0.567969301471134,-0.879554502655531,-0.77333404862426,-0.762357057770044
-0.410051271,-0.350040940142338,-0.609750568276426,-0.77945095479556,-0.734103023849961
-0.561930579,-0.313221894307844,-0.727737578750469,-0.744906189427863,-0.505934421612153
-0.564116488,-0.329569959935861,-0.577648569975732,-0.377876190675878,-0.432174295355858
-0.437096952,-0.0228610627444048,-0.244379448045307,-0.272862193398431,-0.0889271370682974
0.509590312,0.236443143523778,0.40519118474759,-0.504315211166142,-0.391290973321529
-0.27667612,-0.00759430408282399,-0.328024464028455,-0.356920205488889,-0.122881150703994
-0.654145481,-0.347562436494813,-0.576743572835696,-0.094230211462967,-0.272242588973879
-0.416321173,-0.281947893574344,-0.478292685433368,-0.218502645585916,-0.325514126132206
-0.010436637,-0.243614141573585,-0.308960130471623,-0.430918353288472,-0.417636928787473
-0.44884653,-0.284093430129013,-0.49970241663371,-0.317014523268438,-0.0788675527716673
0.008159858,0.0585534632604282,-0.0682790837617148,-0.387260693990177,-0.495178788028719
-0.599216126,-0.319173990867915,-0.631081080058223,-0.325255406464508,-0.320097412838674
-0.618571652,-0.426013416866369,-0.854939569213318,-0.312855603714889,-0.466810474626811
-0.470696942,-0.22109098029734,-0.712060023717575,-0.270507928389098,-0.356457533077202
-0.096211944,0.153965883561823,-0.154493283494777,-0.524496625497722,-0.337963222865182
0.012340273,0.172830442067996,0.209602263410329,-0.664809239950989,-0.730330429775206
-1.334685855,-0.594129312397053,-0.864646186368618,-0.662914641740317,-0.575841347867472
-1.187864933,-0.813578716315082,-1.02471348704471,-0.691910416483345,-0.998731035959184
-0.926267751,-0.425975553781155,-0.798575807777044,-0.582021196030414,-0.835636985118356
-0.526885065,-0.454775674964337,-0.496588196667487,-0.923697115521287,-0.626431913921202
-0.111842716,-0.288672005834271,-0.343355952743761,-0.886790709970177,-0.940770251440793
-1.396974121,-0.464807140785504,-0.668592915073788,-0.565107053836988,-0.430463932867209
-0.679175515,-0.275666818606839,-0.592462138627909,-0.686652226355622,-0.939817907083184
-0.625370802,-0.0440177754404157,-0.588564648983334,-0.588324404700147,-0.823295469877224
-1.144937521,0.0937237886003837,-0.338738951464278,-0.680704749218534,-0.0354352760888876
0.843442692,0.427644683241413,0.881339210895335,-0.866529926477527,-1.00971999450775
-0.953203763,-0.174770661034208,-0.796649895387798,-0.715221906240266,-0.185649975815839
-0.956728275,-0.180787279036912,-0.727464385998504,-0.630463758860104,-0.745096455398128
-0.861814811,-0.216999916561507,-0.698088201995159,-0.571932853659394,-0.564170867476251
-0.147463568,-0.387316146573162,-0.333466541849223,-0.810583897076713,-0.70460283514432
-0.461853072,-0.381541756412645,-0.529438831687508,-0.635741327499791,-0.613775958920154
-1.076356485,-0.711293289687087,-0.939012029684893,-0.512360512000603,-0.404194829522839
-0.342406327,-0.124928516304818,-0.248875226600859,-0.592580511725315,-0.78168951125545
-0.657288973,-0.381428943580141,-0.600591140236433,-0.655752836235103,-0.263897777174872
-0.059156697,-0.161210765440371,-0.049069597598655,-0.726647531986851,-0.624373561302341
