630
-0.4331305,-0.116954660040197,-0.253686050630617,0.192407243905528,0.968254679192789
1.373747647,0.230693235545158,0.698246866443568,-0.625556294310946,-0.91779545166046
-1.553568338,-0.858491550745072,-0.735240920195822,0.254239370071877,0.53165239975161
-0.1075028,-0.00888913863654561,-0.61982240281697,-0.0435416720511581,-0.476701193825281
0.186110545,-0.157596120007879,-0.312781891028357,0.0288702080922011,0.0136740851479006
0.227048766,-0.0901077810247629,0.133841192763467,-0.100931536271412,0.38847113567357
0.785518663,0.211000346735884,1.03155049252892,0.191984902304931,0.0743944681637623
-0.247707996,0.0245569267358293,-0.257928180453458,0.616318671765995,0.844704528660758
1.049117709,-0.00627879308354172,0.453322628693693,0.28381423846946,0.275141941571443
0.813014369,0.338840505831566,0.705037879419343,0.239091174385045,0.320822004443505
-0.35195771,-0.191051970055702,-0.284102520921165,0.168811489138463,0.627073710903265
0.531727736,0.377320040399146,0.5816464611474,0.348224279822611,-0.155681468816989
-0.336607629,0.0569268020101303,-0.406785809055189,0.550644954791772,0.714828121686618
0.973839037,0.495336319017254,0.958632148919469,-0.0230561664506612,0.476354845198721
1.594682797,0.253185537788702,0.608301593396377,0.0768070086627271,-0.204694190300432
-1.479855879,-0.280285982487498,-0.750388720574501,0.436161632769533,0.917919214638337
0.401292232,0.182234530811793,0.155811463749618,0.229028770418266,-0.451539819777743
0.15696829,0.463228986127358,0.574047223458202,0.0133013253202089,0.0936588841192243
-0.041410632,-0.103460649222224,0.152497704069317,-0.130770498296961,0.20384613282808
0.272011236,0.135799818490999,0.293777224124339,0.209525230351821,0.0451146087590094
0.040984915,0.0790503452747846,0.195171573678617,0.286603593589052,0.336441516172901
0.449812091,0.114199210251576,0.305875562440043,0.200778174248454,0.238094331591034
0.425221398,0.220002118052343,0.228049977437755,0.261306537509665,0.347508654605538
0.288872291,0.258805204454378,0.245491761639273,0.400194880742079,0.39935549769106
0.332492462,0.0417105582259418,0.164387524277147,0.303023805107833,0.473257321015386
0.816358358,0.288032411978607,0.610467354658797,0.0224274584659068,-0.0222089945906009
-0.38893832,-0.069036444946335,-0.314875179083739,0.13478988690796,0.229334218278332
-0.426688232,-0.106091769440439,-0.238920531872793,0.0528177647965265,0.151025057103474
0.63439485,0.308482809846571,0.7814377993647,0.210060762269371,-0.258129123616183
-0.293199382,-0.0820309109822455,0.126395492166136,0.124162859507604,0.668662687150244
0.93842455,0.489541545467521,0.948372004353316,0.457837181734565,0.110501698477375
0.262840561,-0.00296895841331969,0.0864871956550594,0.202928866620373,0.968511418036394
1.427718588,0.41960831836136,0.947443688934618,0.248861789016596,0.010690185323324
-0.436093374,-0.0930012048549942,-0.433533066735926,0.627177260430948,0.808996951734194
0.27253623,0.32905693044874,0.382274872941097,0.56434164321542,0.315536688119823
0.826112462,0.488042485398627,0.723693548174682,0.686783316661109,0.468746247793839
-0.224307962,-0.183240243809624,-0.130102572207399,-0.216242377973921,-0.198299463350902
-0.167186299,-0.28740943530316,0.0426017495495788,-0.239628278587197,-0.23478466077703
-0.238861512,-0.166961739336928,0.0319825919974587,-0.236680474240641,-0.231919011590457
-0.304343971,-0.204815736566638,-0.11886418004935,-0.189209798222746,-0.213198481154723
-0.250680513,-0.14777938022539,-0.0845942564958562,-0.186432317911006,-0.0930329004825869
0.128698726,-0.135714738951808,0.342322939891874,-0.199813806805442,-0.136424771289431
0.007015514,-0.0519360939848102,0.0737217026271285,-0.205487278993685,-0.0373006127642851
-0.1033431,-0.167758383185661,0.134840409623834,-0.177910662997993,-0.183871197376135
-0.410929711,-0.169109791255034,-0.264763388407454,-0.091189993419245,-0.159326004508902
-0.239416666,-0.166521535906234,-0.0689687406491025,-0.281101401369422,-0.280393868363477
-0.100509394,-0.140961247068846,-0.00425443499959029,-0.414184699546713,-0.506467841091836
-0.807794834,-0.168894661604639,-0.750328088632074,-0.184639142317952,-0.290244625143958
-0.606824695,-0.665920878621101,-0.829431646545205,-0.129858960036493,-0.154046726456137
0.504525351,-0.0187708655028644,0.72778629963309,-0.382615757511887,-0.416618083815879
-0.207212431,-0.0341560855365576,-0.108184929695971,-0.321379995241122,0.0496415190650645
-0.276489599,0.088361791775002,-0.116884057644042,-0.039581472264365,-0.0673933922335712
-0.241583536,0.0270750136216427,-0.163700625375729,-0.206949546054659,0.527470489409582
1.688565159,0.140796078900849,0.262283672510084,-0.313476282348174,-0.543613118671068
-1.006154166,-0.0434263642102273,-0.543291710335833,0.00700304672489818,0.73767763738572
0.116640077,-0.00846350133967527,0.262297899128252,-0.198581348066377,-0.398496702895328
-0.104100616,-0.00999753644884893,0.118197358840681,-0.141861758688292,-0.208902423556755
-0.445799864,-0.171952171779722,-0.304224859993687,-0.327630297118298,-0.181411618788483
-0.323713139,-0.209008654840627,-0.12840670311718,-0.113430267623871,-0.194573593391718
0.030893604,-0.189733764750924,0.189949900296283,-0.20508130870656,-0.244442962176436
-0.148440952,-0.144539919376897,0.0238581243899688,-0.247984482802085,-0.107229899375532
-0.176636473,-0.129471129724568,0.052993271390734,-0.224956081019754,-0.200034887475045
-0.270258558,-0.0920336291348995,0.0893016633345178,-0.108259173100871,-0.220184769137532
-0.385151764,-0.206479630261184,-0.012097426939928,-0.0971516253238079,0.0611799017539674
0.477986484,-0.0446945286312361,0.640525809826386,-0.276457525305468,-0.278977334776839
-0.142942801,0.00926582268475458,0.170498763490687,-0.271720998546582,-0.060254991889125
-0.449957085,-0.150163828491852,-0.396636597951977,-0.263287256128107,-0.332664647839944
-0.648159167,-0.245895991596799,-0.497708895124529,-0.269834945469856,-0.348346248944018
-0.272887734,-0.298932479893606,-0.104351636609571,-0.362157785466552,-0.544599364483684
-0.545686587,-0.273802556146382,-0.294263391471703,-0.217128721949444,-0.212984829806714
-0.127732494,-0.209264729610038,0.0434471672737633,-0.242182040533536,-0.236012329310645
0.064695109,-0.0653212412780327,0.162383886357597,-0.171813330473817,-0.141399327842733
-0.195791606,0.100782039759545,-0.00533409846911984,0.0207965392736289,0.24386491152
0.374078037,0.0636115662677707,0.314487123608987,0.105538188413674,0.393870845259256
1.075357097,0.26014868791056,1.40494450714358,0.125971348628851,0.26651552980299
0.278293803,-0.0181327064856908,0.175545628371556,0.213315734375027,0.488287969765199
0.013574591,0.18284370458477,0.128735717583323,0.247911270647283,0.213483328051392
0.116607439,0.00509411997469476,0.23321374970619,0.142604525489422,-0.140567468606882
-0.344550861,-0.0721322769673893,-0.294636419819139,-0.141169469978791,-0.134814633903605
-0.396327376,0.151702066915918,-0.126736911182082,0.109509801340981,-0.27884650229408
-0.725443855,0.138061235505609,-0.114076621065459,0.39487230173931,0.928957427542843
2.627988393,0.489824271814435,2.00879036553947,-0.395071461651187,-0.328900528510602
0.105747054,0.162377060415055,0.278198279980879,-0.0416077700254932,0.819104275638143
-0.500625038,0.133435043645095,-0.373302650501671,-0.14062203233677,-0.02561392267162
-0.460288945,0.204033710152764,-0.233649562757637,-0.21052456944855,-0.414620840310502
-0.4287914,-0.254733291574118,-0.232701604617625,-0.379012156781815,-0.558418888068539
-0.848438999,-0.272119459547143,-0.576222973625965,-0.273534364445856,-0.0481310739899719
0.369124015,0.118935023857414,0.66022425144294,-0.222889490945425,-0.322190261048156
0.153026651,0.015617214258588,0.305450666942473,-0.00688044964960934,0.136577522747496
0.02643865,0.0713553835124314,0.118137566035896,0.0529319650786253,0.262452467691607
0.419228898,-0.0072447065122,0.443498130055269,0.0728426334344858,0.0533234770571084
0.163405234,0.00364779251128567,0.363183498061633,-0.0414621768037818,-0.080656141187309
-0.520434784,-0.177957870548195,-0.242410967460076,-0.0378909555831545,-0.177602630750495
-0.616500229,-0.24455153288727,-0.39814144354771,-0.0730266514391266,-0.288796207741833
-0.170018151,-0.248430709510582,0.401327964137848,-0.191270546780517,-0.358677120651264
-0.108352628,-0.270459812505238,0.131064835679622,-0.412667951846836,-0.246884928093289
-0.232876974,-0.283173644865356,-0.0646515388939338,-0.371057839536564,-0.274849167478863
-0.430096333,-0.320906544620275,-0.214605377936097,-0.289875896809649,-0.298858308771412
-0.359282902,-0.352837850728386,-0.033833208300201,-0.379329416104545,-0.450045696274951
-0.489108053,-0.416562393891581,-0.160045090801054,-0.451493345801589,-0.469931788244351
-0.585345212,-0.442827399402281,-0.348618048653068,-0.425575626925211,-0.492566770694248
-0.563408432,-0.409082559351331,-0.295956943715175,-0.397965077801844,-0.402925190878396
-0.241592164,-0.37926553206095,-0.113539190783759,-0.468266107915805,-0.389868341642779
-0.191628006,-0.285845074016954,-0.0833734234223136,-0.274226842345398,-0.32068116894948
-0.414811369,-0.128095108808557,-0.129600030550053,-0.161916571695545,-0.0991697081651729
-0.030187916,-0.139178166822245,-0.0198788600936864,-0.19076123870031,-0.0795288900565319
0.294281189,-0.0585471253735384,0.556528499524911,-0.19246326300983,-0.12715984650675
-0.170691658,-0.182781655805909,0.069929463289419,-0.106808911968637,0.0320143556049219
-0.169860838,-0.107936549568611,-0.0740172712408381,-0.125201075703429,-0.152376809553844
-0.190654541,-0.0981596250603358,0.0482784315173857,-0.0808932473870165,-0.191324828728625
-0.267603949,-0.125284006888181,-0.0205869947826918,-0.0665312678603506,-0.0740929217705065
0.017000278,-0.120914644064144,0.0127836176328245,-0.0996458272188384,-0.0492235845369353
0.186098072,-0.128657470541259,0.219500553152863,-0.111661251077855,-0.0162084211534473
0.007526958,0.016830335752139,0.241161338243875,0.028807843552389,0.0277095234304196
-0.287294292,0.0690112701466002,-0.105461277884655,0.173866911910848,0.498125707533904
1.103284243,0.19336288324484,0.64255799620921,-0.0393929956677127,-0.0239484254942859
0.302461698,0.0205963851308294,0.43943093206848,0.168844006478295,0.233569205449915
-0.636738508,-0.132651847857725,-0.658510228803386,0.155865311629863,0.551218090863955
0.872323372,0.27855229549199,0.736935626531562,0.109281968384742,-0.346204012639047
-0.244899841,0.0151061265910372,-0.099193801866626,0.0531746709584557,0.328489785777102
-0.079956351,0.0554582580536317,-0.137524950793076,-0.0722907566995827,0.131889920803412
0.408544999,0.108121555675402,-0.0751208970777301,0.081592141101758,0.0387951435054457
0.211768237,0.00106381097536686,0.75981324793892,-0.0860377050959374,0.10663210172586
-0.075732086,-0.0590962018962595,0.216372863075664,-0.123020849989289,-0.0748349659208856
-0.340275304,-0.232019540393725,-0.0840155679185464,-0.132183592909909,-0.317120690306597
-0.698405765,-0.262327430528154,-0.352268183359717,-0.0640563403743393,-0.182273363406166
-0.117390561,-0.108428678664607,-0.121989033031057,-0.1282344372935,-0.222468469884582
0.198858774,0.0242561387702622,0.177429316476492,-0.167269982768762,-0.0186903477716275
0.140959618,0.007694967679031,0.222270634535233,-0.0613221882301743,0.197324414785696
0.243044145,-0.144771950397313,-0.198911499429824,-0.00528347846955546,0.231346879793514
0.505511967,-0.00340254571927128,0.598712470527989,-0.155787015155378,-0.245489584562971
-0.717624491,-0.212377462374698,-0.561895147015481,-0.136827510408676,-0.130441424996783
-0.762898744,-0.24111259834645,-0.389333170438963,-0.377216245815475,-0.524669754583878
-0.476866997,-0.239199251343665,-0.413123202570265,-0.437391532178127,-0.709961055269946
-0.804236786,-0.489262915772476,-0.464271776305706,-0.441499951832261,-0.27978723451949
0.023252211,-0.317956788212054,0.142113582158048,-0.639275965009853,-0.595619151867188
-0.402859658,-0.264645234204571,-0.285461785108829,-0.412051944306545,-0.340309639044312
-0.654894318,-0.324182515874653,-0.421764182417544,-0.420281061642586,-0.276686203499386
-0.137123407,-0.144215802364954,-0.181788043869484,-0.416099189122923,-0.572509636129289
-0.551202651,-0.375060428709356,-0.493620803910722,-0.435684781018078,-0.325134077063808
-0.420521435,-0.330426146810841,-0.292992478332713,-0.351838791306138,-0.532490443982653
-0.657212048,-0.315550870216266,-0.463100614380738,-0.230077207561071,-0.238235559841731
-0.060244192,-0.218263997632328,-0.062676298953588,-0.313354278569389,-0.287956652128426
0.094940695,-0.110042960002515,0.413550207801786,-0.348079919118542,-0.182787524060955
-0.146936588,-0.214863936034069,-0.0844670893228643,-0.265639526197757,-0.290494825473868
-0.713011249,-0.311136299548143,-0.503797608860218,-0.130212033046204,-0.171008553292409
-0.187243623,-0.277825031082309,-0.167108563749589,-0.285817204255075,-0.534516816060283
-0.459189291,-0.245785363552929,0.0458497115910925,-0.381096518844107,-0.31033474766168
-0.369683347,-0.341942604061476,-0.30661056962986,-0.338931960912552,-0.393196665994164
-0.408074983,-0.317658820072973,-0.28996035529568,-0.183405226965276,-0.226777295338509
-0.085745446,0.0606260797729956,0.27969723893813,-0.188481109896271,-0.209112430235611
-0.052622397,-0.0101131312421178,0.235364864986363,0.142649150091091,0.0338207648500034
0.136233454,0.160784373248313,0.42806336635749,0.166908103175306,0.25191685704797
0.65003429,0.133217466094591,0.52165986586668,0.00937225175204162,0.106291005128878
0.162158149,-0.0140869157782942,0.357585694302113,0.0840617527969918,0.179642423710463
-0.247718025,0.0190488806359905,-0.167113193628432,0.26334017173821,0.115976550532292
-0.118035672,0.044608014405505,0.00767342266524759,0.186719630332057,0.275198267333472
0.909817043,0.267261755479861,0.704301955216036,-0.088397730066353,-0.216373063724117
-0.363853528,-0.17899811926486,-0.384162755229648,-0.04507798321555,0.388964005326664
0.093097437,0.0856049780205258,0.288302021052295,-0.0786553672243201,-0.28341953884396
-0.408179637,-0.071818431615283,-0.209454500536562,0.069873568664202,-0.0538589088674324
-0.285536996,-0.166933905223171,-0.122490733093816,-0.0107042192335308,0.114275750511906
0.482360072,0.234953653090313,0.567547144065422,-0.163659153235699,0.379823042087009
1.28721195,0.440590204453431,1.06574766169005,0.0633020172915132,0.0463934723207666
-0.425458507,-0.160518879244523,-0.265793950710095,0.0452267414962533,0.869443978779661
0.934131531,0.248190325660385,0.531129550130946,-0.173070343620628,-0.775743549082762
-1.515442325,-0.557807007945906,-1.26080768547527,-0.140921006082773,0.136192882828035
-0.447299745,-0.151672470849278,-0.190453234564188,-0.497004471756257,-0.963791430631351
-0.744287498,-0.256184713153778,-0.420363234869739,-0.43323086453813,-0.683234803941441
-0.898135804,-0.570203187723226,-0.706726135010799,-0.724233788278314,-0.513724858111223
-0.259608736,-0.161797420657754,-0.203760397349398,-0.68820941293986,-0.73742103142975
-0.596194973,-0.226979121652118,-0.447734749651776,-0.448354678573332,-0.499576859347299
-0.798490819,-0.372592010428401,-0.555277421129612,-0.165880686243778,-0.176470064026171
0.157211086,0.0195916810907394,0.027586237528277,-0.29711623944707,-0.138577737981652
0.678445422,0.251794092840481,0.452822042575637,-0.349741479408323,-0.294462023656513
-0.691495549,-0.316148753511023,-0.53363925615071,-0.18259923861268,0.221885316060355
-0.109361651,-0.129291697738149,-0.202883706984082,-0.156400922858241,-0.393163401786953
-0.315156735,-0.187535750292211,-0.268133887037157,-0.0726976483504764,-0.142620068303771
-0.134396811,-0.16050568184755,-0.114862983177341,-0.187464187124041,-0.156425902419605
-0.092859321,-0.0497489236664988,-0.127779769349201,-0.0737244307073148,0.117962454817571
0.194536528,0.152751521958104,0.319124828887102,-0.059331586575494,0.711373760649335
1.811632549,0.827741046793774,1.48617586673307,-0.108316616159785,0.0264446928636443
-0.043775049,-0.495057547969689,-2.91789416371453,0.176387290689722,0.581553155983464
-0.430332667,-0.282224075614505,-0.354402043996518,0.474813439725492,-0.0132784835318641
-0.365760026,-0.250680427650965,-0.383356634334427,0.236973737455336,0.122457381111483
0.737136526,0.210177317336858,0.595192680553658,-0.273497748593008,-0.333303287331143
-0.355333793,-0.208943421589637,-0.315845779049584,0.0396052191351823,0.275281438115954
-0.086416538,-0.0636555119612652,-0.0491677321829546,-0.0514822687833037,0.0641720671646282
0.532599529,0.0597359146283117,0.505397242318605,-0.678848351128501,-0.413321587845296
-0.09646021,-0.0321161893052189,-0.0922754416342896,-0.574200768034806,-1.91069787361749
-4.865219498,-2.5350937202293,-1.02652351505516,0.144380832391171,-0.416688743809979
-1.126936403,-0.421074253434396,-3.96857915146549,-0.549426719171704,-1.59907968207618
1.164312676,0.252852068014867,1.10862530551437,-0.8119874648005,-0.954697530089121
-0.384301672,-0.184159229050074,-0.0847594750194804,-0.329554851173316,0.36315227815753
-0.00606857,-0.109319394207838,0.0827022565927247,-0.118720156930255,-0.178544108416154
-0.142520542,0.0503166253714467,-0.0797341795169166,0.114607026207558,-0.0924528229440897
-0.252844248,-0.0303528081171416,-0.193953007966159,0.11976867357338,0.16095402230109
0.457044509,0.0357101056195308,0.145013580926367,-0.0122398640948833,0.0825488937261596
0.504358228,0.135797013003206,0.266823163677882,0.0166774578667756,0.0773355867672045
-0.258026064,-0.225089199218904,0.436282120420367,0.19165985145737,0.309732784241867
0.146228079,0.0756267509809587,0.176759134997318,0.272809325939882,-0.0286466071851547
0.03749681,0.0361783852046472,0.0532899732347226,0.285847508874539,0.244266114144498
0.421524227,0.192988505235141,0.359315371582745,0.0695728409352507,0.116953623780009
0.161328712,0.0599451446046256,-0.0667272226542943,0.324553365265494,0.34777868282146
0.206360587,0.0228563377425405,0.0299935412925708,0.402834789557134,0.611872580416154
1.113794608,0.52619149747563,1.00390689121017,0.411447424564485,0.385650615254578
0.568290811,0.128065971736038,0.24854799835121,0.324365725301606,0.76888368068346
0.679341905,0.183302156209712,0.852238974948847,0.457374827165097,0.257755160670135
-0.181394172,0.140425542126577,0.147406158471386,0.57307532484806,0.469687787843203
0.228595462,0.311043960245907,0.361718592410067,0.455487433588406,0.216978965710877
0.429233585,0.18274158068061,0.342615448956915,0.399214733977953,0.501512063638396
0.900012313,0.370367226773678,0.842967715907603,0.525867939427436,0.36877980381459
0.1683659,0.150255318070942,0.0248562191158231,0.548464491775301,1.08427414356582
1.660755099,0.698174936524524,1.35785432736043,0.344445648441895,-0.0902346226770844
-0.564786553,-0.135637278140949,-0.577779017207767,0.67608880747332,0.835929379513503
0.113332237,0.053947450265708,0.013451132399868,0.420683023653153,0.281667617108561
0.938899521,0.45127311443547,0.783701386660002,0.66660628845583,0.120361688786384
0.02213784,0.0991585989860866,0.0755023193019112,0.393094133063242,0.953170590396154
1.147545845,0.679012298005772,1.10593113895773,0.652474317119897,0.484195542666719
0.7514314,0.523163861645947,0.76959177699925,0.643689573852364,1.13100749931691
1.483776496,0.507089616295069,1.24568592849834,0.443757562158445,0.408722809648682
-0.014441549,-0.0120817236066739,-0.221719522780399,0.763809918668435,0.827494642612506
0.207985089,0.125884186774072,-0.341744372547794,0.573569988668956,0.426298750768798
0.720750806,0.368192143523761,0.863123443686906,0.504891827555205,0.25407081544877
0.357997351,-0.211109250559285,0.505758790865581,-0.103570623048846,0.314666726057334
0.313703532,-0.130830574807778,0.233156704329309,0.0993679439780472,-0.735488489607374
-2.319123424,-0.696321344242496,-1.62768333386562,0.397296173666223,0.495079256711212
0.753998288,0.339931146026814,0.71261264483047,-0.0641382382657661,-0.885851512493324
0.059427321,0.119273599592848,0.268593379599286,0.139896906524537,0.510240587407293
0.639473895,0.0282767420048518,0.508246120715839,-0.125377605919907,0.465873699097672
1.198115805,0.519317829185022,1.11821168242421,0.60097116731114,-0.354001026049766
-1.688782889,-0.761668667851321,-0.877734403510774,0.603421411786598,1.11278447538989
1.324522679,0.5874115514143,1.69901903923749,0.348493717968365,-0.643939964822355
0.09833129,-0.0101588291597511,0.0838066563357447,0.352334916502819,0.130047523723891
-0.846624785,-0.165305742751049,-0.495084210380428,0.144435726126653,0.259838002963673
0.364103182,0.0103981857898255,0.329080819704118,0.0546656461585644,-0.388689715803781
-0.156584214,-0.219189145026847,0.0206693277279257,0.317497557492618,0.242935115673825
0.110327235,0.151692525581948,0.154234544870489,0.0133970278594604,0.567803518074752
1.540492628,0.665032065692093,1.00187975663804,0.0960114628006967,-0.200544998179199
-0.670453744,-0.166185917592862,-0.568299224083429,0.424458993845073,0.961966484611374
0.609710368,0.330227881943989,0.455100818984595,0.433275143341693,0.0954140056376839
0.509040315,0.106220480160924,0.379438908021768,0.470630748354935,0.664066376702801
1.108445637,0.447426488380947,1.15418667633742,-0.00410117888693992,-0.00452220868083002
-0.506310424,0.172759411406073,-0.172260529759497,0.343087170122995,0.239374002669232
-0.66723166,-0.185192841845713,-0.159160171347289,0.402378440445791,-0.0443273418348431
0.128112159,-0.310267655806283,-0.345215139163208,-0.032362113546151,-0.036425813199109
0.74124413,0.0653847349325469,0.215329124270019,-0.566706192629856,-0.304988995606994
-0.583524464,-0.409088028785487,-0.795730076558606,-0.206423717107436,-0.122119667335667
-1.068336377,-0.180779114081308,-0.793178406473873,0.373852766344738,-0.0964102704517934
0.032129772,-0.279844485690387,-0.0619158043247584,0.130533205716615,0.119134021098268
1.429931073,0.294686882825919,1.05105703283655,-0.422056866270064,-0.0887336440543855
0.049739037,0.0749419330257635,0.126838983067679,0.0218448169992942,0.259367168955866
-0.87619839,0.07894410687611,-0.0851914999356563,0.216362607094201,0.329966217932064
0.69468993,0.127733087869327,0.785842298150313,0.20714324657788,-0.864009725595608
-1.255357646,-0.104132827538323,-0.900549816948795,0.00825062865210534,0.410662341726988
0.41732184,0.0264709154997061,0.223271045295233,-0.300666123668397,-0.554906648324437
-0.113570206,0.059018885618862,0.223291795289536,0.182869809033243,0.0404751698036165
-0.219564494,0.343287817089758,0.539000753133724,0.0169217660595026,0.174294584147826
0.479092155,0.0357646136928058,0.366638443837095,0.0905434678052047,-0.0745892945107932
0.012505419,-0.14259494359427,0.140875546745577,0.229123653103791,0.311119022324674
0.190411979,0.154905802073356,0.386557822179086,0.344235757812226,0.309151726140569
0.569664676,0.358516190355057,0.475730521002255,0.389667353830403,0.308268292237383
0.425441646,0.294975585229201,0.432335827218333,0.426519652239987,0.531667911677918
0.560981998,0.354774885484019,0.567383510583884,0.388364973232472,0.473935720785247
0.566221071,0.318035892492757,0.517464227511562,0.404536919412721,0.365612289313262
0.176915028,0.162977957291853,0.2550807322945,0.477046785236782,0.409186946812633
0.172305471,0.270056788021819,0.246425876199802,0.501787458299772,0.48167937015383
0.785029193,0.266617213286219,0.601267663763745,0.249407006826913,0.295161345029418
0.618580405,0.316221179918366,0.394287672671442,0.268324611373154,-0.0431757591635976
-1.140744556,-0.374260669973979,-0.936310011824401,0.846243474501412,0.944553800707246
1.248366782,0.306549004072094,1.19183200065888,0.542836071320257,0.222285680899456
1.421981412,0.405688156927348,1.02150725147527,0.431360490442631,0.835212549064669
0.784176198,0.34957356546781,0.13198298071214,0.587651143208994,0.920584229638566
0.425600319,0.191460775788554,0.542499527857208,1.02141893478217,0.871703814424039
0.930385226,0.460352303049903,1.07930951687932,0.758301559169093,0.525295404522522
0.562487905,0.344310216239524,0.174523350731403,0.497309042252523,0.700287435542453
0.589815251,0.257761059251048,0.48373124383885,0.491701184240071,0.418849449176194
0.111683288,0.0964716255286411,0.136226931029844,0.675267395471307,0.746128684249606
0.950229809,0.450156638972483,0.897393281279924,0.423935009903733,0.398790232008145
0.707497323,0.25118306166628,0.656599533616702,0.624255069246051,0.459338045745414
-0.05157937,-0.0209960431267178,-0.327634166164664,0.385722263579311,0.787446908807636
0.993065853,0.195061267692334,0.967429362087776,0.486925079964962,0.0461398274885799
-0.073827188,0.0373689909896001,-0.117531577683698,0.535722721711512,0.726823526315454
0.466976771,0.162995129884775,0.215751577149164,0.17920403735264,0.708558874948558
1.571035029,0.631679523039372,1.60940805145657,0.378566837921322,0.257906041981745
0.107670339,-0.0458113292847874,-0.226518532127015,0.240649818209873,0.75660695480694
0.047661145,0.058937030244549,0.168761691004429,0.21106742140965,0.404777767511006
0.625125834,0.0142649888256804,0.146982220265992,0.353471899251357,-0.0333813317593626
-0.272625604,0.00277435639515853,-0.0539648194456722,0.0990348083274855,0.537064011177605
0.782555769,0.054740108101576,0.280627228676545,-0.0785545999261398,-0.526227386980797
-1.119046596,-0.340221650475826,-0.751531133642399,0.190341905961562,0.484450684486723
0.389319045,0.189949394412982,0.969750865607447,0.147498779450177,-0.442444337495152
-0.25711777,-0.077373404418738,0.485227760169007,0.353085170185205,0.729800812079141
1.495587889,0.338176399713967,1.03230362202414,-0.253372298078555,-0.142566073357165
-0.150426374,0.193623847722141,-0.182397919995204,0.706640954239324,0.724855292793171
-0.078298408,0.347147980248419,0.593210735193332,0.599839574819033,0.939795635172276
2.222953465,0.329775018678729,0.94987136557887,0.0564966301757855,-0.257539046326119
-0.360735758,-0.235517549752129,-0.437402659567113,0.327934677494141,0.438215702901786
-1.296974014,-0.0157317464434296,-1.08470110922042,0.61443048368873,0.314351217030013
0.715639118,0.0498304113973094,0.81692722135308,0.274501120731731,-0.403514439896475
0.326649138,0.0800361874820663,0.190231749864754,0.10612562223067,0.293470461314556
0.062508498,0.084445493142634,0.10024376767205,0.239447902958356,0.476655249176155
0.678505824,0.460153972824231,0.663502843789493,0.332097120288317,0.160528432401629
0.130110163,0.148286405061283,0.176680592225828,0.682514822370017,0.649396741994464
0.600053885,0.372169442219453,0.313160111484731,0.420890703866727,0.754002596568433
1.560441262,0.542072266234198,1.06368078910364,0.155057548474611,0.210240382044971
-0.107519655,0.131549338832731,-0.0420008655342833,0.478379611409066,0.610040255494363
-0.450090768,0.0207914062570866,-0.313511212466041,0.646302133867738,0.710584793479888
1.390781694,0.87915314388987,1.03731067246556,0.48195652280482,0.214992281141998
0.694643896,0.249879660432858,0.620716621453211,0.527906705153557,1.24437865582597
1.637181235,0.763509027618593,1.41165652847643,0.196131367453754,0.278170712819635
-0.197628269,0.0771246937890534,0.0729920702489546,0.514413882807559,0.63534906565391
-0.278454708,-0.0526287623914484,-0.0959084677398738,0.186790099917647,0.0352640931272387
0.017489433,0.030690693245085,0.0958759906590615,0.0572262293164666,-0.121302912137753
-0.044457145,-0.160065606272694,0.0610222805367302,0.0247149690933084,0.0675755341477492
0.121333667,0.0944963354406926,0.141587494251853,0.127573936566805,0.150958447817696
0.297509964,0.0666582654025863,0.287064724197781,0.174852769626059,0.34775472255535
0.728172532,0.252197765685963,0.653784758066662,0.0864099206902359,0.0656768691954139
-0.153165774,0.117439580835005,0.14689128897275,0.139708944398535,0.309887675573507
0.020410251,0.0612448249582842,-0.0814355215602336,-0.0342501505111575,-0.204640519693246
-0.497758046,-0.154395062710823,-0.413959311170109,0.0774928571054878,0.157156282417863
0.37241233,-0.037925893734135,0.277792319881714,-0.157254281334707,-0.260144784373941
-0.116171252,-0.0558580697162022,-0.0513458826441228,-0.0840079422018468,0.125721624005642
-0.058244971,0.0835422326233016,0.0704222995199319,0.197580131889422,0.128008807840823
0.18767614,0.27220203795556,0.0537740000876165,0.328729011324969,0.495007877992094
1.100409718,0.267362737026885,0.675505083504015,0.168585721973925,0.453085163857285
0.883061741,0.239492205179922,0.835931551186664,0.187592166891079,0.494910401404248
0.17296546,0.00271797579091059,0.194275196160653,0.413586319016966,0.0628444109467221
-0.984312951,0.0291582471587725,-0.701224776341877,0.791747726734666,0.367469335210997
0.312708829,0.0415528558732145,0.0274407337157359,0.38464102327076,0.229099114459821
1.49418103,0.387963686691873,1.11764305402589,-0.118223518147266,0.0153025308382008
-0.074620472,0.0114026822483104,0.110168337454455,0.172928988887385,0.470788918435499
-0.381535602,-0.175536923329199,-0.343012331844639,0.221975176233769,-0.0222279328413407
-0.176056691,0.177081077418071,0.144540816371805,0.122871700037554,-0.236040624881504
-0.203580356,-0.0667257198818286,-0.184719386050924,-0.05220191402762,-0.0783656805999676
0.022453856,-0.0678993240961015,0.38628150660905,-0.237621570675021,-0.0360068602809995
0.261280435,0.0153932954372335,0.285268985844107,-0.13712349837126,-0.311447137590335
-0.78710988,-0.230126527376449,-0.461918869334585,0.198368547874529,0.30203981969747
0.385083888,0.151844002839824,0.215928037809719,0.174669997554625,-0.129964697395604
0.302973678,0.220522507817628,0.409470230219211,0.163164316986493,0.511019681295217
0.89354743,0.411551784270741,0.582630017179573,0.0191917985714792,0.247833854226412
0.243857051,0.145376977443572,0.339120238861599,0.495416552677919,0.388489258575042
-0.218123043,-0.090008769684096,-0.509000198508438,0.360464688339256,0.693788208652908
1.296470435,0.416119442399973,1.1009680764122,0.129871380202695,-0.20895353860222
-0.30577577,-0.0925065105971017,-0.137070024495087,0.253950465993514,0.468152374273723
-0.202400577,-0.198168060542364,-0.00308213403242191,0.175718085269696,0.0401600284077574
0.207105571,0.00588670602625571,-0.0735695365618269,0.253820355049432,-0.0868321084178944
-0.073905302,-0.0942164123536507,-0.0154953201970618,-0.139016593770908,0.327098648090957
0.650953135,-0.0117183777626338,0.508691841844864,-0.185988027488834,-0.177613806553076
-0.307893149,-0.0396488864516041,-0.196944722749434,0.0115121325637562,0.0972513970229013
-0.399952077,-0.149408594446735,-0.262259754571962,0.00401138678850446,-0.132189411019748
-0.09183658,0.0666220934568329,-0.0462073712012287,-0.0783189138363881,-0.205503271788411
-0.010966881,-0.161132142533383,-0.0491746287646124,-0.234001599610475,-0.182443278847905
-0.246266308,-0.155470677939647,-0.077466648245513,-0.170919871776329,-0.0895136578373136
-0.146975835,-0.0192218067560892,-0.0106747962349821,-0.0756233081292751,-0.18950437422625
-0.345895479,0.0322949011136217,0.0216156393791839,0.118325777062433,0.35082325675388
1.017237036,0.307652136762081,0.960627333853568,-0.233955489759865,-0.179186415341577
0.027430739,0.0515338236833008,0.105385750928626,-0.0319050880546872,0.194651662810204
-0.540737809,-0.188627535727598,-0.320778812537908,0.132940742285851,0.179313875627358
0.281104551,0.116728963231841,0.55776594592996,-0.065570270399517,-0.306217533240688
-0.108664039,-0.158424909477102,-0.174890716663344,-0.372995929663101,-0.187606094241015
-0.582529914,-0.316146708291557,-0.482729455778777,-0.0864367982985255,-0.210964995208245
-0.50729596,-0.243415752925856,-0.350731989437171,0.0349427237778662,-0.000364716094731765
0.561251802,0.186801882422493,0.467684978250506,-0.0738994071384352,-0.162183718929121
0.164938104,0.0610412046181497,0.229957658439871,0.00221365372478324,0.341958945527752
0.351123683,0.219325307908664,0.542624042755136,0.0787925808202613,0.0479233944177563
-0.160172938,0.0873937633458082,-0.0701422723100182,0.293775217178723,0.269717545545609
0.208323148,0.188525006832247,0.364520308372393,0.139523261160411,0.0691777439205986
0.315616113,0.0680341368876966,0.413256901583124,0.0471756028191161,-0.0616035028261645
-0.253011193,-0.253458584154743,0.227042710930515,-0.0146717391878998,-0.0943801947375505
-0.516117092,-0.20335164870092,-0.42770490544597,-0.140530665807743,-0.228655270967055
-0.266914926,-0.160487317738313,-0.0678352296305939,-0.175452669245035,-0.429799669698782
-0.466741562,-0.159902257352388,-0.233115505702084,-0.280638069192853,-0.14302983962802
0.064975991,-0.298910310452839,-0.0275139599111417,-0.364131366371071,-0.369726754200474
-0.289772417,-0.208340570478151,-0.171578306694624,-0.284868214524551,-0.178278323069538
-0.365495363,-0.222073646488676,-0.188996494411017,-0.313346405962734,-0.240401612428831
-0.242074991,-0.186994157251441,-0.0988863142994155,-0.253335923828513,-0.264255189824462
-0.257084599,-0.258818386340221,-0.101521694470254,-0.0101085562830457,-0.0027097472171915
0.231890032,-0.199734723545053,0.256023508509438,-0.174123311663063,0.0559282785108224
0.53855689,-0.0884656725993885,0.481970268598597,-0.25216498847351,-0.216670368438171
-0.623303482,-0.706972782257356,-1.28438129504889,0.0374760186600461,0.033967712417634
-0.459937614,-0.695181699899667,-0.118793136262479,-0.0970107056206743,-0.304478039378908
-0.071448032,-0.393432355527964,-1.12574045091399,-0.299484069130483,-0.531955381218631
-0.63426524,-0.73417953077804,-2.11492433399499,-0.404544179694711,-0.282060867183656
-0.458229005,-0.283978164566749,-0.253686760873243,-0.278214894050638,-0.429155744132177
-0.323331598,-0.192268522313489,-0.167050676855299,-0.239464002057467,-0.319505488534648
-0.163288104,-0.253998895733429,0.0238285284219388,-0.308833700235983,-0.262529209135718
-0.149920105,-0.243809024015491,0.0365423267939973,-0.295904403547344,-0.268080049854458
-0.366508682,-0.29846065913544,-0.0948948035266315,-0.216708391381669,-0.191174593741835
-0.206444935,-0.193382249499143,-0.0972199382879267,-0.287338773773619,-0.336928444366883
-0.310136618,-0.24991508500483,-0.188743630482885,-0.315816563945244,-0.363929100473412
-0.533040614,-0.241954517227493,-0.395043256875923,-0.247665539100444,-0.312269096147967
-0.39776396,-0.305152594537526,-0.23457623865203,-0.230234489214657,-0.21212746447478
0.135863696,-0.146911035946888,0.304612829938377,-0.363131084918078,-0.346526378370567
-0.266364833,-0.177578644833135,-0.240003252556134,-0.32548266500132,-0.152819860341726
-0.360020674,-0.319470899913392,-0.170725054480835,-0.317127314291846,-0.286156466999915
-0.323726729,-0.291122475917636,-0.237985047505772,-0.308826133340196,-0.431897052494923
-0.55800537,-0.452182874799792,-0.285508637964067,-0.374973420003989,-0.331811074219596
-0.353169351,-0.16181827756017,-0.214000614589084,-0.272610069102337,-0.386408223977973
-0.546272165,-0.255895350379862,-0.448163886225189,-0.156281097989864,0.526500313253914
1.679595456,0.754538417044623,1.54559063763345,-0.118956157975178,-0.247470104487746
-0.033889,0.0776534295543976,-0.149308237904843,-0.0720379131654998,0.858168737089979
0.448133787,0.423889929542471,0.546039868283303,0.393644600926826,0.0395029856260779
-0.096467492,0.00130628015008936,-0.0919057409508339,0.206459866580323,0.161273030387985
-0.069965997,-0.0503257778759631,0.0493929327068936,-0.0631711012268551,-0.0938464030820525
-0.168433182,-0.118090071196242,0.189338574507376,0.116769525611064,-0.109920651389547
-0.226980845,-0.0252461995009848,-0.172352276123626,-0.102882873903866,0.042582562870915
0.344856902,-0.0673903072764088,0.58702819738419,-0.203364043621222,-0.292346807504184
-0.410044035,-0.158982141704763,-0.136730711666827,-0.0453349298158246,0.0626743184192067
-0.149192669,-0.0846665875157739,-0.153276299152737,-0.149285212485124,-0.18332919092933
-0.03589146,-0.171264229997747,0.258506572648438,-0.0514639965597887,-0.175711097868846
-0.162698367,-0.141259292635661,-0.140706361935855,-0.267800823803427,-0.161295440031253
-0.245408817,-0.140189166479649,-0.0120484446466533,-0.240698451281947,-0.265102800671171
-0.418596825,-0.288898127941541,-0.15126004574488,-0.247515840802829,-0.207415577703814
-0.144033322,-0.333752547004912,0.187805016334108,-0.372111117181802,-0.401088242790807
-0.396894262,-0.286248647975906,-0.263517752174318,-0.335595163608683,-0.338534747845259
-0.5212562,-0.347152001539229,-0.213981610363536,-0.318390583653704,-0.358813310312019
-0.364460899,-0.289343771884847,-0.231656631164807,-0.343832957601008,-0.393130169099187
-0.279648104,-0.276401439213642,-0.238932501256181,-0.392830459578919,-0.36156289148977
-0.341686868,-0.246935287948773,-0.146601702826223,-0.285873691339666,-0.308394367566066
-0.413685205,-0.278789380406487,0.0570825776751963,-0.0612268067299208,-0.0666747660152985
0.23321553,-0.119034063823224,0.468955685154612,-0.268324471737618,-0.190517271170483
0.095053761,-0.0776713936146098,0.285111850851716,-0.231624259408848,-0.130726962160006
-0.439787867,-0.130027967538022,-0.120400499075191,-0.107930653496498,-0.0346799179002237
-0.142844323,-0.14847134089705,0.100733728020489,-0.185838845347621,-0.344221870082504
-0.338835569,-0.217502849692435,-0.0685829774823077,-0.119361791756979,-0.227049740100401
-0.485226319,-0.140735163180458,-0.101071823296227,-0.186739140118181,0.288031146724744
1.106145642,0.118572889598521,1.06341731879377,-0.321086622968466,-0.396433259264012
-0.341747572,-0.249730458072503,0.0202727244046488,-0.0764328497124902,0.293148098658404
-0.26874011,-0.0760868380188264,-0.142333608890991,-0.226196187169189,-0.268645669324525
-0.38953887,-0.183665291213894,-0.00581701531695904,-0.136952540965146,-0.280874412722855
-0.266086994,-0.2735345111183,-0.223761464958274,-0.395503830786741,-0.461756933164496
-0.573303244,-0.282108158472305,-0.385507443194908,-0.336729150468253,-0.364757534677786
-0.459262946,-0.439597408247811,-0.162322218790319,-0.381650767179383,-0.457149802386062
-0.3930848,-0.359321966352205,0.0209938770295967,-0.412427829676139,-0.403212595560655
-0.326092228,-0.287497568501141,-0.175018333844312,-0.370987913872262,-0.40042005826636
-0.42494843,-0.307212200376765,-0.145983617045999,-0.540232596026563,-0.285588759499575
-0.065221337,-0.157679541757968,0.112867767214892,-0.471221161059278,-0.798908549312425
-1.429907742,-0.468506674464538,-0.623288437728614,-0.258819482128126,0.0400070260954861
0.317175666,-0.1238626506483,0.469271587170316,-0.358845851152299,-0.857879339444177
-0.573625515,-0.173448485214903,-0.341185717931431,-0.322717840003308,0.058741529504771
0.083906035,-0.12234751194541,0.395343820033926,-0.310441966295186,-0.365962903989488
-0.277280044,-0.0583569371921233,0.0257433005406773,-0.0985909327824016,-0.0710822601474862
-0.191672017,-0.104527518210427,-0.0568801694249546,-0.248821132264226,-0.0489964457988375
0.179372055,-0.0806986154779537,0.395306562174556,-0.162021774920452,-0.148469336108311
-0.048711837,-0.171312203987359,0.334164987224172,-0.149262589137176,-0.129848718992703
-0.409042341,-0.143766722688597,0.00643687410463451,-0.0615444877075388,-0.127216034992262
-0.269899083,-0.131379981560533,0.0536439897204074,-0.126452632645279,-0.182392804862215
0.051788796,-0.140062146231452,0.411501944308499,-0.327392015124668,-0.333231555961277
-0.385979891,-0.293433091692491,-0.00594241251782611,-0.239372148235814,-0.186762782235492
-0.422312016,-0.178245795568339,-0.110246201221612,-0.162396917528177,-0.218270307672244
-0.111625632,-0.134462817555594,0.0265236031891457,-0.217916541499033,-0.250066829418264
-0.078016078,-0.259721948657924,0.0952995108790957,-0.297855886826683,-0.163543434951182
-0.138331938,-0.261698708516322,0.0846014915795958,-0.253995016738911,-0.222916308551315
-0.310643208,-0.281287538373016,-0.143726663942313,-0.18510452386894,-0.372349250835119
-0.710681258,-0.217722268429611,-0.571472021651242,-0.136499293181432,-0.173661765211897
-0.063663789,-0.110678632310403,0.304041283378757,-0.225761616151585,-0.355065627467153
-0.05218155,-0.177513332238365,0.239776206440908,-0.133115979319733,-0.139350444245355
-0.15166321,-0.187454236324362,0.190227284745134,-0.093856303598686,-0.0289288084831608
0.067263377,-0.170939837747789,0.32324089254304,-0.151964830725548,-0.229647176541303
-0.334946421,-0.136901978576044,-0.0246756340452748,-0.152273036919523,-0.100597914943218
-0.250905898,-0.0637641688598439,0.12544410239117,-0.098422062070861,-0.220594320599102
-0.276303092,-0.129323320006644,0.0672369050877932,-0.117720671059406,0.115505995056694
0.65930676,-0.107731441382631,0.845533693685835,-0.341783818418254,-0.384201949435127
-0.498982953,-0.0840496786399129,-0.264482581201269,-0.282075016925658,0.0226780717841739
-0.488173117,-0.0475982876259448,-0.249194486960104,-0.206900737037406,-0.370304039725381
-0.487086038,-0.104544628204759,-0.32371464827994,-0.194714837513183,-0.167923310359134
0.196311242,-0.23186798578036,0.387312740349494,-0.408777991204472,-0.361516865796672
-0.207597668,-0.242297536761751,0.140039347873891,-0.170328266580287,-0.161016200731236
-0.481466979,-0.10859944041981,-0.218227703884071,-0.234396743206753,-0.104680062523674
0.035406659,-0.170065361034574,0.149152381529339,-0.269099483245782,-0.473794095619524
-0.584785855,-0.153844838300961,-0.217406726699853,-0.120676950307631,-0.0738401208863862
-0.226701359,-0.0241067897147651,-0.140673201582617,-0.23627130933858,0.0151692862340813
0.655313092,-0.116805586969678,0.935035161826024,-0.209420979493258,-0.21542742927999
-0.150904724,-0.212877218005894,0.163922868123137,-0.230356095508229,0.143391957598663
-0.174783008,-0.215665325763948,0.129727327000935,-0.203855934297721,-0.297086895364412
-0.533829195,-0.204439323106846,-0.220865572407299,-0.150591179497002,-0.376987152924961
-0.679983492,-0.308161036762895,-0.0504950169162435,-0.207229193965969,-0.304411305212625
-0.13563637,-0.191229319787302,-0.115780565826088,-0.353385115160128,-0.379346566202119
-0.086818805,-0.228089407104913,0.194871507311436,-0.302414902324511,-0.224146302421741
-0.274741029,-0.290796488942464,0.0726329448272327,-0.115688128742843,-0.0594681332667875
-0.032153763,-0.15828494923735,0.221911930732202,-0.176764534169858,-0.0777937144875306
0.171788128,0.0243309672866927,0.0729197241199806,-0.21555658203775,-0.206505090637038
-0.33718767,-0.300109222975818,0.0259363809298085,-0.179639483078469,-0.137347803372076
-0.424310201,-0.349336585222291,-0.0104422363008317,-0.217899542839728,-0.30100418949872
-0.308215488,-0.194900440462827,-0.188417917323085,-0.234622986721613,-0.446424558931251
-0.53736592,-0.336987610892718,-0.24377260677906,-0.228744049807986,-0.279118118228396
-0.305026856,-0.210812972092316,-0.207965473891115,-0.21712671736744,-0.175498829800928
0.186174399,-0.0553438671636023,0.293409343991423,-0.205693106962718,-0.181448691239654
-0.043682512,-0.0157578655635571,0.0618296799487368,-0.102901644609751,0.0849393507149388
0.035983771,0.010540646902141,0.126057460460257,-0.00832311916179477,0.0937220583198341
0.293727289,0.0627838956418331,0.518175221302555,-0.0125769541323345,-0.124144291480215
-0.264274229,-0.313559071772645,-0.0346127093742279,-0.0652228068572195,-0.0435297342568842
-0.332499528,-0.0446861332292704,-0.0616863759983652,-0.130516430609089,-0.287471395016382
-0.408873566,-0.12041715899282,-0.36234384086077,-0.210064423164412,-0.291439878679948
-0.257031637,-0.260102300963634,-0.174535017018369,-0.358873684658086,-0.376341543787293
-0.364542055,-0.324253095749388,-0.238714201982633,-0.270346744532475,-0.30095663981407
-0.369262434,-0.288983057116357,-0.213524431891185,-0.276092753902182,-0.210422862667186
-0.032535356,-0.272236781164381,0.125468031029627,-0.352587926839162,-0.322313021483081
-0.247295465,-0.221614473961374,0.149754700512413,-0.244851316068889,-0.267411267492817
-0.511732627,-0.231401408484648,-0.452421758186803,-0.172302345650316,-0.168728535039456
-0.115310497,-0.15860751128946,-0.0258957991736298,-0.30260034818701,-0.290381140332059
0.020232848,-0.236354941157722,-0.0427868424891072,-0.436113400793455,-0.516135759518516
-0.926815966,-0.460277518223614,-0.653284644268105,-0.318977868568258,-0.257768603742632
-0.497470665,-0.321892312324478,0.0174473338779906,-0.303536585394379,-0.676471433879971
-0.643264246,-0.221521528337564,-0.514173262984179,-0.345349180510282,-0.327600987911886
-0.107459946,-0.127047589209212,0.0493490123475083,-0.277311695099323,-0.389472090418723
-0.278294035,-0.0471672177355044,-0.106102811327767,0.0171728728064276,0.192467890935863
0.548923192,0.200030472621041,0.559562780211797,-0.0459003604412658,0.213936493515734
0.875914841,0.290823146328863,0.591818648955492,-0.057398108246137,0.0391177224620419
-0.363840179,-0.0964658804470637,-0.190961228959127,0.00271066491350512,0.27261635718733
-0.259952968,-0.0132391388250733,-0.0327770612674291,0.0873346857416891,-0.235525847057061
-0.30617825,-0.172801087739978,-0.124538483671613,-0.0994452798659288,-0.200736206779119
-0.158271484,-0.236554589382558,-0.0158545584400178,-0.305481135312894,-0.20807860751291
-0.093560559,-0.262143474854779,0.328869209585122,-0.22259746919926,-0.219623226154226
-0.286916181,-0.196850957913454,-0.197873874885325,-0.173762198994426,-0.107039500864208
-0.095068548,-0.174458600764699,0.0823727354928027,-0.174838558009107,-0.219034291919945
-0.18449367,-0.181291828971277,-0.0468789253131669,-0.148717719033736,-0.131150229273878
-0.150826507,-0.139714240035993,0.0288547944121472,-0.165929126699637,-0.135160912208917
-0.10466843,0.0217405895523335,0.0199821985176054,-0.0843690240051183,-0.0991232709215975
-0.192089305,-0.0289094999236846,0.0475545793807026,-0.00168249062111964,0.342020939138505
0.91189118,0.425725621106682,0.9087178402575,-0.0604377331146244,-0.0200625882113101
0.209508253,0.114033834072133,0.3767938299371,0.103072449630726,0.246880860842321
-0.274338305,-0.0851579548602031,0.00394780453881403,0.0503346153320399,0.0745321728624303
-0.080244229,-0.049572818534942,-0.0423272867482636,-0.0763260361297941,-0.338208829475361
-0.533966822,-0.297869701770108,-0.256138258914701,-0.128582868780828,-0.157948739813398
-0.194407454,-0.204031795774728,-0.108744389819283,-0.220337299659501,-0.414226283589432
-0.440406585,-0.196793110233057,-0.279428578647294,-0.0895423924218531,-0.0699638096148411
0.031574966,-0.0190607091518186,0.0310140192714339,-0.281366139812464,0.0247849601071772
0.595114846,0.470744021331517,0.843611480154811,-0.253333696212727,-0.172534570315284
-0.32736397,-0.157420385783064,-0.15631620906275,-0.0654113833556275,0.143002950644846
-0.362714333,-0.134276314570843,-0.256670599571737,0.143653479102633,0.210556514221931
0.527862437,0.320599914796742,0.356094075849084,-0.0273190272194413,0.415736266220568
1.331507371,0.76189567691767,1.18910506705771,-0.00113304757795155,0.326882298286666
0.336714823,0.191322279798133,0.691601959294344,0.415480095683885,0.494501441032552
-0.244697551,-0.0761683304576118,-0.223551585208672,0.312692245338952,0.250678187808148
0.043054266,0.0548958818650979,0.135749368558311,0.0194530853261375,-0.0697157424643398
0.038961268,-0.0368515892279662,0.0312705258024704,-0.0560582266942914,-0.106421916517339
-0.292518417,-0.127903072167121,-0.173084133788825,0.0339547357811445,0.0841333944652085
0.14299523,0.0560194038549077,0.156705590483297,-0.0525675028683304,-0.0842318759162554
0.116334865,0.0257351177595538,0.303305601111879,-0.0678192028380606,-0.0371734627142641
-0.167136228,-0.155557965581229,-0.163555280912022,-0.0736661877584328,-0.00169703817061592
-0.111794877,-0.040444261835493,-0.0752048975547364,-0.0249832868621518,-0.129419807945707
-0.169664299,-0.0321305736045922,-0.0568212138392033,0.00417801773124171,-0.0212357729916428
0.01357067,-0.00311091917537251,0.0205227105625957,0.0644506981557151,0.118874178457213
0.397531268,0.239744691164805,0.572630547104139,0.0683088400995543,0.197292823713002
0.491872311,0.228893424571206,0.479547681097954,0.0273626866244523,0.131680042129072
-0.066694086,0.0412613364783864,0.00280187200843333,0.186239883553461,0.181009807054718
-0.181471063,0.036258764992516,-0.0585759668398614,0.22773385037977,0.165965922657474
0.42024808,0.160836970074295,0.505226059201179,-0.012202525293311,-0.205829063946483
-0.238477975,-0.269902441739073,0.0743347278300974,-0.0496542837805736,-0.0219046016847057
-0.4179939,-0.0762718439606626,-0.263085224492042,-0.0303157707618921,-0.152684178693687
-0.187075731,-0.0448990660168874,-0.082427144836166,-0.0745844601294037,-0.168464537946948
0.093108264,-0.167190864900858,-0.0630570716559553,-0.244794903906245,-0.234069142015763
-0.267395132,-0.226313546211987,-0.240351513592677,-0.219021035054506,-0.0601603950784981
-0.121809402,-0.157804333937634,-0.0695336911752444,-0.30727518880332,-0.322032916871834
-0.38059708,-0.193547801593834,-0.161403705775847,-0.237729485321205,-0.402425033450478
-0.739894919,-0.410785912594668,-0.593348902662308,-0.219746548703137,-0.302981962528833
-0.331604735,-0.177340707426569,-0.179583477690976,-0.237520244802227,-0.273743199484949
0.14363478,-0.0984076428284267,0.112638192470532,-0.236087536880985,-0.155537058147786
0.118995868,-0.00401328237296969,-0.000788507275739248,-0.126136686875611,-0.0618804106357925
-0.279637045,-0.0130380450161911,-0.0848458219584813,0.131390658416176,0.220193436633545
0.289647112,0.0381494601474257,0.290677871505049,0.0526943087538671,0.167258657387042
0.706953063,-0.000651719415236677,0.533164313217378,-0.0136422402909427,-0.0446802496082451
-0.387581157,-0.11989641818561,-0.223859918928478,0.234224609067583,0.406507699264429
0.200411143,0.118418250335269,0.258364156345771,0.179332817765958,-0.0848833840208957
0.052980925,0.0494103743798025,0.119874636455795,0.152774367474394,0.133407281417379
0.129513372,-0.028150715827977,0.197810848927799,0.0633949694713709,0.104592579774342
0.143084588,0.0123529756843429,0.103003477733208,0.13337875752076,0.134169791239508
0.15447948,0.106878744717575,0.24513975194266,0.131602839721978,0.127155492850317
0.089927558,0.0726628586334781,0.167780719865626,0.231284782979537,0.203892580180724
0.205212486,0.136719390762101,0.233074896349251,0.31516097659005,0.31978823117378
0.502531201,0.223289934317339,0.241232473589001,0.333981336900868,0.47174216917926
0.72720192,0.377651752400435,0.609337213894179,0.368585401829806,0.68108589347797
1.011647576,0.432546183917642,0.820777665641467,0.347435342182448,0.498753357662753
0.406536149,0.0749366113766888,0.103051417875234,0.33984754878681,0.366362070200931
-0.281823545,-0.110146122541906,-0.268645578246324,0.36233266147643,0.276417006299879
0.052218067,0.0141925022970557,-0.0716159411017687,0.194450687039251,-0.0217250506274539
0.078807146,0.134000201299614,0.124136312151234,0.221443880366272,0.195085471213661
0.324161882,0.0701846332410747,0.147086684176106,0.129826484606229,0.352127620315066
0.619523981,0.315724849902993,0.645843345517552,0.150014320931528,0.502116618567604
0.937544453,0.415087168823651,0.917224975574969,0.05596174706851,0.0223904401655049
-0.546124521,-0.292451183663317,-0.552219327847906,0.100003883397992,0.239933312301096
-0.447078047,-0.258436282800477,-0.415861949638345,-0.108384882008091,-0.241081849371282
-0.136949932,-0.109107730634264,-0.0749314577847146,-0.212612802528194,-0.327636037283688
-0.307509823,-0.219283319585112,-0.304679345633916,-0.132903546544523,0.0293656885360534
0.058959528,0.0347142100527354,0.106889386974138,-0.0440940471756626,0.48744051212832
1.555589302,0.966865984063388,1.36673431351246,0.138408024754119,-0.192878442006753
-0.57088681,-0.305896761570532,-0.507417138883459,0.0285499341564528,0.970922316981572
0.768533112,0.56774644356141,0.788927608032023,0.25389117362183,-0.259384545314388
-0.266043112,-0.113025456160209,-0.25248548249823,0.0587827024736089,0.285716582264928
-0.076078744,-0.133403904151411,-0.160976484836315,-0.0432107533889763,0.0188561559420601
0.170067035,0.18459537396356,0.306971197387332,0.180227743110061,0.0500518914066629
0.069229044,-0.035811993567271,0.286122828230508,0.11636551300778,0.485985453437831
0.895877273,0.234499880130818,0.905891231403127,0.224419783539936,0.301407426978533
0.526515537,0.107082422538074,0.229421905717549,0.359623587526312,0.642199457358677
0.605575673,0.425390586667062,0.633297166266999,0.091928711415895,0.269460416994881
0.180943025,0.0871722398330912,0.00536109380269033,-0.0363250934111054,-0.29504094137074
-1.296651246,-0.0797318708623723,-0.8144493733115,0.318387997873455,-0.168849944675852
-0.840135379,-0.433087533490839,-1.1167516644307,0.0318610402117681,-0.0903772287788583
1.064881347,0.631455177925744,0.755835776681079,-0.253538464745661,-0.504666811468808
-0.296582909,-0.253436907791935,-0.377464626785576,-0.292949655052796,0.776750144831788
1.030005701,0.241396392490368,1.03194367200862,-0.29153047391982,-0.388254886233776
-0.688204111,-0.171649826593881,-0.309292278927561,0.0121956301732791,0.24285326251362
-0.451739204,-0.262415995189916,-0.479253244800435,-0.131885270834698,-0.179989239309091
-0.036348458,0.14195209311916,0.19866722391131,0.199730339017615,0.198856231807614
0.823099075,0.354637175322705,0.784093315662918,0.113578012114655,0.452437595222682
1.1292529,0.36889429206493,0.899525023661764,-0.0234766265525009,0.488487414250302
0.494529698,0.296568059972432,0.442489677386125,0.0256269445936268,0.103705840609762
-0.904392274,-0.19742198108494,-0.708828843059796,0.409132761020172,0.00186306209400378
-0.876159365,-0.199997589909905,-0.334524079132235,0.349363641222959,0.221168621765159
1.223750926,0.51306170266259,1.14672863606567,0.0409296494039747,-0.144128661622683
0.643977651,0.238192212708989,0.637658880728662,0.0450710800459206,0.494394390826624
0.151453551,0.0244863522888224,0.109174392542249,-0.202371929603968,0.165211680309511
-0.210523105,-0.0833536697715403,-0.173756915514011,-0.0836157702996225,-0.467581426366373
-1.269042022,-0.346248770496473,-0.614196913651613,-0.198807577411002,-0.364392058264357
-0.618354081,-0.220404946826047,-0.575284808832641,-0.304877438011423,-0.746690073770855
-0.515612604,-0.250561523247116,-0.396945773113364,-0.404053500605282,-0.194515154265377
0.418128855,-0.0142384518586584,0.11958990391872,-0.609118215918461,-0.449922847465923
-0.577818936,0.0106496376105268,-0.525683665442045,-0.058187678087394,0.581278810096769
1.065111694,0.640082375082529,1.01184035672055,-0.149437356237093,-0.281769630224146
-0.128633034,0.0446869398816754,0.0599296255438507,0.189412730826548,0.405205714336171
-0.049120238,-0.0720108253725986,0.0291988126886961,-0.0414207581542748,0.0552947291744439
0.204654462,0.00279608568636208,0.205701679008911,-0.157557685690129,-0.28546046723164
-0.544512287,-0.350898324813305,-0.455833840528878,-0.149017372206969,-0.145480361478693
-0.538582656,-0.205610350126818,-0.186004575264693,-0.20220375496456,-0.222806320957767
0.099955658,-0.236983451522443,0.157078601868523,-0.21215820680514,-0.572249231423135
-0.75939621,-0.0958184539147059,-0.246477995360985,-0.149481432216981,0.0924863630719438
0.358723812,-0.0385945417507909,0.217848507738537,-0.35917907799901,-0.811396164944555
-1.007652306,-0.0926162005601569,-0.589306371223923,0.0197164716741638,0.208240319195589
