630
4.391102867,1.67103597716074,3.77897914897093,0.785576180972707,1.68359284899281
2.064334302,0.646104583136247,1.83665498798674,2.8168488583333,1.76129659501995
-1.018083081,-0.871547514929508,-1.44243467796089,0.812053850594168,2.48993727299695
4.022604757,1.029346268507,2.59785450982373,1.7599848761884,-2.96534681117707
-6.925970978,-1.96899972242733,-5.3314025208048,1.7765112107427,3.28812990074441
3.539289595,1.18409352034961,3.24908698222751,1.24611938943245,-1.94418196085469
1.445195382,0.419264687826039,1.26443528194213,0.858962067002189,1.99885451820649
2.613319357,1.23676887464768,2.30044531956417,0.647304170749194,-0.634309426312978
-3.701162476,-1.67830158286161,-2.89307764708831,2.48249295579533,2.29191196274857
1.949938846,0.862010375778207,1.54756675609932,2.1290903930547,0.180932708740101
3.161334432,1.08261585044458,2.60849218336024,2.0244039126753,2.12997657962144
3.220238764,1.31415352530642,3.11891635198514,1.73209934185752,2.37493781532701
1.932891231,0.902558137354592,2.06486094473807,2.4115243287169,2.36240071588085
1.605247539,0.765951631850161,1.51011377954138,2.30022585882436,1.69908030205746
1.229687279,0.470810995005273,1.77202713802273,2.39628163928712,1.62415399428539
1.293530199,0.361358478288771,1.08629561639997,1.72343701562654,2.20331984574677
3.658183708,0.851993172801438,2.73330513939164,1.09892977564239,0.645231740435143
-0.252322859,0.511437869691278,0.0187447641497058,2.01019374078215,2.35569183580771
1.172673811,0.260962527496904,0.405947551690825,2.09172956411171,1.5101116691458
2.799191914,1.0745109371543,2.53088499258343,2.15785433416658,1.71897911273879
2.543016374,1.14439962175243,2.310774563642,2.17979468149083,2.0594347129746
1.341664142,0.750190580623709,1.75730997861907,2.02877214152267,2.74869372486235
3.570156233,1.27964351048575,3.27757825146989,1.68225760401075,0.496755226399493
-0.827580076,0.293021123467544,0.0934212211738046,2.14169204380804,2.21669134891146
0.840410395,0.392888981477271,1.03029638407227,1.97418174078453,1.41309331439754
3.042790245,1.0360203752481,2.55848444220609,2.15884698751382,1.85417731786186
3.051772003,0.936634668966127,2.700261168318,1.96482406466511,2.78532068840978
3.110364937,1.20596489861755,2.63734466923724,2.43650087982478,2.29225102828098
1.367574858,0.584995011705191,1.14972031401407,3.06229572941842,2.96263130759735
2.740867404,1.37973333776744,2.42640973814368,3.0572079731863,2.487045082203
3.306348862,1.38096074188307,2.27005101574296,2.55850424621594,3.07711811451754
3.770289713,1.72413898773905,3.36164799975344,2.84315775853627,2.8501362694471
2.341988495,1.08101289652527,1.7607339735355,3.15837370707849,3.55249765817486
3.558396436,1.63892088069475,3.0672369695763,3.0367715355639,2.59174515476572
2.647730767,1.39137228345168,2.26222100762852,2.95764328187139,3.00192047854767
2.593822528,1.46835285868151,2.50529080503353,2.64841193971332,2.69015729678552
1.421952259,0.98757520341844,1.51177796211113,1.51479173547211,1.67277151181693
1.868294709,0.931407524411554,1.35928555390825,1.64099727831432,1.61738778739004
1.753345144,1.21681612103219,1.74681322563167,1.84216627535504,1.94366816038354
2.067893901,1.31210726111227,2.05962239321992,1.73890763923449,1.97005268997621
2.311416297,1.34102803233867,2.43462400861834,2.12801968457505,1.72691779585464
0.729735043,0.564430281312529,0.732331395212091,2.29322271605591,3.84010819507099
6.005280349,2.57347820112702,6.35103819873727,2.18149362710628,1.50496947917436
1.71953594,0.807266874669612,2.05352917184629,3.23268036344891,4.58407064602035
3.774963871,1.29812487588337,3.20618651187928,3.11392312306736,3.49242034859007
5.10788127,1.73401987348773,4.15527417247111,3.10201544780982,3.0866343354509
2.765481596,1.07212180245578,2.58490373650337,2.923031094222,3.3582032403128
1.888277046,1.11562844488591,2.1778467938848,3.07887232089181,2.33290969536773
1.724317708,0.547518770747529,1.38520932082986,2.50244937015657,1.427605236342
0.457053023,0.396336643780154,0.454446151175672,2.24073895061282,2.22031237061502
2.782380752,1.46389747342747,2.4721938273619,1.90605635597418,1.32666564721225
1.98135721,1.00277744988676,1.90850982154708,2.13750281045529,2.27984770392269
2.31517555,1.10867285683002,2.04881414125202,1.92200442407042,1.45596515725331
0.738848896,0.176251425090123,-0.191753460224645,2.0377843401348,1.9059987399624
1.512118349,1.08211700966136,1.91449718987803,1.75506934507415,1.32039161095512
1.702448784,0.828749101144824,1.61054775064844,1.69795865673528,1.4633809574946
1.303817548,0.838497884570952,1.26511250430846,1.73117797631304,2.12347897405441
2.754695785,1.28780208982036,2.41744886057574,1.50187860519171,1.49145329698668
1.670148176,1.20155069293943,1.91150515883613,1.94671116230098,1.95878360278302
1.187876064,0.844630310337919,1.26719300581699,1.91224500910635,2.10973645985342
2.460670552,1.4930516984682,2.1394869381387,2.09284406726298,1.72799172326415
2.141822542,1.4966175006458,1.95979200134296,2.05447800494435,2.3267676680396
2.447135711,1.52964468118966,2.07085475507246,1.92226397878336,2.04777390881521
2.123284349,1.19598391395781,2.01886831306261,2.05846939192973,1.62740669583639
0.668726934,0.547663209117208,0.644858291705113,2.03845926896034,2.02255243420066
1.953940578,1.15865976428201,1.64078371851343,1.78467926243181,1.17583199837422
1.333324034,1.14588798636503,1.51282946339544,1.73736570706557,1.98140592625903
2.344670309,1.12419826508511,2.2876128895632,1.37230380412005,1.28470002750001
1.069824207,0.811421790705538,1.43178168316821,1.89342861654212,1.96033749827563
1.637059762,1.01020464408983,2.13191873308732,1.90028763838116,1.70564086438165
2.129827115,1.15934731192653,2.07793438815974,1.93342922897844,1.99259108698495
2.458691818,1.13211883914491,2.25507075501172,1.79306398325916,2.08277986950316
2.222732506,1.29206994352487,2.14482060595695,1.89104551878655,1.96243560896742
1.754059684,0.925096401111736,1.4038087624231,2.00340980312765,1.24768269254422
-0.102899575,0.0885103728928007,-0.133654603354598,2.23710656743049,2.02777397702373
2.163378831,1.19020938469303,1.9428747073717,1.64953092930566,1.38731963914603
2.791840913,1.61791534108959,2.50846204205545,1.66871576593411,1.64929030205835
1.233183164,0.891409479681819,1.20959256095828,1.75506195195256,2.60562025671069
2.748293446,1.50882199084142,2.48403229409455,1.65109612657085,1.46306937716585
1.750989184,1.08492549676485,1.75415437220838,1.63871594906086,1.24884564104619
-0.253086385,0.114655605163335,-0.187676385807253,2.01331647576788,1.46910653468912
0.516406371,0.361938717912073,0.311899974934613,1.99983282444113,2.12603407229812
4.617621358,1.37588623415782,3.41938714507195,1.32753786703164,1.09564290506708
1.676824724,0.928975851820916,1.86968779881061,2.32378059813685,3.05411426918438
1.916456506,1.11204140803863,1.99230484964953,2.75692570481937,2.63466462614681
3.387843791,1.28902226233756,2.69594665429527,2.28346945679175,2.18415967004556
2.725867595,1.10461186032186,2.2806725470382,2.00337369412519,1.98029039486345
0.647096998,0.461391934759254,0.789077466091469,2.26446431191806,2.19909261807253
1.516431221,0.753476341690322,1.51545776321762,1.81501002226047,1.53981866600797
2.408339015,0.951647361966754,1.97489804319652,1.32450355306208,0.929819590576075
0.271669477,0.475177252764307,0.687482001398899,1.47583881448731,1.77987504195307
1.185305035,0.749358057088752,1.19502384782264,1.58265463306555,1.25176715947511
1.948080121,1.00808993966645,1.84351278619805,1.47908741465936,1.47199084827398
1.922939587,0.866434155395873,1.70524871414285,1.50134884996313,1.63174396229719
1.236025493,0.713615972178779,0.925503258787824,1.76890445821607,2.26376560995635
2.746061905,1.81245355279323,2.64288590945147,1.9877322809175,1.62101850168382
1.792168715,1.13042296256633,1.53537057259277,2.01566595121804,2.54077540819387
2.721703354,1.4938469575182,2.50051886270452,1.79860176392224,1.72934395697006
1.535611799,1.14340995027553,1.54179655949969,2.09515660103836,2.13218174997892
1.654387772,1.01224011742614,1.72223455044394,1.86664268075823,1.71135073304256
1.731020882,1.00244649412741,1.76540601925584,1.94096000273595,1.68430729083632
1.626382981,1.1923261676339,2.14242121279811,1.75848297654094,1.94571529589414
2.299107842,1.0866480326187,2.08677613695766,1.72554174382812,1.54278582559077
1.309878278,0.7675379930212,1.17006662155566,1.79751859846757,2.20602625451154
2.346546655,1.06861718572095,1.98117251013733,1.61352256642431,1.44549065545058
1.436816342,0.912797033268781,1.35121681286733,1.72801080882773,1.85989225355874
1.474563467,0.884899495012954,1.27053822849256,1.78206106429142,1.62749192259852
1.625580288,1.05917725004543,1.80826166712958,1.73927189541263,1.81093216382328
2.268655115,1.17418297739542,1.92399522401457,1.5762169508119,1.49294648443188
1.274623294,1.05348659838415,1.47899002696435,1.88967806375869,2.07766245210019
2.002862778,1.01280149550419,1.70049093930754,1.84026242747711,1.65007412872908
1.839558412,1.13594932004945,1.70922178083332,1.94170646072251,2.04949416481497
2.180292881,1.07469354005366,1.86223806939755,1.99774264181401,2.03160826393615
2.116233187,1.11834434527733,1.91296923237084,2.13399168441315,2.44420263493697
3.049595506,1.40372785451276,2.39044787041843,1.90012740797515,1.6102158332011
1.029923752,0.386861741205102,0.547554482588488,1.96521114405183,2.21057682115645
1.61860925,0.767847432396255,1.32692378646119,1.75624756495418,1.10684795429655
0.862460625,0.734677981470451,1.39923421303767,2.03803193939881,1.34867806129229
0.934923007,0.563405154503006,0.942422769035114,1.69508905563779,1.58482300560215
2.187530296,0.983005898814286,1.98519305947057,1.81426572072671,1.60770332204076
2.480373798,0.927418824321457,1.9934897177099,1.57812577103404,1.55725846236988
1.17037287,0.765076950204263,1.17031337268423,1.63164055102956,1.60239117116963
0.688246771,0.683952237558503,1.09035935958705,1.78141969056831,1.38281375985155
1.344244518,0.710859183403493,1.06228326439664,1.72566242900638,1.28417141008471
1.701376522,0.926214215934857,1.56607252520897,1.65856303777841,1.74329841849238
2.179681529,1.16419926902052,2.12561944198532,1.88762043524642,2.06069196439454
2.480348946,1.42795943534621,2.33159559304595,2.01481691342938,2.30815188454786
2.621220874,1.36816235868379,2.44956176579592,2.19486694992338,2.17909190733358
1.777348461,1.08041219099088,1.80468404760309,2.2851883210742,2.71051404677945
3.088655233,1.02167991660199,2.59341044645151,1.95052969076492,1.6299466400178
1.31891215,0.570173539192633,1.01453591117901,2.21191946617289,2.25313382859914
1.412623797,0.952383286275388,1.60502481236184,2.26287173272,2.09616398106445
2.624102157,1.34324610636435,2.39968510911367,2.34960518510717,2.06478189472294
2.616591451,1.21620722621848,2.29630900181463,2.27902439086125,2.79330049437213
3.241732337,1.63324716354073,2.86127774326903,2.28913506011095,2.58056075114039
2.619044529,1.67092007608932,2.33073717374225,2.78522699853153,2.71834087360456
2.180362578,1.35034764566594,2.09174808340498,2.72978783412957,2.81335393747055
3.006378398,1.84810548912919,2.74926547683472,2.82953711460603,2.37356050023612
2.338190513,1.46559716032385,2.26586840713704,2.57044008770937,3.11889637650249
3.569326258,1.85202439166661,3.1399552929059,2.44191776490821,2.24278132184623
1.850294316,1.09729565897286,1.86498578406704,2.90869186773004,3.33629059175257
3.442788073,1.71006365882141,3.09634904632407,2.30744537637177,2.20430531259696
2.500681647,0.985636157208532,1.84471844444954,2.2303816697158,2.28879051337286
1.230055818,0.850222845846403,1.28266334454318,2.38764511923201,2.28375100778504
1.810675281,1.12313632630866,2.10923188051524,2.39852308127185,2.10867138145305
2.842122373,1.43537757586339,3.009236351462,2.14154125754236,2.09189664658095
2.235307865,1.03256058557993,2.26637920316931,2.55281088253963,3.10358711523202
3.508206187,1.63801046443108,2.89031491631374,2.4386531149875,2.97113038949583
4.017393644,1.69125535466478,3.79714104826034,2.55161069836942,2.41558682459595
1.22181565,0.814642174792123,1.57176241937312,2.77977842133931,3.50795159600504
3.312778452,1.44479207351197,2.76216492167096,2.42126442134618,1.76578199332556
1.845005679,1.04503709825583,1.77655187196327,2.47803396456655,2.65549648700794
2.271484321,1.17128449768149,2.01343116266328,1.97136849051328,2.08172938339248
2.384051889,1.39365365075387,2.08525074142661,1.99344452579365,1.4834250698382
0.523998648,0.553258448474346,0.554328014791362,2.04214339783148,2.13733635456833
1.946355909,1.09020145655562,1.91109678753865,1.73383711425864,1.26231537244177
1.753187977,1.10657114372563,1.7321980786647,1.75430446891176,1.67007190977147
1.392776224,0.48095528993708,1.29886995576882,1.93506256945549,2.15180660883839
2.207152426,0.784187924537444,2.12845147179211,2.25550365998861,2.96014593826393
4.815364961,1.32475573568528,4.29799174182597,2.11053216022144,2.31251186542492
2.552607794,1.09998171629288,2.28160325702025,2.6200826449266,3.41076264643429
2.519591853,1.01684645925458,2.40622955857766,2.48086467825182,2.32358477130329
2.307123981,0.898223847032921,2.25470554993708,2.31355233975084,0.800456154932885
-1.45379232,-1.0912186050147,-1.52600055549637,2.26755198006119,2.07466618049118
1.76013974,0.853084321447767,1.76801172104986,1.75259083476951,0.581689860940469
2.264127047,1.07388134799142,2.12629640383299,1.37369599060189,1.0916380935392
0.754114875,0.597246349920683,1.34133678359951,1.33901563841416,1.66141346078156
1.152831281,0.604317102026681,0.980650241157298,1.53904871776304,1.19321931068668
1.410252233,0.79015011294992,1.76026834136506,1.74462213318994,1.32025822392889
1.215969251,0.528165372032733,1.27655624144454,1.76891179528235,2.29413352943885
3.385619089,1.49107054003997,3.12024312113057,1.55035146696778,1.76202967324037
2.48223484,1.08779489116103,2.18948707933056,1.71675484837804,2.11653791643868
1.109228813,0.70302435811829,1.24722128630539,2.14775868889654,2.04035085001768
1.485696819,0.722317713867064,1.82395210046378,1.86686974963731,1.49202772501926
1.87286644,0.71671966656825,2.19877967707514,1.40177552380401,0.94414506502378
0.260607766,0.422932276656243,0.938790890531867,1.53418844879346,1.58810465394496
1.167268234,0.678835603907878,1.61097338365662,1.66621645485161,1.48731968617825
2.470603694,0.939639671958479,2.35844409153351,2.06850719996941,1.80240233111487
2.506958688,0.933094364590644,2.44305922024088,1.94393026057647,2.48742310117824
3.215921091,1.4136227404816,2.9637612767496,1.74777403573624,1.17249264997981
1.0742918,0.536294164090104,1.57625400799285,1.72540122587998,-1.90899242080949
-6.494148108,-2.23072081827694,-3.01041244484399,-1.36677808298103,-3.98200156533074
-9.976731608,-5.05130682339542,1.44793319401707,-1.58363941476909,-5.52963790359784
-7.091214601,-2.65209592499575,2.24250471765569,-2.08880570013862,-3.69754597525897
2.362464881,0.502478469197488,2.12357630234439,-2.71632962181536,-4.12710719177836
-1.568122473,-0.840265314126127,-1.32941870271953,-0.961388210067646,2.1102894653158
3.616874433,0.436473040236655,-0.574164141032806,-0.0118248367163615,0.237825702630485
1.837747907,0.819620484614819,1.87581220611356,1.70306897116642,1.82185437070456
0.559566594,0.190926393433118,0.673936235722015,1.75546568678176,1.9084153987501
1.657853519,0.740545081273459,1.68137504055237,2.13165305638577,1.7563501820838
2.677442112,0.687026935322619,1.58287916524627,1.48630490197505,2.30010176530132
3.537043573,1.27059160411198,3.01001489096463,1.28426958579452,1.47954839660984
0.272790535,0.185279143890635,0.44162172382596,1.95194293380653,2.43254845660067
1.371836967,0.639859357779021,1.27889939425988,2.08314430915633,1.42581815494582
1.96823947,1.1882793134612,2.18614455952521,2.0510190997539,2.1035920876853
3.103133134,1.30917101903386,2.54892964629678,1.81100296259931,1.90689890296724
1.891579148,1.11726758745752,2.08100134716279,2.34861372557705,2.59666429940798
2.273253083,1.2492031432343,2.21371002925375,2.31108588976829,2.16827614262403
2.372803962,1.25483074376843,2.31057415689801,2.08189120716243,2.03401359739916
1.99798943,1.09922965315362,1.87769776612508,1.84842551066205,1.61180115979971
0.6637769,0.657206942065662,0.889391023390815,2.18040310600199,2.0476836471069
2.012878225,1.21061415112682,2.09313927349551,1.98304402862291,1.54645791190028
2.18354786,1.29007898942409,2.18785046309356,1.93657193764344,2.13753711678175
2.346599447,1.04086308944679,2.12408297797215,1.98182253274481,2.52853499324147
3.170650194,1.35266359563271,3.06359078805379,1.97740284950876,1.9228891636249
1.560891601,0.59345338994142,1.13052118744525,1.72704398987871,2.20313660562359
1.599057057,0.849017014690005,1.67865160782563,1.89757267275205,0.907589597807551
-0.306674346,-0.287666062680272,-0.365120176271591,2.0411962729575,1.78935071726228
1.887604325,0.919999344871731,1.60268211310635,1.62234576831077,1.15016479912259
2.385677476,1.22632190933815,2.35719585632283,1.62216418659013,1.76546551955639
1.933995515,0.695080297270174,1.63693017838331,1.68879081283206,2.08442745042031
1.966180745,0.731515624365747,1.6754101571807,1.87288490198348,1.75715495675873
1.491240826,0.856558057520259,1.54822993805151,2.08267879973253,1.86013692361309
1.624921379,0.733669248392349,1.16935852318817,1.92609177606024,2.01574942970233
2.580359051,0.98925543687053,2.36493478911764,1.74048116982093,1.72499653808289
1.820161362,0.665503211328864,1.5789385957927,2.09371619096872,2.17484225376834
1.768696152,0.603062302673316,1.21860653383926,2.20424864790786,2.32503748638162
2.743616326,1.12385225132216,2.45130760695166,2.16356546092223,2.24678988634331
2.866065721,1.31649336131481,2.65653636506722,1.68392273630982,2.19060805351884
2.084918005,0.868492456870335,1.83648722083641,1.83110933135074,1.4399805982502
-0.275558492,-0.0216522040544656,-0.209191088201603,2.35671080587097,2.05812887334001
1.876369844,0.792685638841719,1.67046998260913,1.78507891646862,1.13196435117988
2.388939841,1.32568098506201,2.46786086435424,1.1369413035563,1.2657424760361
1.401576639,0.54606776532542,1.20292798249808,1.20167175467637,0.239737570227655
-2.566488049,-1.45633330418081,-2.45402390992805,2.20618643955103,2.06397558975509
2.477035678,0.560425636007843,1.60263359428649,1.92959050998075,0.65833463154763
3.223961743,1.51256104504981,3.29661356184681,2.26015831921405,2.6696171692082
3.486763657,0.933967675333867,2.17736820452005,2.33418184523846,3.38053027201533
3.927901718,1.48349649474228,3.43610543628037,2.57654991018198,3.0739737062783
2.852665661,0.773257171669291,2.49815583539421,3.71269898899782,2.95080909850879
0.455045405,0.147239353864215,0.333729829814883,2.56720320416036,7.04696222711185
13.22462327,3.08218746233224,9.60334649161721,1.78622788314525,-0.0834468224603737
-1.578614785,-0.0782245637096511,-0.331433390836366,2.71788253466584,6.8103592215635
2.059297736,0.680060041663525,2.24870609619032,1.91636870651134,1.85843687987229
3.687273734,1.18966660530412,3.05964869985874,2.18163129599775,1.6348025051849
1.542114619,0.651507978369671,1.62930575896302,1.46206861841465,2.21629733232833
0.984243629,0.377503459382289,1.25810863592612,1.73217582992786,1.54791501841064
1.309017731,0.913443750680309,1.63948276143109,2.0147619758542,1.09304517859501
0.736360045,0.277088231990815,0.487962268431646,1.82076001445253,2.14423257777292
3.107693033,1.29648366950697,2.88253885937302,1.6094775879964,1.63484455759667
2.479736678,1.09935122344029,2.00664326456365,1.85051637604923,2.52990928156631
2.381130729,1.14615361971913,2.15354194945296,2.42273647145086,2.1670616591114
1.295562666,0.549398247437429,1.14851186450521,3.22571413465329,3.56920091264239
4.799165538,2.54163851408063,4.41105659782269,2.96859553038606,2.91906527206098
4.380902612,1.86878396700995,3.41238185899787,3.28901807934788,4.32391770024785
4.624848947,1.91612703143038,4.0282176722967,3.10008796555968,3.57663363813498
3.140333703,1.75538664862089,3.10171856747283,3.29163786947838,2.67747904030998
0.713433195,0.257136983482402,0.839381690324647,1.9659655769195,2.21949487954153
1.549453615,0.737264019494292,1.56740422538983,1.23718244680646,-0.229885519485286
-2.068142711,-0.568839281289101,-1.13117825247469,1.63149986132917,1.36979890919299
1.02480497,0.456443485377644,1.01383960125957,1.44957010606284,0.516260265878093
2.275560922,0.941452739255939,2.39417538916552,1.43075883943711,2.43380971460934
4.917663467,1.51828171989419,4.16286551362387,0.969506863385012,1.17185699222737
0.002420522,-0.0715494740722417,-0.109149422804133,2.29500107931897,3.28104981649863
2.101729995,1.0780725110795,2.53838069841251,2.23317988001507,1.30700050212388
1.999046134,0.707486865629091,2.04376903963935,2.34305021139106,1.74439925384974
1.323609128,0.365851688014817,1.23984928055488,2.14237159064058,2.57756315936983
3.23241204,0.729262351724466,2.06198012515627,2.23415229415316,2.12817893535104
2.752220063,0.649079191237596,2.28675843303211,2.21276064292355,3.12905700069694
3.50492789,0.713197508850963,2.2052213122503,2.4496038097769,2.45193870573818
1.961097292,0.722375183617119,1.693251339777,2.98229419186163,3.20953343260768
3.081679997,1.38302105715601,2.67818260995363,2.63804327999234,2.43102823312191
2.690918409,1.31340007129465,2.53082276713972,2.64292342516444,2.80050036416247
2.744349436,1.75324323362716,2.43150187181229,2.61531171623289,2.43897520360747
1.972243295,1.34539176871033,1.71205809145643,3.0235571416495,2.94535916764255
3.118207788,1.96734461739366,2.78845354404364,2.62668352957732,2.70361639727108
3.596876711,2.29403848296254,3.13789691849445,2.64917728095006,2.35574622656875
1.57344005,0.945059636895204,1.35264271475835,2.641409203285,3.11902798924894
3.155175221,1.76928113776844,2.75293215322657,2.29073804579587,1.11151135435642
0.438747906,0.389235880110244,0.529150283947458,2.03660780693332,1.43926194117344
-0.459281713,-0.244566824876583,-0.515301057642655,1.89036641173025,1.43421251550487
2.052743595,0.635674901008956,1.58899445385688,1.28421343573078,0.887675653624537
2.257188022,0.76079632310352,2.65705936092244,1.09819959874849,1.26808552218994
0.562890745,0.0561950172137805,-0.0549735927650813,1.42231250615457,2.2641230086318
2.532061058,0.590763958239921,1.97614444410076,1.49055733218971,1.073287985768
1.351576316,0.577174871548536,1.56702552562683,1.48754941252975,1.78107097237608
1.347591137,0.400231263680136,1.56281980259448,1.11935236800301,1.2233655827665
1.337552934,0.44772334159815,1.31126086515997,0.935138477911233,0.0845184095172749
-1.05213113,-0.396747880134641,-0.191666467611141,0.532496558232967,-0.346512313120042
-2.75551589,-1.04056717852076,-2.4746632677803,0.361688689196807,0.676466753356631
2.387821408,1.08065386500226,1.93366532410413,0.764552440083576,-1.16834907520085
-0.418992168,-0.657487323534995,-0.793541929344872,0.538084163277722,2.38538181026838
3.27300534,1.46759413396572,3.1649764709672,1.4290132099793,1.0340845031914
3.0216144,1.41009989708055,2.83297614111006,2.50666056569135,0.0718615152210887
-3.779907981,-1.7262227930914,-3.17077020590459,2.40929230996872,3.46170900768513
3.896502284,2.04479995705227,3.44750788967173,3.22496130262589,0.709455478655442
3.691995072,1.76623082492154,2.98840083082036,3.17333531834928,4.93575877902244
7.678269724,3.6128299607139,6.00518720931897,2.65569029055678,3.2771807550038
2.907018667,1.44120486434039,2.45365102995346,3.60483891040734,5.23190144750997
3.760085037,1.85913211375069,3.22072559488299,3.36505011527923,2.44826582284646
1.135748784,0.692467873918887,1.29719660793238,3.04749281544259,3.19940787889704
3.108910052,1.36246642593914,2.79241634131169,1.84311607951373,0.861799093027269
0.142719799,0.0609144967642928,-0.11193275989287,2.0724989848317,1.69633470207156
0.057738788,0.121803055594384,0.0564701095455465,1.98029217736546,1.85077474792413
3.220801629,0.931026188471639,2.9584745231912,1.37504886316012,1.43935845798999
3.214886136,0.860546320103698,2.2699102505909,0.915879420771573,1.42686259532939
-0.084934981,0.276185939432444,0.385345753832797,1.71458311625243,2.13563300004835
1.17089314,-0.0978396430128924,0.605087002713042,1.23378814496061,0.632348839048026
1.15659565,0.236634679858456,-0.194781795943609,1.23939492918827,0.133880277533607
-1.500879048,-0.363606788089593,-0.875439499247234,1.61310728222915,2.19932733435158
3.300137641,0.849565383415123,2.57300697386658,2.11762680943495,0.954058360881655
3.013322869,0.832800797721943,2.58723834604195,1.74299767130302,2.82488933741475
3.647772178,1.3862247914807,3.09778437529279,2.12981149589564,1.17774255996405
-1.286644942,0.000383530862159885,-0.679425111301613,2.8903564657534,3.41228391716486
3.608895507,1.71447629522758,3.92219716922013,2.11447795438612,0.42666959313002
1.298275076,0.548506065469561,1.25344067966307,2.09289929806381,2.53159849683851
1.972313663,0.95318131111584,2.12771155715736,2.24157256555668,2.11946488278993
2.610145825,1.12795508866599,2.27186839544206,2.26527509409207,2.5191848963749
3.806037824,1.70963786706903,3.28610459187916,1.55113012615355,0.899568811506546
-1.071327081,-0.593261600700628,-1.12516140390373,2.30950930368931,2.48911770521056
1.145778682,0.647225104790834,0.76283899256332,2.29699404780666,1.1260597122725
2.542690978,1.36757124777003,2.31917482890914,2.47657041426569,1.99285037139888
3.129005863,1.62078837003071,2.81239170476299,2.11046622225508,2.50771109810905
2.821492929,1.32554473063322,2.46468705018125,2.42482078339673,2.56222541911068
2.073795068,1.22928938629813,1.93266018957678,2.67501881986527,2.61489081404234
2.381971469,1.67314006772679,2.64785689944187,2.49523354816161,2.28223863879745
2.471269154,1.24357666424946,2.0881494420085,2.20383730910073,2.08869562394698
1.840724662,1.06715143670728,1.68854999791282,2.14315425917542,2.09121538157697
1.77873538,1.09534625306484,1.64587582391754,1.85215185964621,1.69000830946902
1.494658368,0.892162609737496,1.73514836401759,1.67233219528251,1.49117070584085
1.063392189,0.44661152447017,1.29774282156385,1.22562043070322,1.69280932759685
2.131466313,0.42394849085927,2.18729559622182,1.81297153318764,0.676913674404158
-0.499536385,0.2518883900692,0.332112361802449,2.10868554222315,3.13668351903229
4.567090986,0.932675847105038,3.17835783003953,1.60916527396761,1.30090769424148
3.056534735,1.02477724075414,2.66201754224018,1.64756501513477,2.36860908132352
1.453258486,0.49837507407984,1.5097660223976,1.70737336974231,0.385185661532672
-3.284837424,-1.10280531432173,-2.72959085293452,3.03191113692917,2.13992843299596
2.267888732,0.805047796159883,1.98305501483103,1.69603393473321,0.866041013344507
4.747072912,1.91299183690268,4.17044664061312,1.15240982882772,1.54872454897234
1.439494361,0.160255883961163,0.582598873478065,1.34614903137845,3.22180909395327
2.264108373,0.749465213492492,1.38768016013286,2.12314562809935,1.77137277449282
1.723158911,0.604426095979445,1.54447175449629,1.91065145356395,1.81726048101322
1.479963598,0.390584772919073,1.32929462775173,1.98796658650454,1.47289645622569
0.820035918,0.66399920492818,0.855902643539664,1.90983641760601,2.27451415707038
3.364165381,1.57880225966,3.14845085742207,1.56792594587499,1.00346676824845
0.847289401,0.486602577148123,0.993740631705304,2.06867409883642,2.70264405447513
2.424021263,1.24037487967686,2.18037154794205,2.13662265333164,1.73876185538942
2.24485992,1.46351094827034,2.3146818986132,2.37163324832843,2.44935188082229
2.715200996,1.50536357720531,2.43088517633958,2.29290349176741,2.30430766258635
2.334019443,0.952388781778813,2.06605477020174,2.09627916779788,2.59260360978432
3.018621913,1.3639518793517,2.85105704602876,1.79696624994145,1.10372513207406
-0.359325788,0.286025068055369,0.568600030826929,2.08680841495725,1.90323615177
0.805583265,0.468883279060957,0.945627860434528,1.63218326855282,0.729047915944374
1.472773214,0.473338439813491,1.27491636916923,-0.105640763279594,0.596531051847052
1.833283428,0.676859874600179,1.89610376553176,-0.424454204421091,-2.88725129202307
-8.794631516,-2.53680554323108,-1.31954573466657,1.72011780407713,2.02817521419743
2.322940861,0.30411433524263,1.9022802256028,-0.401415769969184,-2.5397196630218
2.502622672,0.806236636750674,2.4388744759869,0.800678343233682,0.464240312647205
-0.317251528,-0.0752314511838196,0.00269370016150152,0.185333119860837,2.14866880770675
2.05474147,0.866403880110693,2.50075419156995,1.50515139366678,0.999890798592771
2.060733117,0.677086109988501,2.02617860395296,1.87116692773547,1.47383724933503
0.762243616,0.736248439584693,1.37948932938062,1.95137016011197,2.81720084020635
3.901218554,1.19282189830441,2.88870582903459,1.92181896559211,1.48307820417073
2.01747973,0.877157971190692,1.87273205207207,1.90028300692365,2.7338898201881
2.360974872,0.789943368863597,2.06105757610386,1.64199165410985,1.12529456273002
-0.097513087,0.507102432141807,0.73020588501065,2.1206861686001,1.5039378902714
0.281742036,0.30812517799322,0.368626195527926,2.03463236149395,1.55631385105116
2.304182085,1.12051321642401,2.26262392675731,2.32218491407014,3.09229416843847
5.993073315,2.34207336109346,5.34874466264217,2.54476816011852,3.70194262442109
5.775267744,2.53946116840003,4.80881255553124,3.0986685262807,4.34482427814695
3.384842028,1.38118768780109,2.65915179197937,2.99492148056613,4.25233824931443
3.056755504,1.38745186362027,2.77389390321246,3.16284070757577,2.49439741510631
1.133418001,0.752004581167279,1.24991564565834,2.92789340948879,2.54720248767245
1.889315254,0.867036284566235,1.66028074664444,2.25734694772926,1.81778444352154
2.370316422,1.13560746370024,2.0833186049021,2.11745037980966,1.52230459250547
0.967908108,0.528840760684688,0.632081118719128,2.05341685479254,2.47987135419816
2.795089915,1.37332949923912,2.48099353530937,1.92406481231171,1.57001006407725
2.113516347,1.078860799068,1.71000501896464,1.65785999647185,1.86813625187691
1.33135528,0.816150015888361,1.26254660852411,1.76125240204278,1.26917691060354
-0.099560361,0.0558448379515597,-0.0639498285225663,2.15833472612167,2.20911381249986
3.092821975,1.5418194852289,2.72438847777622,1.88954097809852,1.16971374858482
2.182845626,1.23337299574476,1.99485445766698,1.71262128332027,2.49131841496445
2.657998007,1.6104528316035,2.45780455907688,1.84425430798416,1.37361439613972
0.217452985,0.299476641677893,0.277969090851185,2.45412104819087,2.33091394455114
1.962549549,1.45763514561778,1.95828482877383,2.17592501211793,1.60755126551344
2.719088818,1.29186935831245,2.37812545548318,2.18726672331197,1.97536807310714
2.249385351,1.13300262941921,2.10494436049274,2.08122716239617,2.23495416482679
2.152579822,0.293160489697102,-2.96569233653776,0.732733555629973,1.3687495456185
0.8821585,-0.0690195300913213,0.773802878031637,1.11537335449078,0.0525659832412857
-2.71644765,-0.178915480167823,-1.3064307398903,1.87923039298081,1.33838493443797
1.409875264,-0.488078863586941,0.852492859043708,0.933485361672407,0.267427784843285
2.63652928,-0.12966370986914,-0.422762441141548,0.864845124334098,1.91016571043744
3.052279892,0.327913781834848,2.59117099123281,1.19482570673981,2.35188323058102
2.207343711,0.123547864319403,0.248938959891075,2.47443595662513,2.99182566765263
3.14871417,1.4861573775394,3.09626394209561,2.28914155950934,2.34887574946414
2.475596538,1.39359905360499,2.33208820499698,2.20692928303785,2.42761459720444
1.82361586,1.03300905750679,1.6796706915304,2.17376706317514,2.21455268770444
1.893691279,1.22778813950714,1.69857469368978,2.1439412772388,1.83836955891258
1.61770353,1.22292845567316,1.65717816125922,2.11850326144182,2.17628435687596
2.467810991,1.54623898352713,2.39491242692923,2.10853160754328,2.01432555598919
2.172415789,1.14924810144242,1.78904137670147,2.13619829534904,2.91369058881769
3.766862694,1.97946145425323,3.72052312843044,1.93595654492176,2.02891894181129
1.941437257,1.14786209113617,1.71257392693222,2.28848072793337,2.46290601540641
1.226953688,0.844847510066641,1.21421117050565,2.22612607279391,2.26055568977962
2.416547712,1.3136046046736,2.14308892914604,2.3467476923419,1.64209064049609
1.775439729,1.22984635691405,1.74573727550458,2.1200277069433,2.47997174304009
2.803907866,1.41724759641404,2.51048745650787,1.79630635085086,1.98091247525382
2.20690578,1.14137408433762,2.02510641194497,2.32293258454449,2.12295088181878
1.29759975,0.858653037102719,1.47310637477595,2.26366893418976,2.74589532307111
3.720834937,1.45786478749231,2.86891152333085,2.10650531352047,0.901989632314301
0.001821687,0.354765834337931,0.263104631510785,1.8241031665662,2.88416814217998
2.682947204,1.16311368574113,2.4951647796597,1.96765824238069,0.615591423409139
0.510278688,0.605140148932305,0.877322076200244,1.69190622715779,2.14208961291698
2.027663605,0.764701167660196,1.67282638194764,1.49411547034234,1.07325257192152
1.264097188,0.879544756149911,1.51804790800869,2.24467099027204,1.87058462830279
1.763155226,0.604674204860069,1.27546542016977,1.35998425095397,2.01104091731387
2.980038837,1.42776246398678,2.7455206024818,1.54791821483282,1.31216969866436
0.761318935,0.626289552571822,0.894659106305932,1.88291812243083,2.31404091477204
1.859007929,1.03728577146393,1.75038624301374,1.5235987802161,1.39842128387299
2.004831662,1.10810017040354,2.01347039124427,2.04142293657296,0.961012922123092
-0.222962099,0.171431446866448,0.0837914059873765,1.73467225882825,2.22190348918112
2.419067825,1.49935276759891,2.75234064519328,2.18356012707773,1.46029948363287
2.868744448,1.50296761328436,2.60217863816559,2.09168078777347,2.29248542325729
2.698635712,1.4090850202482,2.50809244723295,2.37888314907544,2.10551405535738
1.254723273,0.639750765517031,1.10280969096453,2.12719961608054,2.6705990171586
2.992524252,1.49808282441914,2.73607629248284,2.15328711748219,1.0400431433345
0.392279108,0.744897737462814,0.988745943740131,2.29237077952171,2.29657572344629
1.544697305,0.907395775099617,1.55586297510088,2.31160248570619,2.0923082868832
3.629756815,1.51027242617252,3.01831155201981,2.16051672071346,1.88342228713525
2.516798197,1.16448912496069,2.2311432156012,1.6971908495291,2.32439480798447
1.402905265,0.864217511000548,1.29354942397076,1.92146394633156,1.84125823364401
0.819627683,0.64034102949576,0.825482983943588,2.29742195815855,1.96608310442716
2.265881537,1.48739970091089,2.01863887746098,2.16169893225894,1.86235553119505
2.865238095,1.61719050716379,2.54883744892566,1.97147962939027,2.21407948224227
2.418459516,1.46403760558415,2.22921147503483,2.16777065159877,2.39337202027133
2.068024445,1.25571522647472,2.03033464692893,2.21144157414738,2.17908271431763
2.287327462,1.27879559496999,2.03699687048041,1.8943168571576,0.885597819802514
-0.594393239,-0.0217820025171469,-0.433808290222326,1.86191737243525,1.62723837432224
0.707927231,0.47284271019046,0.645102278247803,1.75897767902857,1.21465252912399
2.619425664,1.31192009209097,2.15390549384266,1.97478205559714,1.51711402862417
2.415140994,1.28965353455326,2.30642862772572,1.65593295825487,2.5053500184386
2.753185835,1.58055637715711,2.77237354978496,2.16464879122808,2.39130566911574
2.504536394,1.49116457132406,2.33263689838644,2.32787065435021,2.19626005403663
1.665893079,0.928246702062284,1.56896285853902,2.38911275090561,2.18802586331155
1.735559185,1.04461403078086,1.45646777149621,2.2171565405175,2.12046485085451
2.52761244,1.49178644702786,2.37664121225496,1.88967363460316,1.85987947362697
2.050540626,1.26363767342285,2.04060046524996,1.79404477647028,1.97894130437109
1.534972356,1.09840933674263,1.4699673159931,1.9098080323753,1.86241412098177
1.644567015,1.0934922482772,1.55114200718035,2.02710134923268,1.55210334835289
1.32731573,0.93212997926737,1.19699220513317,1.73096872136574,2.00611776902018
2.52023547,1.54474630299703,2.23055131501451,1.83491135796415,1.45059636095193
1.334441586,0.917011211158455,1.15348517984958,2.0451908249033,2.48295570168452
2.610974884,1.36769238066139,2.19568765474495,2.09843156473347,2.07048477761563
2.798868721,1.54571621128167,2.39490930841782,2.15865428673792,2.13924494829612
1.905148649,1.10936580795139,1.64725407602908,1.94720357467854,2.09514581166184
1.340524446,0.860231731536996,1.10891020224381,2.09461009530228,2.03376829293612
2.085041177,1.3951084779994,2.28437542558826,2.06465419911734,1.60196048556061
1.679220507,1.10950198133968,1.60647447926417,1.82542260171233,2.10282687762172
2.308164853,1.31756626904069,2.1318228255538,1.86288184113387,1.71185726927451
1.599446497,1.04745289801339,1.46383737716944,1.9429417027343,2.23880889238409
2.39442477,1.44777431796706,2.14653089796467,1.66781929535432,1.58503941558615
1.50064458,1.13805625037895,1.49380397733288,1.87089753755287,1.81783726034234
1.338241693,1.00333919634608,1.43735915680081,1.58492963290233,1.50598799545882
1.416335155,1.04986030860658,1.41609022130178,1.65078243950184,1.32088473587749
1.034021503,0.790674526716802,1.07951490805754,1.790469854434,1.98076245564459
2.595080834,1.56918610782908,2.44656128484042,1.55690460745894,1.69456437775217
2.419978873,1.6245560239352,2.1355771413977,1.6213901088946,1.99001359000298
1.582123084,1.06680808677251,1.36530141946303,1.86970395175568,2.09220153325944
1.729733402,1.0901696101745,1.55863170673299,1.93964262969677,1.85875693093784
2.021781904,1.1441036068351,1.61801570723429,1.82409924955629,1.83748846093741
1.992303013,1.27030731035996,1.92520521292036,1.65943645200598,1.83976107524868
1.786215843,1.10042530899219,1.57597161057703,1.61736124882506,1.60751488016905
1.250820958,0.948572639647267,1.26744946608928,1.77911694466428,1.44781928966607
0.906260968,0.691039066398596,0.900621156408917,1.90064278409527,1.69645832662172
1.882850096,1.43653942143677,1.92362562408735,2.066031159535,2.00799960927341
3.191145071,1.7441582675367,2.96800826445087,1.80604883239171,1.9822694902286
2.276154906,1.38587280488193,2.17868270727153,2.04144734097038,2.43308976108326
2.001924671,1.12321779209797,1.80030466305295,1.95341544445227,1.82435357979207
1.170078391,0.810223449716865,1.14232783375297,2.00753463373886,1.93995618152765
1.904269078,1.24624226812814,1.81061651961365,1.74446795529219,1.32646854989426
1.268638603,0.833874286507716,1.22001827270285,1.80356920831423,1.81110851041209
1.637452122,1.06069864541745,1.58306193155521,1.57354480776187,2.06255357157586
3.157559327,1.72195329677685,2.80281551954564,1.51046891396077,1.10010542634598
0.453860605,0.243749641157726,0.394790774595494,1.73070509945379,2.19571923410292
1.438600317,0.850647534109882,1.24959547850119,1.60375064776584,1.23041006169998
1.646112096,0.914631072418075,1.44849389359681,1.75708578188287,1.46463063296302
1.227884553,0.894398711707965,1.28348902595485,2.1318820123937,2.59794726736457
3.749239383,1.75987898459643,2.96161679601699,1.81107068334893,2.00121491477634
2.897547802,1.50460355913327,2.51979466165247,2.01871851894898,2.54174190823031
1.674855487,0.973931560055888,1.51943620704852,2.1110669830882,2.41956193634733
1.811287923,1.0250664134532,1.7012276312422,2.42663647128185,2.03314895458048
2.141785891,1.15326865250937,1.64640247034823,2.04379425482141,2.16549866160489
2.616507147,1.58568541779697,2.39925603769779,1.82073622177058,2.00332792836912
1.976979028,1.17820740397651,1.75334307437197,1.99463035618029,2.0444260320633
1.402542146,0.899544963795905,1.22126705511949,2.24227411714244,2.22633292633711
2.402070708,1.56830129541514,2.3988301103127,2.22823661215627,1.91671563352454
2.369354335,1.25125856626702,1.95964569381632,1.93637763301727,2.19392516069451
2.193993446,1.29783193798543,2.14424082648648,2.04624748862693,2.02961682962532
1.64428619,1.0855543806747,1.47350921889331,2.2204599833999,2.13413930909014
2.050706167,1.35137106381207,1.95892528008594,2.02347503347464,1.8891907994911
2.17252016,1.03982128683401,1.96522684895587,1.69808958022871,1.67332060919101
1.632154731,0.806527012223865,1.48757109226706,1.54400546819325,0.929130852071275
-0.582765834,-0.0455987768159184,-0.313267677455826,1.81698337884845,1.54402080597317
1.194046202,0.935060195815899,1.62605550320204,2.13100568244923,1.0931383171683
2.061272163,0.942568235609076,1.80964961287811,1.99412141635417,2.73347163640217
4.813281136,1.53028494900543,3.55570665090472,2.01373112405097,2.27114391716258
2.6329772,1.05241165231123,2.20173404701279,2.59935458394527,3.53913166106092
2.880558267,1.13375523442737,2.40055546239336,2.54749408130087,2.29192103948351
1.923956441,0.901693404437149,1.71186765680606,2.72078851048891,1.62126830072964
-0.097388523,0.113861320397917,-0.0352224815139578,2.4715920672191,2.50889441284121
3.092827877,1.65369811295195,2.83212425787495,2.02608024348015,1.18375145828146
2.251902423,1.29373017034224,1.89705180509202,1.80626762203538,2.085193228833
1.434151905,0.982987506343479,1.4388970356318,1.81216026442141,2.11846854671398
2.075224985,1.2594692407519,1.7900873265732,2.2007539922768,1.31443855305704
0.743975188,0.578684859579387,0.831306289466918,2.12263158515923,2.4347586666185
2.996202292,1.76795151917495,2.7081924633962,1.82413043222066,1.54571188873649
2.199920011,1.36272442853338,1.98507048218507,1.9246872642031,2.30724278414352
1.986787037,1.25996267946354,1.9678656666578,2.03549962595203,1.93355640143809
1.543477578,1.06794074155814,1.4652368374792,2.23641606296564,1.95591390999247
1.781890665,1.23439719103205,1.83893002503619,1.90230732188605,2.03289994162169
2.606431943,1.32361855604517,2.267250649986,1.86908614055638,1.65842474234334
1.432017412,1.08993544187758,1.5547213120435,2.20941327808289,2.38130444000256
2.252478912,0.967133793314321,1.85709327472583,2.0555252664628,2.02450081573939
2.7098212,1.30773625517079,2.42068535683675,2.22693791527632,1.59855307520986
0.764677645,0.655730340428347,1.03900921852179,2.14289128478008,2.62752047478079
2.72980252,1.40508119824966,2.49140810619274,2.21816845131966,1.54969884710936
1.995972333,1.21770671621051,1.88736630664527,2.3909557391323,2.43471164324812
2.370368872,1.52458098326651,2.23415953564166,2.3931467997112,2.29289121600622
2.443111392,1.77329305848424,2.29196742090963,2.48481401497011,2.63251167299095
3.046423707,2.08877626673555,2.87055787310573,2.25520441358375,2.38090134096635
2.587295179,1.5708429238689,2.28083201555544,2.29657570088443,1.93396686529767
0.758119937,0.564674387570155,0.578062618004829,2.34518992882541,2.22189925584274
1.672697723,1.00550814430704,1.34622843904751,2.13563675820905,1.78647147967764
2.599101419,1.55440324676253,2.31878877564644,1.85408363795744,1.86568308494051
2.16939015,1.39602991398222,1.98013673874053,2.21510356969883,2.25483553527327
1.968519924,1.29907937078511,1.65977887052175,2.23236108767056,2.4072472721594
2.654976098,1.67147375060223,2.49156190313935,2.23893728946089,2.15880463777515
2.324292617,1.43616796617478,2.257288022026,2.34881054578714,2.40274458945088
2.195062744,1.44966556647742,2.2599294972597,2.50852824816644,2.45282219032488
2.534483855,1.60845504083323,2.03863895498045,2.40132915478375,2.41562461657192
2.684030171,1.61899870395563,2.49730950188123,2.40737510320952,2.34398110091562
2.134712016,1.40886252218479,2.19710817309534,2.38768568075993,2.61445839910289
3.106325926,1.5986529203432,2.7540421707513,1.93659373409751,0.886106703667425
-0.322764021,-0.0976288719206726,-0.268193907448802,1.54323939549291,0.933115163568234
-1.648540205,-0.640180626709899,-1.17215268366803,1.46899242823801,1.07035038232807
1.973305052,1.16071177742596,1.86708901660588,1.90621846814972,0.28565854058663
1.857533253,1.2121663543664,1.74887262166793,1.79617173642244,1.96292655736423
2.464589536,1.34516116603308,2.20789196353474,1.9469402059259,2.10007269919837
2.452905829,1.70353314800862,2.2990131996303,2.12902093429658,2.23474386170967
2.085545048,1.40244072932988,1.88619409043905,2.17123201543267,2.32657178952007
2.241885421,1.44134979053139,1.99570549988057,2.32292884664979,2.09489473025797
1.890525351,1.387353347182,1.9362108793671,2.53812084708087,2.59302544250756
2.946484146,1.73742216165902,2.62781302152768,2.34957789357514,2.48741802846834
3.201628154,1.75967754101704,2.77684764392826,2.25637565278398,2.43943283535342
2.155376438,1.48315865318449,2.18283779630636,2.41766539525389,2.40749177612632
1.537607178,1.26128848765964,1.63135571838029,2.67068857005615,2.37553005055236
2.357203459,1.51595639349005,2.15371507911938,2.36824254052026,2.30701638943755
3.078188582,1.73499876151223,2.77416196067437,2.17903058245436,2.27673395441373
2.324441602,1.40127227650906,2.31703700887394,2.17054855762306,2.56402243148145
2.379600598,1.44066132526052,2.32027267829185,2.24886445059053,1.71333837433651
0.717341749,0.529701074370105,0.879545173364718,2.87354806318075,2.5199333457528
2.356630478,1.38389974634297,2.36704241999528,2.29442000479471,2.65423142346031
4.940451026,2.19010201036867,4.09628225457979,1.82497481103623,1.54559105152897
0.741285026,0.588693571695915,0.88677608617814,2.09612368239359,3.30405711564468
2.157867708,1.15554798799466,2.17890846151822,2.09149523953154,1.49473474887743
1.747700117,1.12496552405005,1.77506286765532,1.98927996084973,1.66765394066433
1.022958526,0.912400967732228,1.24087718341223,2.00803881884988,2.34681515315756
2.946507326,1.53005324101343,2.58379464882129,2.09552317575389,1.89869060833676
2.734295911,1.68218207813812,2.58288676270108,2.21819871644702,2.45473352617057
2.142692959,1.36761885890383,2.06892027748159,2.64377966948548,2.73956109832045
2.702994231,1.65351177381696,2.44096385759083,2.69532483604587,2.63506642646884
3.135850561,1.93233806166274,2.94456966411797,2.40409146426798,2.56441014310855
2.763129741,1.45808663257615,2.31337159144916,2.20630990475963,2.02358380599742
0.885446177,0.609660265764338,0.637529243551366,2.38472285971553,2.18465323945306
1.435097798,0.90614670877527,1.28549109740175,2.23679318822918,1.7264528811761
2.229013945,1.3173869890065,1.91521339147661,2.13607310351291,1.98000409066339
2.580862083,1.61260522535664,2.2255321772352,2.04120176708012,2.28679890741522
2.385815515,1.65777213903478,2.1791793330139,2.61984142433869,2.72681062382365
2.880556877,1.89718604728762,2.65600005390421,2.77617926175468,2.85493378517941
3.373809853,2.07996467278512,2.85116151154295,2.72471023772435,2.863429069053
2.980337635,1.97474838131917,2.62488970036044,2.72971099363424,2.9254008328275
2.591734799,1.77871602686288,2.30848147857256,2.86511073018639,2.70853845378125
2.397300081,1.6259225015637,2.16083241969718,2.66562739432332,2.5042713259284
2.620004631,1.28439173979767,2.2884919469798,2.23735551211908,1.63332432717105
0.673326091,0.500349808396543,0.651917151983221,2.30590990536672,2.15687623784113
1.595860866,1.01544053905927,1.67804651809406,2.43807361714618,1.69677782462125
2.233539297,1.08761729663258,2.10347279114329,2.45951172342658,2.52948548885561
3.715934223,1.51416338068249,3.16963473421575,2.14680532403406,2.39407456959926
2.687025008,1.33369364848889,2.47062567308973,2.47792764739176,3.00719873172382
2.702681838,0.939886807780209,2.40284904592075,2.36621550325621,2.20266018820263
2.141736139,0.718732109196834,1.86290643974743,1.99638661238573,0.62362247796213
-1.898093656,-0.346380477634675,-0.830683443350987,2.13289181999367,1.58967223600337
0.699607062,0.519741853724324,0.869131568284982,2.05158535536665,0.548455739008923
2.285907529,0.934127656133866,2.38699703601807,2.09558339733891,1.64566817991039
2.886767905,0.944833478632026,2.49191252803096,2.08272845610396,2.45155140452926
3.006828674,1.28569634681401,2.67984465597598,2.19799590335599,2.52348919809904
2.487355103,1.1504392483345,2.08638222286488,2.46199371734082,2.07951087167432
0.963762874,0.897439749279753,0.880406672305056,2.42100964889601,2.51636883835853
2.552199858,1.65866825674008,2.31111445408329,2.57656754747988,1.61303715033237
1.876265824,1.13501535672598,1.47260042337528,2.31969466192618,2.60119012211489
2.806805541,1.55419939832145,2.46494020763866,2.59891085447723,2.52924819869942
3.232299661,1.35991547168792,2.7447622392079,2.4329065825952,2.55179660548681
2.598667619,1.06124400797791,2.35768643587945,2.15906948874468,2.29737608135263
1.757137168,0.913744038519762,2.00147798369152,2.37859748815721,1.18055004692075
-0.804991173,0.120446613118828,-0.314388278710782,2.75163750869192,2.16164757995298
2.181278652,0.50037102299466,1.91570254157829,2.04261851371835,1.71199715797575
4.151739522,1.51690413814731,4.06313082442019,1.40185781333986,1.87987787256029
2.099471271,0.956418166156773,2.36744951500894,1.83508018003467,2.50249564078795
1.112610424,0.933981043316683,1.31753677406731,2.81079632524948,2.04766194762878
1.429607415,0.308632356491176,1.12822784169092,2.29461582061423,2.40235830482835
3.998935087,1.93929802458133,3.71992037006127,1.22336788950356,1.0602331758063
0.806594639,0.373602887949844,0.805164640742115,1.62485239766728,1.88897064383429
-0.072818541,-0.180092371510505,-0.122615823072993,1.64166058361231,1.37743239102281
1.636096304,0.527594180453654,1.5641739216223,1.03158004751052,0.518491940737516
0.930958807,0.308920518819705,1.11505230690324,1.33206822361937,1.11700470388599
-0.005192637,0.369350720985989,0.318177162631448,1.63254780769259,3.26626111613514
6.275307346,1.20794858227134,4.31355092844859,1.44018011452377,0.724525938606766
1.086096739,0.369114467066485,0.793606276722923,2.34444873128,3.94522827119254
2.594791368,1.15277914227149,3.32194511827381,2.48242731148069,1.95894207031426
2.383546335,0.905143896346301,2.4526414436136,2.19751497422433,1.78290614223862
1.197006456,0.446612878279257,0.943095935035629,1.62015606490446,1.47690718922596
0.447206429,-0.00865311254013763,0.0577231363986004,1.88629624581224,1.28143992806517
0.908367302,0.304519266511352,0.821669151128957,1.8891614457275,1.67286827110328
2.872076476,0.744315683386714,2.39239960681222,1.48259838877702,1.49044085775455
2.334227844,0.674226794496572,2.06189903238386,1.5520977010245,1.74083766206208
0.932022637,0.539651220466596,1.51733936680675,1.8088258118971,1.58180799109516
0.623544882,0.395327484120054,0.872537869017676,1.93568456239861,1.45411390881469
1.741555563,0.654982176238217,1.95190907742645,1.52791552406803,1.28525394110393
1.927141831,0.660821557058546,1.90103611635959,1.14709003364677,1.56029682837152
1.76555786,1.03868164567587,1.8472830011882,1.4347118599309,1.05203389980711
-0.142276913,-0.0185731496227359,-0.383753329783042,1.89485577856051,2.05551182458899
2.453922489,1.48263194607659,2.59732568375987,1.56060600753153,0.883601536189046
1.618735122,0.986401381253291,1.56425312122075,1.86896361443228,1.87038338014629
1.432581235,0.859270584934494,1.35717764160105,2.13346297143381,2.23014847663646
2.737266945,1.37783649216057,2.4106745090882,2.35139284472344,2.20776481111538
3.035245271,1.60843031987032,2.59042243160136,2.08923183409085,2.48725861026782
2.644772675,1.30306987380639,2.10617940405177,2.20276288368252,2.07709490957527
0.959415748,0.903372765868371,1.0766017500139,2.67515856730841,2.60706761477128
2.279344471,1.3619181806887,2.20088971997748,2.49710574310191,2.55330434547582
4.122575515,1.73280530990055,3.19835105640655,2.09295022679021,2.12039584324217
