630
4.197163838,1.56872377792768,3.71247258118664,0.534610178892663,1.35343796156439
1.719040975,0.731952649772891,1.92773083022664,2.33401286013001,1.54019157890043
-1.143690734,-0.887788466534405,-1.51225613763297,0.467241837729936,1.86567771364387
2.902575589,1.22426094325003,2.96653456371437,1.75114204401207,-2.9229420145647
-6.673392382,-2.27279465809592,-4.98323373677629,1.50477748869439,2.88192944906133
3.726270932,1.45267658591342,3.15910945310558,0.920388044050206,-1.89632436475668
1.500830768,0.464848046854998,1.23713858173807,0.816156746647569,2.01691707098256
2.348581436,1.08619671404587,2.3522590807721,0.757827078617068,-0.291394979483687
-2.940649639,-1.49551911610234,-2.9148310666843,2.41251833606912,2.07373541152292
1.69243031,0.791770106476698,1.53779142978068,2.28040684139523,0.477257551966783
3.054490127,0.96259710898157,2.52664139542663,2.14854653564437,2.29683959274994
3.701610262,1.23414848934246,2.87554162756478,1.85024325310334,2.49089908555598
2.263054236,0.951798239624856,2.0202784529293,2.58687189278095,2.76248810899363
1.946007682,0.798171625694119,1.43068527100649,2.7020590478611,2.26141967745823
2.076998302,0.55493103039495,1.50391559019561,2.67893111577237,2.01050523137286
1.831008122,0.408548509241769,0.93959552427928,1.96299483867318,2.5065114268867
3.457072056,0.9046756810472,2.89274733287808,1.35873945359638,0.951522322435002
-0.142298357,0.474627014473846,0.0350828164396275,2.1013731152579,2.13465792202603
0.760449791,0.296480323552089,0.401798406805063,2.16416933584494,1.52871459558357
2.745350514,1.14500809816117,2.52708118913746,2.14095907950775,1.55714951242942
2.500079797,1.2370264170885,2.32887873432961,2.20870341921391,2.18173914263807
1.726384635,0.72673293593805,1.77807768528124,1.99275789439744,2.77030196932249
3.640917267,1.22207284646617,3.23820865129863,1.69618853433872,0.770034482703915
-0.487959951,0.293020850078854,0.334432237195764,2.15468995912244,2.06564306364521
0.338611955,0.426939290591948,1.21851219962318,2.18193315487541,1.62020756309336
3.194592419,0.995796370516313,2.54162910427996,2.07495409334116,1.59778494868313
2.91637368,0.908801925480973,2.74415428821489,1.91188850534217,2.76504015885012
2.950817084,1.1921012733198,2.65071866356645,2.28717379231678,2.31714943607554
1.603974019,0.571618790868849,1.00305252301056,2.8036706323813,2.73089043175538
2.487768115,1.27303129492926,2.49351369362491,2.8985186969902,2.25267753942292
2.559645457,1.2447520781547,2.36442552407919,2.43642212421072,2.94229999803391
3.731027223,1.69744697820623,3.35021109746327,2.60681720906212,2.35915372295879
1.977605561,1.10358770026121,1.84475809053232,2.88994569782831,3.4555305887484
3.460510729,1.62765784271056,3.10437998715573,2.97152844206731,2.50067989278613
2.710496686,1.32271502645815,2.16552114673739,3.10833862714517,3.24962529418706
3.235552463,1.44249403356176,2.24979490074236,3.09076261747479,2.98226864509629
1.614216226,1.09733162952335,1.45973058830912,1.54737601764708,1.41467273709537
1.198574665,0.865356579897148,1.5104106243937,1.64799384449333,1.63260619921716
1.594104136,1.11586314343896,1.82161276224414,1.79541740318666,1.64285196969343
1.929705287,1.24686730271565,2.18125661147808,1.73705437089118,2.05824441744545
2.739553209,1.24265738565841,2.30216421842892,2.03883260692932,1.74943652164149
0.705852806,0.569881313186636,0.76031025509306,2.71516972457703,4.72857376781867
7.520631465,2.38017898848193,5.84556970920559,2.55289327380581,2.01161666169723
2.805804013,0.803605709964844,1.82560008547498,3.48523463128543,5.42710403918537
4.290437413,1.15375843270457,2.81682607487438,3.3600964830069,3.90128592140453
4.785401679,1.6785425880014,4.13315443418244,3.70467049004362,3.30459957833126
2.537616651,1.01784486784925,2.65076002837792,3.29149184764592,3.34602273905176
2.093019064,1.02725886356903,2.14210833167009,3.07636603760864,2.17187876981122
1.599574302,0.563996367054584,1.26207476166051,2.42206133852294,1.51502537103908
0.514019817,0.397269813152219,0.461795961580043,2.1915628183404,2.13006053630458
2.670303588,1.53926838330913,2.48409935551428,1.89805033936417,1.34369698055349
2.027741978,1.04167660431681,1.90911381695609,1.9417886760813,2.09817955199061
2.120566591,1.28856572552286,2.1642729826672,1.9323226755804,1.1089088699977
-0.168585478,0.0889509918098763,0.0604278686368747,2.06577386364132,1.99631198011245
1.919199375,1.14390226179074,1.77575173064592,1.62491494214604,0.90972152812625
1.684580517,0.93482076382405,1.60316407349738,1.60462090118734,1.54152867346439
1.237261417,0.863511814954355,1.38034856083979,1.77358316767126,2.0867952608275
2.59721843,1.4281413776067,2.44933638366073,1.68742006344658,1.60342646770627
1.981627008,1.20689335560298,1.91467000883339,1.8533336580519,1.93094369929622
1.318240285,0.841778996309318,1.26661957148998,1.88882731077539,2.14959329915803
2.274041472,1.33776002010241,2.17536180051993,2.09540805949648,1.78435828038772
2.143507469,1.25842572631836,1.92199531539009,2.05817032051383,2.13851729186601
2.139855433,1.40693291401941,2.13354175149766,1.93222790941651,2.10911566116534
2.275227065,1.26667109463069,1.96252564417003,1.96499463737304,1.53734284509651
0.758647432,0.570715742128116,0.629703250070506,2.08331218213205,2.09240333593882
1.939938017,1.28211366919932,1.6912804023813,1.89681318401379,1.42766459241285
1.799191907,1.28101331768695,1.46773229016127,1.85741273466001,2.04153054791642
2.422219633,1.33409503030515,2.30108612998431,1.7023675533316,1.65863904028459
1.398332371,0.932780304610027,1.33802467545347,2.10823095720995,2.26419721252589
2.203338296,1.14470447578356,2.05093607128879,2.07190245883403,1.85788304645194
2.110238745,1.26066007703096,2.08600266882597,2.20874958043766,2.33259213605473
2.636950445,1.21697219151519,2.16361066771696,1.92965984605141,2.12190615381602
2.28379294,1.31383834761611,2.16256074705568,2.00008104456278,1.92318890618242
1.473001646,0.958326570378416,1.4756376389325,2.07818221727494,1.28430571199456
-0.11646875,0.0865905170623761,-0.119304171302356,2.24283719354499,1.94321825884657
2.220256397,1.30874430356225,1.99505521884629,1.64072383008022,1.39809631037283
2.839351982,1.70216946456452,2.45963750600599,1.65887028386154,1.75957863555975
1.441648709,0.89517238659756,1.17303784422365,1.7995397265045,2.63502337672469
2.736934626,1.59071517198694,2.48088776720456,1.78300667141504,1.62807857655548
1.892614963,1.13945849589787,1.7176873558321,1.71601080771265,1.34263217005429
-0.028003295,0.126253545884761,-0.131028829502622,1.98053350930397,1.45805011732356
0.436587119,0.343708107947213,0.299582720661261,1.98407251984763,1.9730490178629
3.983139034,1.55857977933859,3.4986097089275,1.4358996121333,1.15610486358797
1.859848931,1.01064218803922,1.89744271413082,2.13645764029108,2.78749099657403
1.995999526,1.19279768928954,1.97640398419967,2.51313531078191,2.48474591522289
2.973817519,1.42628762021229,2.68126014947256,2.25567419797104,2.1511183489099
2.527956364,1.2214155052204,2.3419823792633,2.01338625165048,1.88847805068917
0.812072834,0.477424143501192,0.67015847817291,2.17627059880801,2.14379895032875
1.663588356,0.8077608658985,1.46713415244118,1.7973369944826,1.5387441470469
2.198848032,1.09076774834399,2.00262985326483,1.49340364785852,1.22880811440189
0.779548416,0.583110016444524,0.669754925091151,1.56048212180972,1.78500081118301
1.374874853,0.853187435949225,1.20221746963868,1.6816015827559,1.4758781777217
2.018251103,1.11526514418404,1.86219756016526,1.47694814504071,1.51769315952883
1.812781239,0.928814978917311,1.74574886475311,1.6321199880361,1.55379369985569
0.908271871,0.751108406637214,1.0389777451352,1.82783150291456,2.32298587160737
3.006785415,1.87822646926299,2.54970542188775,1.90311867429376,1.39744569166435
1.60324317,1.15978644050587,1.63889466069207,2.01359243149666,2.64329096202006
2.723943439,1.51512006938424,2.45500751238425,1.82113069648592,1.74609479395094
1.710838621,1.14305766496152,1.47516234627474,2.12418773723463,2.18456999398949
1.780972171,1.13278379801844,1.77748554626436,2.01271668352899,1.83565928875889
1.746029734,1.08691599353721,1.76009874316806,2.15517610483908,2.04785708726738
2.331840564,1.27447805549226,1.97454720690244,1.78640227555794,1.95465414007793
2.309727278,1.14713117965788,2.05338988036188,1.8722998906688,1.76734848161105
1.126444891,0.830038050853082,1.25575542567434,1.90932725475351,2.25761571916895
2.336951943,1.1004365382417,1.94656176413031,1.71011619629019,1.41380379742248
1.520314833,0.889289024935625,1.32960893799033,1.66270083544776,1.86732425911675
1.493508607,0.905085157471871,1.17661394034038,1.79230384887639,1.75435282556191
1.868443587,1.09163763762239,1.73960614504399,1.7609129896286,1.75954574805025
2.091002496,1.2659570374828,2.00406902676867,1.66972026668195,1.67210537946223
1.464604144,1.09926853137673,1.471166497395,1.8681926497783,1.97269102057327
1.902858534,1.1135912688878,1.72882410770506,1.8426479996623,1.70354263214936
1.831860173,1.22435926711353,1.69785393556575,1.88619935698143,1.91735014745227
1.965409855,1.13889359524287,1.88409841698283,1.92543392712791,1.96318535905623
2.07280843,1.11371583277329,1.89293230890571,1.9293314919282,2.07214714310749
2.43224684,1.32590720893327,2.49079716654477,1.76141647494067,1.46376890440255
0.805526957,0.338110197830794,0.546111546949907,1.78755725507755,1.81834769310299
1.2551147,0.705324598622082,1.41932081358609,1.70376940200577,1.16816320076996
1.298744418,0.84275045858348,1.42094183637562,1.78335453794644,1.24955316328282
1.118141452,0.527966433505491,0.862485684086961,1.56285041717068,1.72948782788409
2.1937434,0.995842760771397,1.98280075413407,1.69096374212362,1.59480972946386
2.204757521,1.05413849958439,2.0606087594975,1.7064148183726,1.59189207525997
1.149320632,0.853413767365214,1.18483821081218,1.66064169048683,1.65904149960478
1.092042138,0.746542513700372,0.999451257304262,1.70524023977131,1.35320250993889
1.338368753,0.751451437695131,1.04905107150254,1.7772108629659,1.44515892212871
1.623296353,0.979797858494266,1.56843109830511,1.8853074801622,1.94241681188853
2.557879596,1.24681457876323,2.06026258173766,1.97290250683026,2.13567134998298
2.726490444,1.43684348610843,2.27906403863658,2.10503336515412,2.46553298989094
2.611387199,1.40123669052022,2.3771335171824,2.3340307929068,2.34229414957488
1.897756505,1.14762104053169,1.842697403384,2.38699251404932,2.61857040380662
2.853737184,1.10357499097566,2.55094527614498,2.07962583355733,1.63594011478212
1.146324292,0.618981012652976,1.04304620270156,2.27679586467243,2.33407028313454
1.837281135,1.0591113774085,1.62996353558827,2.15972692470195,1.95755498787626
2.538753328,1.45145026837577,2.40252018314264,2.32053393576396,2.1308989947644
2.39421824,1.34567877339921,2.34442720860166,2.28863681082022,2.73697968139825
3.149428859,1.72723422982981,2.86123456719038,2.33363219625579,2.4448574955868
2.500669635,1.5902968783764,2.37222366969935,2.71861371172798,2.73673887977908
2.362242511,1.31710337027821,2.03508220433843,2.65146486880409,2.71998559124625
2.890338061,1.85207428351957,2.85091458566884,2.84323294270549,2.53733181251206
2.565153394,1.42962853769284,2.28687836545327,2.59584898672754,3.07166877840023
3.534635182,1.84739918573736,3.04016162750523,2.55630819282768,2.37725024162283
1.962168886,1.10863604663068,1.82794817919539,2.74572663037089,3.31061727316808
3.486671867,1.80666051840387,3.12470559465579,2.25913442924645,1.96392720751713
1.784323436,0.983474901727749,1.99256472690478,2.47766628185477,2.42593615068443
1.3698586,0.984398473975417,1.2688272200006,2.52326730092334,2.32969726797998
2.521061621,1.39867536557313,1.97115097722164,2.44591840810477,2.42054031621361
3.488510304,1.52168122300077,2.86588430596164,2.25530474871318,2.54802745371378
2.614441354,1.05623468111808,2.15867511651774,2.97606677561027,3.3632442179619
3.301571006,1.55686782304838,2.75757725633195,2.9617160603836,3.36122101232623
4.380149364,1.72785550935634,3.68556563088803,2.82228111805065,2.53724730949563
1.664524303,0.8255825161718,1.55146541909475,2.89002299604402,3.58645823289932
3.173833276,1.46993925152087,2.76702094558661,2.56078874515424,1.92145979261626
1.737076068,1.07685498021547,1.78252734151643,2.5197235970423,2.57167185134625
2.142201554,1.21214543257772,2.00343841212419,1.97040701411597,2.02307438017425
2.362710134,1.4162234228739,2.07822889110353,1.91415289765521,1.42390321564497
0.505906623,0.568453879609114,0.604793849712662,2.07017582467456,2.19012084183048
2.058228566,1.17644215973422,1.93177450880655,1.84112884911221,1.40976009877642
2.10163833,1.15426631967262,1.71603473468797,1.79278575756449,1.7815184733312
1.49522211,0.393139901448127,1.36776640936668,2.45140544143808,2.45298565712399
2.217306478,0.626685633780569,2.1118250702011,2.72486609413963,3.97264028887769
7.022288245,1.00084207430614,3.01411900575511,2.26815197282389,2.37815801129059
2.641711457,0.909603633182117,2.27565317117992,3.23994152689818,4.4405371279897
2.705483974,0.751732918897367,2.34296128490396,3.00923065644748,2.57322834628545
2.487478554,0.664588687836063,2.1797668388749,2.93311533042586,0.866871132759166
-1.61195954,-0.945287362872595,-1.5155452819428,2.46619014790838,2.35269434573036
2.172320708,0.843981986944479,1.65498743394444,1.92817236752176,0.597098055979219
2.368914572,1.0467200206055,2.08164939372006,1.52706028727053,1.42023020416008
1.153210738,0.69669004137782,1.41375747288798,1.54787768271301,1.67664413192641
0.944433696,0.639385486778903,1.06725253215224,1.88276156245802,1.60129973201859
1.92797897,0.801009903787492,1.63623150505084,1.83414604734589,1.31188427748311
1.324647784,0.563368601529372,1.23195625923263,1.93999656817251,2.55189674178087
3.506056132,1.54350577086323,3.0740857458121,1.61374254578842,1.81171097672109
2.407710468,1.14495948059041,2.25674892097356,1.94958255723756,2.20322314219218
1.077481587,0.714240125771052,1.45442770445253,2.44387759482977,2.26696593424236
1.885491898,0.8218024394664,1.8834029180703,2.25395612686536,2.00158044946132
2.965520646,0.779682747420327,1.8630180464893,1.71721848659966,1.52463924908381
1.135810429,0.534037946122008,0.821438281878053,1.93771931420434,2.35194909209657
1.765409509,0.826512782023393,1.50825133196779,2.2158587237514,2.06786059812937
2.745561867,1.11548824125273,2.31761254378578,2.52937084790093,2.24783826422854
2.749789289,1.21267493915229,2.34894093952232,2.40331197871665,2.79584946412413
3.250076244,1.08543264467593,2.92075477908386,2.34578121924075,2.15966914183798
1.986844966,1.16298666927522,1.38270483759829,2.62376566512499,1.26714936739523
-1.175712552,-0.830060210862327,-4.73465250807878,2.70230360207364,2.28862821736321
2.328036693,0.830797548143265,-2.95654366885159,1.97182004952768,1.10863633970404
3.103217899,1.31022879476047,-1.41823457050749,0.785597647393354,1.78629277775873
2.303925125,0.00843703634952238,2.16125464814833,-2.02862262714016,0.58183947085228
-1.269390515,-0.607783035035012,-1.34426839263948,0.882243194016833,-1.05679022099867
-5.652395828,0.126042723531316,3.02654758107383,1.69527257987031,0.62460085774884
2.129526942,0.0538640662361925,1.86813515158146,0.326774099682947,-1.92716279822827
0.894728684,-0.0921953957367441,0.633117317294711,0.219227035407483,1.52986734500984
1.82733501,0.167481520075535,1.70691612271614,0.512932997958792,1.90524390187616
2.894395013,0.954742574950164,0.98831651499906,1.66934232601628,2.27535145829625
3.229697281,1.51399953318505,3.12759332944706,1.51759073414632,1.73712118952422
0.601967941,0.274423071079493,0.401910328237231,2.13668009815546,2.40473195456508
1.515840335,0.738626672221808,1.23910732479665,2.20464034386204,1.71924067049222
2.401130782,1.4655070703995,2.11026488389219,2.15708721574796,2.09469030799457
2.804316831,1.57580465740182,2.63889255104976,2.17132250374681,2.35960773878431
2.463805604,1.31302185360858,1.93419756957524,2.3720166558585,2.58952716672958
2.511382407,1.44570325111722,2.17521551462595,2.43736385049727,2.32539153378685
2.189623008,1.41072749528605,2.32149759585455,2.28645252520323,2.21215243977652
2.029957261,1.30438940119645,1.91062762249458,2.09418765199162,1.7480829672648
1.08520951,0.69318203585017,0.780113853582868,2.28743020897977,2.15053802063826
2.213135915,1.30058380865587,2.06821205245203,2.0790895870987,1.81172637782696
2.353728449,1.3335878990596,2.20233048342136,2.18242502407874,2.33672270913829
2.507928159,1.10831335650283,2.11538856373807,2.16468757578735,2.74122913262768
3.505916992,1.49525212178716,3.08340693505653,2.11246101013181,1.87870463239123
1.199660918,0.654556577171956,1.25039648770142,1.97268007921542,2.54064965710219
2.013604352,0.881827704334059,1.5696804741073,1.92395486025659,0.820787723974307
-0.203802572,-0.299354147381585,-0.408228335923779,2.17700444424439,1.94471054660742
1.779872762,0.869381434947831,1.64514103319455,1.85150496197279,1.51407017529871
3.060724479,1.283396228144,2.15253505262688,1.73563191107762,1.79493127204278
2.074791953,0.743283651974048,1.65593520535086,1.86483376113623,2.40153450378926
2.035412461,0.758479863063773,1.62081925695049,1.99710956136694,1.90021502435876
1.611502183,0.905573418575403,1.67276000901219,2.23971992349111,1.83728747906598
1.454022099,0.774085753120265,1.14620948811562,1.99853420609348,2.10740427381014
2.656475837,0.920221015596659,2.3522725951302,1.80997372760694,1.67092768533965
1.77452422,0.625419445691495,1.61006751254,2.22464686908738,2.39289977335938
2.19281443,0.540749730784826,0.958254352417361,2.24375066936787,2.4093890467983
2.920719047,0.980517134030013,2.34883218865133,2.29083934087353,2.59190226592847
3.246715075,1.17925157625899,2.49711550018832,1.85281551531494,2.32894853314966
2.132642789,0.787046573679299,1.77988843886612,2.03722294676699,1.72446165120271
-0.007948803,-0.00951887879214162,-0.256641291129001,2.53427551021992,2.06246871768061
1.690692784,0.870085085182685,1.68241097304001,2.03273136529116,1.49556828747618
2.972453563,1.4890549954083,2.34863804681034,1.1253787659861,1.17027158378099
1.323407747,0.634918984337537,1.20662036986292,1.12182409351543,0.469144113537268
-2.465643725,-1.6062812401938,-2.47852991430319,2.1336190502942,1.7176167654158
1.615369484,0.847545090094876,1.89905665514818,2.05352756556752,0.816775163677876
3.577533019,1.7639095582734,3.21455852455136,2.02603399649104,2.07540540528157
2.901171078,1.13165285158589,2.30029031587596,2.22130065161749,3.57347120103564
4.181892461,1.68171372105159,3.30745595096791,2.26481907575916,2.76402950606634
2.736690546,0.857518576542408,2.52704350354592,3.54254490176175,2.84871487887764
0.37664807,0.170965680477565,0.374182752397546,2.81600725429309,6.06491580967662
10.75910048,2.67245650218077,9.57584758456162,2.15124310716905,0.572687055829881
0.027031075,-0.0146711945982238,-0.743490582515893,2.33742135638695,5.84151115784428
2.471015799,0.547146169685203,2.14421362725432,1.90621314512346,1.78252648609825
2.21682016,1.11594581100351,3.68709086638762,2.53418859639613,2.05299171240975
1.835059262,0.509289011663647,1.56387950342602,1.85183403812971,1.89612594862594
1.569570333,0.265171480535854,1.19655628457164,1.8546641244842,1.70432560202982
1.595272177,0.752013047808574,1.58747490584747,2.03974244433983,1.33599923747421
0.708946435,0.247244687723799,0.440802217468225,1.96112418671905,2.30587864654709
3.188001467,1.3492775242907,2.83702186666922,1.71155232429918,1.43201391791735
1.933227995,1.03550619469627,2.20684647953288,2.08348623274524,2.6802770636171
2.54099463,1.0620839750849,2.09746932478961,2.4646485601241,2.2495641819848
1.990568772,0.604120311084471,0.820730016535953,3.11503285549125,3.69642313302879
5.094941201,2.5301747268561,4.25700760965399,2.85509814960216,3.00353248626886
3.871699502,1.88340916736398,3.52298007572654,3.58728635337859,4.49761492032434
4.560792867,1.92509460794952,3.9556772158408,3.26437975192597,3.58674775478666
3.58762159,1.66099900425692,3.00171892220146,3.17391370583864,2.69380684182454
0.937046585,0.266297389314003,0.885090972015418,1.97590923257888,2.2486863496775
1.110411268,0.744185514769774,1.78237201543732,1.52719262047106,0.119513290181282
-1.550684273,-0.492338238119484,-1.02811736644153,1.74129512291529,1.24933443262195
1.092957025,0.47038495650342,1.07921226038548,1.62664975975464,0.836713570425901
2.553270542,0.906731606056068,2.35270257168264,1.4350604033592,2.54342966580996
5.038140745,1.46438337244459,4.16523080415758,1.10170067156532,1.30003965660834
0.041148881,-0.0660922157801125,-0.136459812903385,2.48803061424771,3.2510914671857
1.777949969,1.08917467200921,2.92929925604532,2.52151041043453,1.58348788859485
2.55237018,0.658763966373514,1.96439305371441,2.27198964029448,1.70614550081509
1.653995182,0.366099691995785,1.27886871185683,2.11339161883791,2.49206524375888
2.542016733,0.736923278238219,2.10549249677807,2.29656118058254,2.25292891955499
2.755453531,0.721295843846861,2.22147266932539,2.18903774695522,2.53279673246136
2.734139337,0.82685622740501,2.33151941248985,2.41516963164995,2.40578216216492
1.937721908,0.85629727895152,1.69971599898527,2.85415030029994,2.8930581812658
3.081679997,1.59795557218176,2.65923146116191,2.64401161833592,2.48399961455255
2.940865376,1.50287821332469,2.43279607111658,2.57055104463029,2.83613705360671
2.84953356,1.68791388144292,2.31862297844607,2.66968577906,2.54345204512528
1.952061158,1.30543156244199,1.71749192798713,3.12536383579068,3.06005481233819
3.23786668,1.83861654612426,2.72375609133536,2.6896351377406,2.72675576633604
3.67289383,2.20443364032523,3.0743024654647,2.67444366341288,2.34206073463116
1.428511584,0.902414850201536,1.40667299387911,2.65550366039176,3.13901671268586
3.155175221,1.63973909780469,2.68791636357342,2.27764177181163,0.922748981635641
0.130554255,0.387648429190364,0.653590264024103,1.96844775881745,1.41654418415839
-0.466610676,-0.217098007150114,-0.514985290798695,1.87629735321093,1.2270397528432
1.750641707,0.679092147374726,1.62770735333378,1.30053188949337,1.22133699615732
3.143855334,0.77363925539169,2.40812347345432,0.898245883711518,1.00124579066642
0.233393724,0.0657449521639935,0.142136060192851,1.5911038983434,2.65514097555437
2.516358353,0.567691317101924,1.58531788491216,1.74433960047957,1.2574280824456
1.8998631,0.609136085297995,1.50671051120522,1.70847936954107,2.01186268356054
1.929594265,0.404230358683808,1.39771299411219,1.32004657584431,1.47378020277185
1.239102263,0.462053441881853,1.34595827159332,1.41527593189886,0.780920054188672
-0.020380264,-0.26912527561672,-0.634302798908059,0.552308470722107,-0.506188689491303
-3.034791149,-0.990102598470877,-2.40775042181625,0.598161529521076,0.839191409114565
1.777971214,0.999967833032978,1.91236271776079,0.959257347957406,-1.33238908465643
-0.737317387,-0.669688367617725,-0.680569194743072,0.773630017514333,2.27926430321122
3.617532218,1.4749921743503,3.05250811537005,1.37750092721476,0.956007637029412
3.229595651,1.40926398275457,2.76324011498658,2.52867517963963,0.251408065382354
-3.628205988,-1.58985692670058,-3.03742217910292,2.34820752309527,3.53432630694849
3.883407243,2.02345683837432,3.35981643888393,3.2662088134139,0.601936665983387
3.301406172,1.87185088791009,3.04021572514585,3.17537134602402,4.79600149785255
7.350617563,3.75300643420645,5.89125580632859,2.5376668504732,3.06523080971872
2.809229048,1.53100382292715,2.47008278173498,3.4816956957998,5.03216698296085
3.638624053,2.00016936998011,3.15972707264667,3.24719948020853,2.48828916791819
1.358444624,0.653166206091369,1.2534080025896,2.83423768722003,3.21478468530653
3.394786838,1.24537724153976,2.58944220090926,1.71156019635144,0.650177907272873
-0.590315743,0.0867149984979704,0.161024354411807,2.28024223577108,1.92735005229231
0.232488039,0.108520269011265,0.06992560813724,1.90598784240027,1.70846608624979
3.585598689,0.82087417816399,2.73465390467408,1.37357013823329,1.43035996070135
3.056738856,0.748715843158548,1.89110862767477,0.875950028811472,1.77075864458729
0.471535583,0.266480181058671,0.312289553188567,1.45497124651181,1.74391231543142
0.545298238,-0.0384703725118166,0.853789213335785,1.34621739930147,0.312086292416797
-0.225826064,0.244052358196764,0.239381543350707,1.28251404494521,0.151154102774765
-0.847702197,-0.4061623063355,-0.944074691923205,1.23710005982115,1.3840301361595
2.866942003,1.0464380149111,2.6640601591768,1.93073320820833,1.07903177519661
2.861442718,0.980525129501611,2.65457645041436,1.56180154648917,2.70356607233905
3.702860607,1.43648762406989,3.04366882610333,2.22931040035231,1.1679039811494
-1.211470181,-0.055894030555608,-0.514473765101658,2.87551166783442,3.73084195726698
4.346104566,1.79856235128872,3.62165134193838,2.15833663725033,0.42679739850977
1.168698686,0.596103528323465,1.28068628118188,2.28756375614017,2.99429908178056
2.355352433,0.975949547772088,2.1185615073325,2.21474869897542,1.98920583373235
2.341804184,1.19631769827883,2.30739003827906,2.50398377831701,2.62162615026206
3.6914021,1.61922002041388,3.22328580649936,1.44978097215469,0.739420126350883
-1.157262408,-0.581812599272998,-1.14319071836094,2.2111315960946,2.20140937219522
0.579921195,0.613272627938563,0.978106081660681,2.31401463102876,1.18029457097387
2.752611914,1.13523778762749,2.10947431663463,2.34748285646257,1.81803541135698
3.322892844,1.32336807559298,2.71725349009187,2.00757302711631,2.49423378942282
2.66286784,1.2310216366995,2.48790806755207,2.58617497423154,2.66470870614493
2.005801788,1.23534356030589,2.06985260797331,2.79317409357574,2.83539146391843
3.04866804,1.66267399812115,2.38291320535571,2.45312113751874,2.18539230535472
2.327619373,1.42931085726158,2.1063557859378,2.24216831489952,2.37465904799629
1.866986622,1.18884472112404,1.6640881325191,2.19799549250769,2.05165094005942
1.691531508,1.17666538200932,1.71844619103481,2.03003450456587,1.81069957294404
1.716031089,0.943621983397499,1.72464069685331,1.76490926919166,1.57761919860429
1.204800725,0.487815636871152,1.34779554813198,1.4515218128406,2.1960427863552
3.070420804,0.43119281862846,1.97759929951005,1.75748857646423,0.853147243407327
-0.156001396,0.296388074912414,0.53548384719674,2.16559401029083,3.25903459339711
3.940101001,0.964841786929724,3.21739752403027,1.81520483821947,1.36663240082613
2.678529788,1.02684046552112,2.6592851668134,1.72407905463488,2.2589947684068
1.752282866,0.474060845710773,1.44053053331312,1.58745298802033,0.180118636960773
-3.330513032,-1.06689725679033,-2.5712702595065,2.88787193939828,2.30641738609664
2.493495854,0.689213298709594,1.80138728462205,1.61440543008659,0.680572825398292
4.330976983,1.9828633777899,4.36217931920478,1.17123042395149,1.61827224673826
1.444663102,0.168385561144525,0.349141764610952,1.21638003026883,2.87391866268203
1.846520662,0.798104347710234,1.51786531876836,2.07418432296021,1.69698788275333
1.640502388,0.564582382247972,1.56387149341625,1.57805028756109,1.52257609778616
1.2862816,0.39912582838934,1.46591899291981,1.87592664987256,1.20051991244924
0.269775082,0.646372425221414,0.962310992655433,1.92775620505724,2.34120902892422
3.684804442,1.61870475330472,3.04134894765327,1.45403429102152,0.903056733911272
1.182722522,0.482667892487072,0.87070129326335,2.11756112485219,2.83265031313632
2.401402091,1.20072657745945,2.16464423366574,2.31808204437574,2.16631166282261
2.887321922,1.34332499166608,2.12850236356022,2.45600298499385,2.44360150686822
2.662243789,1.40013386034738,2.44559673937268,2.42289478441679,2.59781513047738
2.377034225,1.04661353586228,2.04560058033952,2.37337064736029,2.61178118729459
2.857363662,1.47359543364344,2.88056553831695,2.12485090084322,1.58644022975977
0.684737681,0.475924171800556,0.427609760699102,2.07872670232991,1.95692755794404
1.053146228,0.55162550141223,0.881418949315512,1.90376068721785,1.25539276811073
1.434072604,0.599101935352214,1.29887604351674,1.56598247870885,1.49244034195087
2.093809868,0.635942492105453,1.80498082204746,1.10066606038284,1.22131404733392
0.859658364,0.430611731481199,-3.71667244771952,1.83574881604216,2.11425717009821
2.245696081,0.441576270206545,1.90646112966371,1.40222508479007,1.62610345670281
2.574076139,0.991137632935236,2.37445615153717,1.99207877251809,1.1508519693793
-0.265551279,0.21246835448052,0.099052745903734,2.44155389830582,2.79661484762597
3.220791351,1.07745708211733,2.21443450733685,1.78091722435229,1.26758527224954
2.50496301,0.729190685388266,1.83836983917478,2.08843108953278,2.23681989082636
1.525405598,0.850897138234155,1.24027085367442,2.06829190102873,2.66139387869431
2.914199293,1.38575410278231,3.19192115290242,2.4103241494821,1.84687849303168
1.999441913,0.892072875151109,1.85176759692239,2.07144109667452,2.41919356930009
2.342719912,0.971486640474561,2.06841792027821,1.761758650378,1.44963095852344
0.763545871,0.622421317038229,0.572026950489106,2.03654975847599,1.62512535224976
0.578312601,0.394461417867296,0.408983737328988,2.28685864011042,2.00169767415937
2.489339574,1.04908727135417,2.26993905161995,2.63270054350281,3.29484018990524
5.955608802,2.202056152616,5.36574229966721,2.81890049683184,4.0605718693479
6.431739449,2.322349899641,4.30706533383345,3.13160033639791,4.17006492817079
2.943340894,1.35604663640792,2.77967486332025,3.2177875482289,4.6176113273571
3.242383485,1.25157450675611,2.72348602739673,2.97471964674329,2.39761773463486
1.302516655,0.717294206099961,1.34589441649574,2.82988308487532,2.45201723109792
1.55234393,0.956275355706195,1.74509644202478,2.18105263536586,1.83837392113468
2.258651697,1.17103250540314,2.08875795109793,2.01540205086862,1.3087237983558
0.793757211,0.529872977716856,0.638100499395081,1.93217401094853,2.35666907854552
2.688307956,1.38423059213817,2.44891715414827,1.77190355812318,1.41484456556525
1.937313508,1.1373386422165,1.76653154291438,1.62384866153497,1.83550324036717
1.373010198,0.825851946887987,1.19765012966141,1.6338292632517,1.23669854148976
0.048410084,0.0663725986200668,-0.0138152890522678,2.07139894917856,2.13581965867043
2.920524239,1.65518350158595,2.74424974319072,1.86462662280777,1.19842620097839
2.097874507,1.27335149955672,1.97016863791008,1.73133621337054,2.43533126470918
2.665875502,1.68847159917535,2.4424201183056,1.82114447825419,1.35490538656102
0.279829937,0.332508160395135,0.330016311533637,2.38894544928761,2.33039334168065
2.030288556,1.48596156682456,1.91513108542676,2.10285998258603,1.46142953735347
2.532243656,1.1659346349592,2.37577775510209,1.7045783173098,1.39026593524159
2.173624176,1.05080959765784,2.09029132354082,1.26216441759721,-1.74332690608427
-7.054111263,-3.3938608266753,0.101022912301963,1.01677982754344,1.38790053093835
1.00957597,-0.386390149808936,0.759034871974378,-0.603184373372162,-3.81133652154565
-2.71644765,-0.258258514434847,-1.37055584873049,-0.477413601250486,1.17625969040146
2.185748554,-0.732661620623373,0.327965137858463,-1.39006868105869,0.466707362684435
3.242225399,-0.176599700542339,0.175732902668194,1.06219937496686,2.37399392059432
3.424009511,0.307990013282345,2.46425496181345,1.44584147968262,2.57740602602453
1.990888114,0.227298661156518,-0.244073913413869,2.90787428870925,3.278720891346
3.314339112,1.36213708551802,3.07285909691914,2.41547630826252,2.37044752612278
2.675963758,1.24607403266196,2.28028012247431,2.20521558410297,2.47411730478177
1.792589131,0.990927437446585,1.68454969152202,2.30669600062901,2.29903404151033
1.821840169,1.24544201631466,1.74341578159491,2.32500612291713,1.97729925035649
1.916383361,1.2641562661112,1.59221478926508,2.11346465141885,2.21948631795228
2.661551623,1.81865075761587,2.33689652120705,2.18910083539825,2.07847373607831
1.940360626,1.35712922051581,1.87279116400032,2.23411746069746,3.28367449660419
4.430145651,2.61591327063994,3.56744518324986,1.94107359584772,1.86116466735955
1.739438005,1.23616697729431,1.79332110180331,2.33196148104413,2.74322151011466
1.260397059,0.93134484489162,1.23365911931383,2.25110938453421,2.19324680734635
2.32985874,1.39720052826484,2.16551912847595,2.4899904686194,1.74929373254591
2.009744335,1.26960339164762,1.76942435222286,2.05903355034623,2.44580255434735
2.781153911,1.52278145738824,2.45726128899714,1.92675439064584,2.1500994911086
2.355416015,1.21171748168625,2.01308555286524,2.35135435762951,2.2064328975934
1.525109594,0.886369824793605,1.46403442612163,2.32312400116557,2.69196360941381
3.405440064,1.54994247696075,2.90006076152197,2.19183608716415,1.11712924010517
0.253214499,0.39896370290034,0.241355843444357,2.05133572152739,2.77948620128819
2.604553373,1.15906236177132,2.51294112379883,2.04175064881373,1.01640776700835
1.239445528,0.618308262729957,0.705513553713644,1.70242272080911,2.13399473874019
2.041510613,0.734817894533551,1.6434865520143,1.59294127601396,1.41998961795559
1.391246931,0.854211154830221,1.54161751868896,2.31153169656631,1.82769040182376
1.509260873,0.617329079685471,1.33789422442783,1.62707111038193,2.16030123820896
3.149007208,1.46008309344664,2.70899001793481,1.60661042923239,1.31764058482102
0.99012614,0.621265354256954,0.843961208603091,1.93090633655005,2.41683376668263
1.929119086,1.1501218265087,1.8369430152479,1.65901253384738,1.61070222302953
2.197281376,1.22704734592447,1.95764966407937,2.27804944258699,1.17138063351552
0.09679818,0.167456143584742,-0.00954676710179357,1.91479736553914,2.50249696311862
2.868629102,1.59869741853429,2.64286852424718,2.29304327760833,1.61546905224059
2.860282075,1.67107062063231,2.59817359107283,2.32194489467729,2.56964714272614
2.837560948,1.65833505641006,2.37573814140132,2.47714457697618,2.16495851534405
1.315603337,0.630954108416302,1.01442527302029,2.39885010047472,2.76826796409885
2.973384006,1.47586973335711,2.72346274256497,2.28829218509759,1.35872268139838
1.049118544,0.779489099523423,0.883912293448935,2.3233031015474,2.32132358559122
1.632362733,0.976776407179542,1.60059946473987,2.38909235852946,2.30653901473519
3.478595678,1.56680207883969,3.00388502497957,2.23988732385883,1.96074877652459
2.509362525,1.22064232230044,2.20786116713706,1.81543956256297,2.28142949207698
1.41602821,0.884142217696574,1.2845332042496,1.91181499568045,1.85596174662084
0.90058757,0.63505202135128,0.794682699506244,2.23408234545914,1.91209964484196
2.145813629,1.51108843307919,2.01989877703427,2.14455402026809,1.85150175062508
2.75706524,1.71216603702805,2.52492435608267,2.00093652148196,2.16927588504663
2.376410105,1.52378819760003,2.20226000409941,2.18068118571828,2.46615408564343
2.364728095,1.28244759166131,1.98375801017988,2.14337020380968,2.15016098509674
2.274388094,1.31635949816411,2.01242761608166,1.94086977699012,1.02370907723049
-0.561802487,-0.0190205834399908,-0.389789211634718,1.85838230093717,1.65357905595778
0.792987085,0.487819528369006,0.654794120417552,1.86494194832333,1.07946547676216
2.178375718,1.30167577802442,2.30184608118373,2.14541004791644,1.79891219166179
2.961266776,1.24728986929888,2.17729628206127,1.62610321450607,2.39811964495473
2.902520372,1.50117318201452,2.71395669651823,2.13312190611633,2.66940480070501
2.672381788,1.42174358664629,2.27280409206181,2.31420136058378,2.30311393604464
1.69067624,0.848004892607822,1.51282755909243,2.64599846481259,2.28763269854183
1.697248382,0.995275937120512,1.54360915729673,2.41472838211776,2.34661699966125
2.969825315,1.30897643263799,2.27351156240657,1.95627789045211,1.94607190705305
2.29209026,1.12347783818624,1.93448275195916,1.86931735203529,2.1402200381245
1.469569344,0.985415565845422,1.52941446234504,2.0911749555156,2.013302707202
1.699962957,0.982348222601274,1.52436864423468,2.13387548761324,1.52236615652444
1.291150221,0.935163088776863,1.20355477265918,1.720259813248,1.98740265602059
2.447386269,1.59896559341242,2.26120707458964,1.74692812842289,1.3714455109805
1.21160315,0.973527324763237,1.2171565404714,1.96067872523913,2.3508459872774
2.412241747,1.45436305070842,2.2096476553068,1.96089825954545,1.91428985503625
2.602242954,1.64490464963221,2.42346265802219,2.01157405531048,1.94298326421835
1.676856942,1.10268429740737,1.66434299412754,1.92611449958463,1.95632915064462
1.159594767,0.880821811997494,1.16448375010643,2.07310725224751,2.15953564928304
2.633170559,1.50039756030826,2.12278994377261,1.9733953613332,1.53797938449566
1.731836213,1.17637197878065,1.60724956145527,1.8791300210431,2.37049759108263
2.417919089,1.54637053661423,2.08488276697812,1.99802175488302,1.78102412632149
1.633304382,1.20634981098278,1.48755335699505,2.05917708026325,2.2908699826398
2.401868577,1.63280563390949,2.14454330153336,1.70758621837461,1.56742696138497
1.366963884,1.17291220421892,1.53513418962714,1.9642934103669,1.93483794950609
1.589577579,1.06107388162146,1.35977233182207,1.58952127091517,1.47418373404795
1.463978179,1.12405025410239,1.40132954507339,1.71898999822907,1.44463566992345
1.086432308,0.800287811048296,1.09185627073714,1.81774672056489,2.0359153179533
2.654976175,1.57506773682714,2.413863675427,1.5971482715667,1.68666242615546
2.349017654,1.61261263648469,2.10809653611765,1.61508003501439,1.98446210222937
1.512189047,0.975994512998704,1.32207713242453,1.7868477197653,2.0303827395557
1.676409776,1.09502699157373,1.5566888100064,1.85658863323308,1.73559655702697
1.796708294,1.14620127955305,1.63599598801964,1.78055181769683,1.85041783302083
2.099763876,1.29683751524654,1.94919182952322,1.57128043943309,1.70638805146163
1.713548004,1.13457485055059,1.57495355000587,1.56704681345099,1.62034066588702
1.204901268,0.975479301596286,1.30429478411305,1.735707671278,1.43250158701275
0.919980647,0.669713742927949,0.869989031379705,1.93522378448512,1.70717212918702
1.937414,1.3235924072818,1.99276309594292,1.97894917968001,2.08351222934832
3.433593464,1.54686519070636,2.81994478495925,1.68027980111602,1.80684887810657
1.809441288,1.26716448638295,2.30432817543487,2.16846993352841,2.53571183026617
2.012049606,1.0083258163182,1.78514140069609,1.87638408648192,1.58689027415965
1.034512286,0.723826488759847,1.14863668619557,2.0137622206315,1.93384089939412
1.916514087,1.04297870845889,1.81401265640867,1.64359068438744,1.34358807709849
1.432469416,0.801706515916424,1.07787225644304,1.78657727516378,1.86422430780875
1.789532654,1.03604670494424,1.54390495802126,1.55845124479752,2.08115783065156
3.02075356,1.70130766559453,2.76377100384381,1.57096697377804,1.22651594260378
0.588952273,0.237012611696647,0.366548411017134,1.72896714655623,2.10870740919038
1.359625609,0.860550265859353,1.23876498407462,1.58647778703176,1.23712508797699
1.548692059,0.987883704266577,1.45337989639589,1.67758968881208,1.42349619822677
1.235624947,0.941806420994584,1.3116650193028,2.04025483243102,2.42978967032488
3.464855508,1.93075916044271,3.00306791848276,1.76507382483766,1.98458411000091
2.87777278,1.60480750931296,2.49084491470317,1.917807478494,2.38891037502899
1.618509508,1.05384464844067,1.54557306164592,1.96983054152484,2.34299400418276
1.743364626,1.10956148794684,1.71109156995949,2.29187828198406,1.86473730190492
1.793489425,1.18902855019513,1.71208547623663,2.02292048194489,2.18284347105524
2.745348243,1.57597893645224,2.32009603274312,1.6873818906504,1.82132366824816
1.92349047,1.1605169175523,1.72923139298829,1.89618034100578,2.03435848477445
1.265109217,0.882422836679954,1.22483044487343,2.16935068768818,2.3185497332619
2.676784513,1.55233457538394,2.3285530931426,2.27159301576301,1.81171441505085
2.234037009,1.27506672107784,1.98350379662917,1.93757428275143,2.39230400372078
2.450368307,1.31855972160469,2.05077273491637,2.02655682414132,1.86709644297503
1.349001385,1.08551687884939,1.54941592410451,2.29773724863898,2.26597929611333
2.115933448,1.31123403120597,1.91271382931628,1.94448600013297,1.78809468551314
2.190512045,1.08770759488506,1.94068626406237,1.72329694612504,1.69329136101032
1.580676752,0.896458470947733,1.55108551654471,1.57257983222088,1.14265399135341
-0.156974918,0.007643970757614,-0.30080727311222,1.85834923616683,1.67835221622136
1.620546765,1.05316786020155,1.57391506959194,1.90091880745818,1.09456956987816
1.805594119,1.06805015460846,1.92228050864336,1.96087792831946,2.48952795260685
3.780304933,1.56338178124736,3.7082303959321,1.98181999342334,2.10790834031457
2.46202493,1.13037275919408,2.29201094722287,2.35335537272478,3.0010951517877
2.679779114,1.18274437387195,2.40671011419371,2.21282572816404,2.13815623345
1.867140968,0.936177819651016,1.69375168110656,2.46221879060842,1.58579440399167
0.06475572,0.0972835879299781,-0.0328608047436709,2.34786519535896,2.48215791480954
3.158021212,1.71710211890231,2.79307325420179,1.93418747160638,1.15116366876138
2.018305674,1.3585655656621,1.97281092988834,1.81215931617826,2.14765603957249
1.512702964,1.04743774363619,1.45773440264261,1.77097361457647,1.97077039275521
1.911028166,1.26109997538031,1.81633183503745,2.21231610393499,1.4390509431162
0.986575793,0.599103585881413,0.794834412140711,2.07488913282219,2.38231675051346
3.023717159,1.76095683781348,2.66576303109363,1.86366732266326,1.65706625831773
2.229149116,1.35568071004611,1.98249307308108,1.93713720669311,2.37198942730772
2.091908044,1.26653470464238,1.96062246646254,2.07059135069457,1.91257326558944
1.43723438,1.09323541414111,1.51563699476249,2.25432466551317,2.05559198190647
1.937378506,1.26518782894914,1.71030061027471,1.9079663266069,1.90473904265135
2.360966912,1.39811671957119,2.2945778279155,1.91666837772733,1.81378730029066
1.672084577,1.14838595078421,1.50927180196812,2.07546377638215,2.23910804270827
2.181313157,1.04743558916091,1.86902158216801,2.03805727490338,2.00109073770296
2.37264959,1.42493639123263,2.43893753385058,2.1780107488367,1.79582529414102
1.285558065,0.732490698644907,0.922229835189307,2.12320266179552,2.43484746493372
2.607583679,1.52218176986747,2.4911848063757,2.17898910952859,1.78349625801654
2.080062449,1.37607192118764,1.87857316695113,2.32651497062339,2.40302426634377
2.344254434,1.53824048869749,2.22768740226914,2.47465218726616,2.33477714452932
2.425040013,1.74473184201039,2.28977689686947,2.54091740205241,2.74053461697431
3.312592253,2.02401511660289,2.78431044096701,2.26555685182802,2.37978628001887
2.61832499,1.57787641293102,2.25269722282707,2.31042037036975,2.00774088757792
0.699936223,0.563631702021311,0.607219846362286,2.33807520176816,2.16308179920568
1.45308457,1.03647552457762,1.42068721256138,2.18722398456277,1.79666067838467
2.684451113,1.58932256912646,2.31832801298507,1.74066162745504,1.73036989919143
2.115707599,1.41888035476723,1.98506952494168,2.1721970807954,2.16921000242634
1.70591329,1.30498730743283,1.72260511386555,2.21773870996267,2.41551522151257
2.691373334,1.746642614397,2.46783028743704,2.32675034114478,2.12661140111384
2.474264508,1.4726474395971,2.23512125897563,2.39812726098381,2.52514181161858
2.475621988,1.47759327325153,2.20170941876107,2.56404734447334,2.5487229092029
2.596093644,1.62859355162639,2.02532473253319,2.53285537327609,2.58593752396883
2.765095944,1.64846482763841,2.46887294408572,2.56126786277512,2.43673761175314
2.234788312,1.42357006367978,2.17393867467362,2.52671294068876,2.68716416896777
3.173259492,1.66454725489874,2.74584784735476,2.02808530144881,0.95461884425592
-0.323779535,-0.0991158650731791,-0.253422045255994,1.66326109107111,1.10366192992
-1.321557024,-0.680985980856901,-1.19803274672344,1.45896361998669,1.04734722005922
1.931924406,1.19957470936966,1.93491776788098,1.90843119704154,0.356463375808852
1.692204871,1.25579496563731,1.84104110625981,1.85602183202471,1.97540988981391
2.473847659,1.3689732658338,2.22028289241678,1.90653533983243,2.06484753072618
2.550956695,1.59953951530842,2.24869530784392,2.06595122866235,2.1806546804157
1.96440291,1.38991978378734,1.93825460450972,2.21838109768621,2.39351515939409
2.268905132,1.47983363690913,1.95850866013305,2.35603548995655,2.14794709819409
2.124646137,1.36357640085566,1.91314407155503,2.52636324314032,2.59065673700059
2.934232653,1.75853099536754,2.62501162199675,2.39074126139616,2.57540650157759
3.14821532,1.8132281438217,2.72363137782348,2.35529470724311,2.51912649620705
2.302293693,1.51852855603412,2.16004553915268,2.48809030415383,2.43581011686053
1.631701735,1.24787939843448,1.58929446523428,2.74334148272076,2.49856453532238
2.485846986,1.5170888500375,2.11973016345081,2.46452595229843,2.41656467682657
3.189345392,1.74041994826336,2.68996490984598,2.33861054253206,2.42814293872804
2.490037,1.45260383516163,2.29994453281863,2.33674217476182,2.74738406296224
2.633049183,1.45342710139665,2.22549203173586,2.41709775583749,1.91953626173723
0.992068377,0.581641633165396,0.933443815621731,2.98314788810728,2.70994536475626
2.569284171,1.35708690986846,2.35652297657293,2.37296274989745,2.65617113841977
4.625905267,2.1018005069349,4.03827578685383,2.01579472575796,1.66238448779416
0.714426873,0.625925642511066,0.992080497865773,2.25161204126847,3.30446058078555
2.399953835,1.11279215087775,2.18185831086864,2.16654950348909,1.56323265924185
1.941006342,1.06442132934435,1.70445423915942,2.03690639756203,1.8683429511782
1.277243911,0.932096027387246,1.22363943298341,2.09900169449995,2.40427458000005
2.836699599,1.66334290705625,2.60066136650659,2.27842837477967,2.06929475411015
2.820243753,1.78165358115294,2.57872751033462,2.29443399600979,2.50288929613757
2.321813979,1.49317872018039,2.07555678335563,2.72390885297068,2.77380506319185
2.671549727,1.67252192133463,2.44486642873328,2.81294367346614,2.81812712332743
3.370790007,1.91748205843699,2.87936185600242,2.46923723147441,2.57806005577921
2.785353305,1.46606399791115,2.26036827898406,2.31272506222527,2.15945545179113
0.975695505,0.5968770368478,0.671663573453213,2.39269339527638,2.19473044061102
1.422876771,0.906850590266364,1.2871970818568,2.26334922989355,1.70758576816142
2.105362361,1.34269470212898,1.94720651755698,2.14764695321815,1.92559275036161
2.444033087,1.64295799089138,2.23846997695805,2.0591170434371,2.25205208707089
2.413510198,1.73606833103755,2.19827860674646,2.55091691404884,2.69994093669541
2.99548892,1.9440113711554,2.5967755759607,2.69496412726634,2.79215885876697
3.218780624,2.15313251875597,2.85403680777866,2.76787697643207,2.92090150764511
2.983658037,2.00504632612225,2.59267928230036,2.74593998852279,2.91321560213088
2.693722932,1.79071635897166,2.28569025563118,2.85484792733145,2.72112608542875
2.439363568,1.65174058210301,2.17866149742077,2.66664863083812,2.56034261205177
2.634548669,1.44258333692403,2.32019417848725,2.36700930744778,1.70855324031909
0.714372448,0.560847111203093,0.693513802343175,2.45364157696199,2.39048113683064
2.106095852,1.1369044455205,1.72116563719811,2.46540325760384,1.76188432874915
2.330014162,1.19737164069955,2.13286394975411,2.67662106423487,2.78408369553354
3.746721754,1.68297592401584,3.14949035654891,2.36609420256745,2.61342128512511
3.019255718,1.43023773821386,2.3839002518203,2.61567452504318,3.05935174628898
2.733527197,1.2679287094054,2.40834647956313,2.62885916375375,2.44656227151192
2.11718433,0.996421192114608,1.89722568766184,2.37948151254839,1.38847190072717
-0.193320617,-0.245902007698317,-1.2035433506778,2.28093915505115,1.6206479336331
0.715375817,0.644897966778124,0.954182322099685,2.35827577434992,1.468951324543
2.770873546,1.38624343280965,2.34947176292472,2.14010180813645,1.69810188093946
2.739852801,1.42785428442195,2.5742273522392,2.31967494337482,2.67231104379231
3.003266784,1.41395709531433,2.68833270438909,2.29829160417136,2.48700740397762
2.446820428,1.36040751318171,2.13638293097846,2.53298030021617,2.13817493572135
1.110997742,0.904933900090423,0.986638259689662,2.35632596253046,2.51117970105653
2.599519353,1.69473677796301,2.33905020238631,2.57131288923428,1.62545897800193
1.763925006,1.19796660331082,1.58648028453829,2.33886658154793,2.6324324031927
2.816946955,1.58976113464574,2.50568199471162,2.62844254652594,2.47164773666973
3.142261515,1.68252231082451,2.74104868902071,2.61449420162093,2.71015211079453
2.852143326,1.14863216867342,2.30011060500951,2.31357228463235,2.61103566099443
2.530261516,0.972038068729356,1.85943745368115,2.47894710930591,1.44021348847316
-0.506365415,0.144511210369174,-0.238013729771128,3.21468505923423,2.71080019127187
2.501555384,0.714314253329002,1.93182577416528,2.6395776302214,2.35143335758559
5.133754126,1.89446429983593,3.8687018174973,1.9136084355074,2.33297552152595
2.767363905,1.104668780324,2.22644017304034,2.20252785812202,2.98647530700789
1.244366922,1.00556290358999,1.32972417724455,3.21331305825663,2.30555374753796
1.1872077,0.437373182059024,1.14353463951831,2.60722934724025,2.58277199246076
4.191964938,2.02342489617681,3.57337738169865,1.38091543315529,0.906116925283279
0.612568437,0.424132589395563,0.929833134966114,1.8094589926123,2.05855380091614
0.107972319,-0.138379454554526,-0.135422716370015,1.72272739244828,1.46339289117136
1.949195409,0.770814411740788,1.57245810858107,1.18694976239987,0.751612347725458
1.231796868,0.389045761429094,1.09244561600252,1.40785482984282,1.52173959992383
0.746997904,0.422941901548032,0.295126174064666,1.65406110235001,3.02912609850174
5.366605968,1.73135592300879,4.41522340349293,1.94682568056089,1.06510062621243
0.899086704,0.418480374480991,0.846437444114983,2.69422912618077,4.13011819081807
3.796856025,1.53362661986215,3.13499884683685,2.20332940203852,1.88838262739071
2.639553768,1.03765313948006,2.35936669668976,2.08746178351793,1.94339499249216
0.419569273,0.386883105273482,1.0388927556079,1.95202677832583,1.65614573792233
0.412539264,0.0149957993792502,0.0301155744693332,2.04041153975604,1.05474560452499
1.108548038,0.487323834952215,0.816379599319356,1.77021706275502,1.55479766955445
2.714158445,1.27892042986927,2.46109789527715,1.6185068265326,1.62800441256683
2.334227844,0.945429171598706,2.08932775400801,1.72902038370063,2.09512105537044
1.871501455,0.840003176769965,1.39900096298462,1.88761650533296,1.64493881504846
0.740337888,0.574985859779377,0.932143039896681,2.20435417963001,1.99802393233167
2.045315254,0.922480823828644,1.89804383871805,1.84531159751126,1.50611705641118
2.161460617,0.825567185285206,1.86207245819253,1.53654514851155,1.7852529367045
1.936763471,1.07491395213417,1.86136054070154,1.67344159856861,1.218034136423
-0.104546019,-0.0428672310847962,-0.455058886762427,2.13456058907609,2.3367294013456
2.889295834,1.45421625814641,2.46555606536334,1.6852887844936,0.947815053992575
1.692415479,0.986549104764633,1.57754412643142,2.03931451732639,2.08147730761253
1.47507005,0.876839825563361,1.36134910608892,2.24470026682302,2.31353166798546
2.815696322,1.59122068497087,2.41880084745419,2.39477009336826,2.17012423575237
2.905395206,1.65538387367172,2.60439097486747,2.10519468222565,2.46155930256472
2.508153745,1.35814358983126,2.16782362966365,2.22310452268426,1.99399007566052
0.867881383,0.928148966343219,1.17885589921921,2.66551277047166,2.5780351084114
2.437539445,1.36566794301743,2.17249037125751,2.36750839189581,2.28134229110114
3.645345021,1.86128512391843,3.23979129692759,2.093129465132,2.24024844564274
