630
-0.762826851,-0.334122459979324,-0.372910893829379,-0.541268070271399,-0.671642344414003
-0.775981779,-0.290619197342842,-1.22712212644392,-0.0112798286422497,-0.394302935089483
-0.198327873,-0.631165798164363,-1.62773020933906,-0.624514720136115,-0.0872693468740022
1.007526238,0.157063549540085,1.19122067542226,-0.814603993052664,-1.05059040952
-1.967454328,-0.255347873847569,-0.659463514058504,-0.595707081875523,-0.0698743346346671
-0.801348588,0.027201843040369,-0.452475277378508,-0.135205781817564,-1.68396660448368
-2.282375475,-0.371676892193128,-1.61009890570724,-0.459573161445576,-0.0479210056914798
1.401098352,0.456566927566659,1.27238047444239,-0.948683807309148,-2.28226323673699
-3.045951416,-1.22019069969875,-2.68302620031304,-0.209665988869139,0.779439406838708
0.701265382,0.337514935950986,0.503998730225835,0.133142781606591,-0.951528787796473
0.389667465,0.273964216638893,0.164626369957983,0.932015268141288,0.857341964767263
1.607132147,0.486795727964114,-0.057564717445003,0.289051820523508,0.585737864799802
0.972146628,0.254315283616433,0.827483075718719,0.308211933329878,0.64306020408906
0.192095179,0.291068592539853,0.302522715452791,0.20994095223835,-0.474600856466098
-2.250805692,-0.317704575205639,-1.0936477485667,0.553842777305331,-0.0914035225816461
-0.684388554,-0.0457079699223065,0.32172039723269,0.371831185817801,-0.667540619971571
0.390119362,0.0147051839809126,-0.0631543442696072,-0.241594774010042,0.231722027360839
1.552078982,0.636849653865621,1.4240446396253,-0.398435940106482,0.120191687796848
0.031999125,-0.0944905420718356,-0.0799741141172874,0.220295419491089,0.711317956813655
0.083566338,0.11431620835449,0.175938716788937,0.222737066314624,0.121500732741028
-0.001951663,0.0733800560763398,0.317885528056481,0.234584426424352,0.102844911426703
0.053433402,0.0875136217487735,0.24776593593631,0.203730512305377,0.18933110162199
0.303355173,0.239174742721163,0.468744993212901,0.242215270690376,0.379087749049684
0.718277047,0.160327006764868,0.656746037424855,0.206005952986062,0.465579012967084
0.80981293,-0.040345697872284,0.362858125756792,0.249243259010275,0.251183378897203
-0.236136715,0.147689384250796,-0.17078442738636,0.521771076400078,0.568653434440889
0.378318843,0.0922886607190566,0.576457364008498,0.19048593468197,0.0577151276252517
0.545326379,-0.0687581733958211,0.48041154767769,-0.173538671830592,-0.729844763501429
-1.92145695,-0.385681006677566,-0.866549041355331,-0.368608542431317,-0.196717173162694
-0.868140977,-0.43725932139469,-0.502291566855587,-0.364641959940372,-1.32974398823097
-1.2007798,-0.426017704416869,-0.913836706276736,-0.727047723789548,-0.758855173656492
-0.551856117,-0.545014455682869,-0.156700575994896,-0.794110922244571,-0.840273213183576
-0.573074978,-0.372405283005534,-0.810265448342904,-0.641919664703567,-0.412113113520613
-0.153730758,-0.281223686038045,0.0429582191560269,-0.702556424543632,-0.456970317334433
-0.133790513,-0.193659821959631,-0.13738102402259,-0.829766869596898,-0.830703454366369
-1.473091722,-0.389743533136206,-1.03493317604761,-1.1173314694468,-0.71036888157427
1.225682792,0.681121815841372,1.12600798996668,1.11655361459286,0.903299334174551
0.566873662,0.54793893161614,0.30621635345596,1.26262098708603,1.21687298529617
1.14687407,0.873806857868588,0.909283515770192,1.25866299030142,1.15118966024124
1.68623011,0.826496213974614,1.12894816280114,1.05820941081339,1.22172421805446
1.598601961,0.598722864601641,1.50914467582413,1.01649161624964,0.831141824069135
0.045110894,0.195518098693784,0.034283678830365,1.10726161548039,0.897356784284155
0.091201688,0.666711049424958,0.896465649005737,1.3119892280828,0.53656745298999
0.572660636,0.2308905462392,0.441106375061997,1.12071724487533,1.08735796001012
2.290648491,0.591012522496549,1.53155304577956,0.587327113707459,0.613434694437951
0.675252718,0.494767727368591,0.820851773213199,1.16881418566898,1.50583147315827
0.934704624,0.504212830568289,0.821103067648254,1.11390902258681,1.08663411957895
1.602000596,0.688577779739595,1.37386700044147,0.9443254568246,0.243864463419276
-0.56784238,-0.403812034069774,-0.572120589115653,0.870428314429227,0.89774606667951
0.146900481,0.127045220813229,-0.0771779914485091,0.826971370794002,0.437752778751787
1.142926426,0.704961391259177,1.02540503860711,1.07786047454786,0.581778409445986
1.065940165,0.418178048725091,0.899170376434602,0.869684044473705,1.06358200459506
1.457889531,0.620266157811691,1.20142909565882,0.900110670523838,0.205281430059417
-0.949174188,-0.0257541314958401,-0.212893938934826,1.08685435637244,1.24460049811757
1.154839789,0.541917179718489,0.923346633753586,0.864156402905355,0.06907928587847
0.703314848,0.464125651452798,0.56482327216787,0.937799107068555,0.904739955048164
0.829391791,0.480019857943218,0.675086227447708,0.91771711628379,1.07390498309469
1.430033331,0.815192548013492,1.19910392706043,1.03525839470114,1.07627531436869
1.422155475,0.781525351631414,1.09627805577097,1.0052596304122,1.09876184924083
0.796783402,0.559875301389336,0.381022726592539,1.15441366581906,1.3131349978005
1.207853555,0.832886343452335,0.950081995365506,1.29366396261312,1.07763660648308
1.260605925,0.870442439498612,1.01627309892851,1.15128653472499,1.23044900506408
1.399421027,0.79825314381912,1.00035637447035,0.989131755724314,0.994156160407845
0.777900663,0.663237693808364,0.659501055632321,1.23230772649925,0.960042397461219
0.311769807,0.405910487642154,0.176770882440419,1.43374818038304,1.36304597745837
1.799912416,1.11060987048061,1.62960076062979,1.35363294979494,1.29250152206656
2.257422601,1.16385941275392,2.0297445152666,1.28221583253794,1.6978732909667
1.965540279,0.988110105876037,1.59672819204074,1.31702734888923,1.53116227393624
0.931642201,0.597831175815073,0.829138417244302,1.3545523876673,1.3744098771193
0.733588101,0.547148655556793,0.679454382525795,1.16222747481294,0.981782861716084
0.888414185,0.571498962772462,0.703553195102791,0.97462299215364,0.784653433987504
0.71109088,0.594652455302262,0.617022808860911,0.958386424931338,1.02899416592832
1.251075179,0.606036631899476,1.01779214264462,0.747587864462672,0.772058490257009
0.9681628,0.356698869125563,0.683678859021483,0.679487488742756,0.539830144484438
-0.178660801,0.161315984334458,-0.280306370658441,0.939967811651056,0.692661608744968
0.160475988,0.227613341330635,0.0221357248281545,0.838966287792808,0.832359091269173
1.909492488,0.758606038846626,0.192531951358262,0.529935583325699,0.213356133074495
0.10518467,0.288204410453157,0.212369476554166,0.799603318737253,1.49263259961069
1.35764939,0.600373729906201,1.16683131783894,0.943970661819754,0.793813596845137
1.237089932,0.608966112567457,0.942183335337777,1.00793806629536,1.26976411444654
1.557088885,0.557839768017756,1.21472550133706,0.590269102513889,0.654803159351108
0.022978269,0.218613009067044,-0.0378663435728309,1.29157447370817,0.946987577690723
0.07931029,0.425727376385758,0.165685804565967,1.4421793857056,1.18320110215582
2.193598957,0.866657834094566,1.50762844894375,1.31274056184321,0.905663703042083
1.754188744,0.796274041786463,1.40527261221835,1.24961036079347,1.65994012374752
1.610604382,0.711125609164031,1.2838440913377,1.16939852053117,1.12165289668304
0.514618803,0.580340582228143,0.763766352131756,1.49742158276743,0.926693274800819
0.152169492,0.213789013306946,-0.135232606518017,0.993167729872337,0.638374352790276
0.564311978,0.379118447091346,0.518811511145876,0.670578473763686,0.497082060940054
0.840183971,0.423848255822889,0.795709839905011,0.490500513512307,0.417884751472522
0.251079791,0.224902175813312,0.152931386797812,0.61508333149124,0.75570171278147
0.698051361,0.380552767127252,0.42651014096807,0.587360729340059,0.588810000963947
0.940625307,0.373727113910813,0.621858899081409,0.512643561780687,0.475214040946821
0.311149019,0.124271200558072,0.501799655760715,0.513027059504021,0.590884821877471
0.279915815,0.172653659623663,0.0529065635528949,0.696682775341596,0.358735469457106
0.17607302,0.4327924268905,0.284605962444916,0.845803769905751,0.711999160897301
1.109281587,0.391398660268009,0.881876251328968,0.72156037260074,0.70818543455022
1.234286871,0.447927922895371,0.876033615222593,0.673294896741945,1.06212427954934
1.297221821,0.479405677332871,0.852404598807028,0.629045881039634,0.762567061002704
0.361117161,0.299362843101425,0.47056293562707,0.657442458646285,0.718566065720735
0.195115071,0.140367310514041,0.373607795473569,0.45602030368961,0.214293269607233
-0.100551647,0.158240215936809,0.405812707018254,0.454092693804743,0.169890581961869
-0.061061756,0.104892661453907,0.378455168601326,0.517052234300256,0.478607447702249
0.948684701,0.215968643027477,0.746473651446837,0.740362330694394,0.637827870070048
1.37364289,0.40390796872433,0.979010777136353,0.544516997375196,0.956858421381615
1.196597606,0.36857712997904,0.947768385183271,0.820931332833373,0.974129575565524
0.648555323,0.564065577892141,0.447891342324327,0.968625303154552,0.970821939722475
0.715988499,0.563638133762641,0.442111572894189,0.990585932334838,0.775659020615258
0.780113168,0.622073228386862,0.805063671863454,0.957285067788041,0.877032962711156
1.052305277,0.517312022147571,0.751425351939841,0.753878482337083,0.855579408799247
1.000968406,0.41401210302339,0.689309639249269,0.722888936522721,0.80276714509338
0.632859415,0.363042593085205,0.532600578337727,0.715075328262426,0.692813834822663
0.398972845,0.384355291630139,0.339669823645669,0.716236927802979,0.491619548830295
0.202069872,0.278401392004651,0.3107507507571,0.614076930937667,0.631809531943922
1.147840916,0.380161201576187,0.969141183772966,0.246927296092727,-0.39567662702508
-1.248566784,-0.264521365495656,-1.10116261694528,0.56510596412325,0.612340831881716
0.03761065,0.0709853689187395,-0.0172924714635674,0.344319254390916,0.149565590609942
1.396445035,0.392063786819623,1.09484926507456,0.422103614146065,0.0203644959489669
0.024938066,0.073108805021593,-0.172197793510184,0.356268315873743,0.999322311834041
0.833073668,0.353107998088049,0.555154725843235,0.653082551051405,0.495497411918009
0.931327431,0.460669812505137,0.78418327220889,0.663457606630026,0.376843523275291
-0.007236707,0.257768746623353,0.312563089764294,0.542773769360103,0.525492908997463
0.093321596,0.160097904917323,-0.239700931919423,0.459329845418651,0.295578361824688
0.539264678,0.162907099267608,0.54729102001002,0.221211335532368,0.0611905895145866
0.015423243,0.0145000659810624,-0.00908496996065288,0.326841544255908,0.271980333612224
-0.104634799,0.0984135746399232,0.256416257726645,0.559100606928166,0.574452383746394
1.132250893,0.248854971554654,0.844100724180816,0.334510094103771,0.303262782039276
0.756100394,0.291778372708767,1.11581372712013,0.366527826783928,0.609753640230978
0.387578504,0.197521828205669,0.394199226340129,0.432005185830536,0.189560730606223
-0.559223155,-0.0898260451951073,-0.142354993014699,0.727331793005413,0.454047683547226
0.377669109,0.149728586018819,-0.00732949954048439,0.57628027542813,0.261922873225086
0.893984916,0.254521120768528,0.629566481200656,0.547218888092885,0.704089535399172
1.236060674,0.300214526393689,0.923462794632892,0.430930394312986,0.724994800905858
0.72888997,0.23037113044262,0.648082161360185,0.659369806414255,0.69059455382706
0.205973502,0.265915909754797,0.325197240621519,0.766115141304934,0.516468258977784
0.116261057,0.0923045614638301,0.0752154592419121,0.680317916492316,0.610708370322528
0.994189102,0.2662170479418,0.928947577592398,0.537985670337716,0.344738448774603
0.473497929,0.300995626930923,0.656903132433454,0.600300297715756,0.913442387902763
0.909033622,0.505109414308193,1.03173960589134,0.975830259816092,0.891804688431838
1.20647853,0.546307010382892,1.17756792840702,1.07639896550536,1.17862954691755
1.552755564,0.508992747827174,1.14193607442195,0.915273063900515,1.19296904027486
1.317558653,0.827340086938336,1.10439935876748,1.04460986811545,1.121514890329
0.741551238,0.447922651556849,0.665113453785988,1.2383813383195,1.071167458736
0.708403648,0.562678219317963,0.535322572207154,1.2752184224553,1.07029171909443
1.276150054,0.590398358070154,1.11803159583803,0.942452911938117,1.10984361201753
1.647155211,0.664551627193728,1.23364262864186,0.846251693460638,0.905726121434797
0.576598849,0.304622895580922,0.393334366834835,1.06527253294014,1.21482144744816
0.877051547,0.692265270593818,0.709977188203605,1.0605643289981,0.713483259628586
0.654345822,0.350287078660209,0.570514291502779,1.04868158085951,0.906715917397833
0.945348614,0.208303087107013,0.622737457426573,0.724278959071345,0.859907693278
1.106554374,0.57723018094482,0.868038171390549,0.808299555651657,0.769288077754982
0.575624589,0.406168132902226,0.419934130116999,0.850750385277661,1.01536792009444
1.020360766,0.583622135088778,0.697171281625617,0.691396139967955,0.61504514929429
0.577116627,0.524213363607033,0.402498273667107,0.831459644581825,0.778624846970466
0.538070223,0.267529197587075,0.211584742391261,0.799182471430213,0.767524713066023
0.90525527,0.382500682920168,0.780367241344163,0.707981190164766,0.710769094625172
0.983882003,0.416999624964321,0.63948007257985,0.709764696741925,0.534901620322565
0.017074314,0.26170346922538,0.0820223857378687,0.881627298078488,1.15872487634386
1.465906634,0.515620323995918,1.20555863717629,0.865600427342109,0.436506748987034
0.589997866,0.569503894508984,0.399989331712534,1.02809947041508,1.34321484688237
1.491001295,0.693832874599391,1.22306829873513,0.860545073916184,0.843005114127919
1.072647778,0.597681382775649,1.06453149985349,1.03377463324969,0.959789654038311
0.768805569,0.514696648931289,0.634296367990623,0.913058208505433,0.208520406895854
-1.01462589,-0.297437887336114,-1.1538350506877,1.06539662970511,0.951110007800814
1.10723123,0.343655876912323,0.601872791065905,0.774359752202012,0.0965339050572573
0.923384092,0.546855496465194,0.62622605196772,0.833618591479495,0.907135660664147
0.941641847,0.325330936516308,0.63335236245721,0.868420419745371,1.06679172085868
1.297803515,0.426582034353576,0.925004493969937,0.884348649307913,0.871943679714495
0.88190546,0.276917813915918,0.574581945823922,0.864078641081195,0.813334485165311
0.303479678,0.131981023657416,-0.0362092030690202,1.02756310636732,0.885034060609478
0.760091558,0.610053343800846,0.805123217117014,1.03866983802629,0.824796558154789
1.278379606,0.514858974541244,1.3856426686731,0.76984505343169,0.90156384946146
1.195812155,0.258843841104058,0.85533616858465,0.801623684679934,0.865791582679289
0.47579779,0.353888301475168,0.811034402018653,1.00001334832826,1.04651527058783
0.938218603,0.526823088135296,1.04362515867373,0.870980132217663,0.625932531091185
0.623139413,0.323196977105568,0.769691276309386,0.946858312900183,0.904238339266902
0.903907524,0.409200273662929,0.756727836197028,0.773575639785352,0.847847659640792
1.076517522,0.420575531905071,0.989319766543177,0.812459346375709,0.827873929269229
0.788817644,0.38766727778115,0.662430260774785,0.890810004074304,0.914600363965054
0.80798283,0.316855529633683,0.76716972012211,0.863798939777516,0.737718941814442
0.798403633,0.237108345734316,0.481643702482413,0.809784120210807,0.303395545698272
-0.377115347,-0.226386360404381,-1.72818605411316,0.829667383250556,0.788719618662221
0.760094032,-0.466620897835813,-1.86580314391341,0.586019507017537,0.336614599542902
0.952482003,0.106530506988875,-1.17727565179282,0.153276835165826,0.521842729856862
0.618524709,0.0985617370015884,0.541307816320341,0.398934488302815,0.124270246990458
-0.973302204,-0.572555131041703,-1.30503113849806,0.852757856887367,0.910388248859763
1.24719808,0.289127917161107,0.878406809446849,0.384894965747564,-0.032130215724417
0.733719127,0.239013295822703,0.576580870799864,0.574840054709042,0.609733221335536
0.172396593,0.0235475899655286,-0.00913695907872495,0.649394445537049,0.789539649330152
0.781598152,0.270908641248509,0.589572978696422,0.749151589232207,0.625210875781555
1.035088374,-0.218645441278319,-2.56413951402166,0.421432306893361,0.71566763637719
0.919477656,0.191790937916214,0.715722142969333,0.252187344292387,0.313369380538189
-0.37642046,-0.206168940219644,-0.425980118886604,0.256836265839258,0.335622634053512
-0.294738602,-0.0456109851148412,-0.105524650425268,0.290917104569986,-0.115450269698347
-0.232628509,0.0342269065796369,0.0279350848487559,0.491548080447021,0.352578574664421
1.017776806,0.282524307053149,0.889409236781053,0.319798315097018,0.272521396426167
0.788950097,0.188854032056772,0.76847733625019,0.429370223853409,0.794123580447713
0.850146885,0.149321733924739,0.418005108300722,0.298128277396621,0.518953205513936
0.392007242,0.259444738198003,0.395299172108743,0.675223432352492,0.12003726940899
-0.815179688,-0.137069280313337,-0.62023287655242,0.615022150926518,0.533238193636079
0.629273645,0.137147882804697,0.418012889361413,0.48032847346541,-0.0721465949391619
0.410816702,0.124779077735027,0.423250450849121,0.449622024475521,0.655772179915055
0.989665577,0.236692348331327,0.879248322891839,0.133647566522316,0.303994622959893
0.334390421,0.0773280508803701,0.12334229751203,0.1633483261559,0.146469326108683
-0.606910358,-0.0798915501673386,-0.435329346402655,0.371081154273166,-0.105658950823351
-0.816716914,-0.130810545840092,-0.917279569353475,-0.0989733092959992,-0.0159776548984731
0.747554506,-0.0460971139008558,0.158981987432516,-0.325665711003931,-1.09633518888482
-1.764347977,-0.58415339516113,-1.6509619617992,-0.041125224060879,0.49158628260977
0.525766863,0.057384580551659,0.391850650237556,-0.346153483654726,-0.660701149476196
0.240869044,0.148798930090375,-0.373863579537652,-0.262076424546355,-0.231223587269773
-0.705937696,-0.269555950449025,-0.541022508621424,-0.392190316594825,-0.200263607947301
-0.570469343,-0.318625391257794,-0.594922408284481,-0.509783810591054,-0.800487239824616
-1.03424767,-0.357266188256278,-0.42067690226777,-0.389280208611234,-0.810568862232219
-1.294148579,-0.307653468358082,-1.09683233052587,-0.565347331826018,-0.320884795713082
0.51607181,-0.0284315725377418,0.294090049962677,-0.976900318044297,-1.00918193863273
-0.662499184,-0.400806115670554,-0.313363715675948,-0.623577375458947,-0.575566567115784
-1.596590184,-0.467447252696813,-0.739040099694001,-0.870717315893126,-0.415738178342268
0.030992976,-0.390819337517917,0.0417712986466413,-0.914661566056401,-1.82633634110291
-2.412645167,-0.788914275612505,-1.70346117906024,-0.934678113349531,-0.64731678027897
-1.087376446,-0.560418277946485,-0.79146685838226,-1.10054650287995,-1.64448923063877
-1.327450044,-0.597671129877543,-0.993190196110943,-0.87171453065428,-0.889744524210566
-0.586945817,-0.440656974074683,-0.498661441393237,-0.993622858059278,-0.804478198593885
-0.179098271,-0.126771407863156,0.0991499376173032,-0.998772258111476,-0.825045605834301
-0.716548177,-0.457244922211906,-0.483157422253639,-1.08665183921962,-1.2787115217389
-2.48581259,-1.22052878749754,-2.29258240567656,-0.563810664647591,-0.949623033498953
-1.45240661,-0.578276722029293,-0.992165637513137,-1.07114325373252,-1.16238184878983
0.418202585,0.144588505960329,0.452834510451174,-1.5860504049598,-2.35095977767424
-3.540347292,-0.771010945614768,-2.23197518896363,-1.09276376489054,-0.360857376644516
-0.775811469,-0.396416279562907,-0.522418902364745,-1.29984911889685,-2.10517358760849
-1.254786307,-0.535007359915133,-0.757721549420707,-1.28756566886975,-1.06187542782796
-0.574345699,-0.235035197652154,-0.603039987973577,-1.58609926657862,-2.37424840940656
-4.064103628,-1.36828834741287,-3.15430751116979,-0.601131831894064,-0.540134882736669
-0.483856244,-0.123359615691105,-0.712967153802172,-0.867798911998938,-1.76411809793398
0.17473258,-0.0897005386276518,0.148278489953184,-0.501329183022931,-0.875805681672361
-0.924603383,0.0491117022569015,0.256978823533623,-0.610201104057337,-0.0670388119813863
-0.062848053,-0.209317393714586,-0.0272576283463339,-0.162755087537064,-0.684460402852889
-0.771736482,-0.398748622696775,-0.568484962405114,-0.0369795440999821,0.154092281537012
0.641090688,0.213991794805386,1.18827556881502,-0.170991194792705,-0.559854553754451
-0.611475818,-0.0545113310656556,-0.593783943381513,-0.0835627735402391,0.493449341654632
0.75684615,0.0564570632871085,0.780498315933326,-0.368612213767121,-0.558069010506599
-0.609710368,-0.0738238300027227,-0.0645253344448219,-0.221986276390417,-0.194323486077404
-0.988632016,-0.372990459174873,-0.718552297285652,-0.132304509817061,-0.62827909262684
-1.142304909,-0.287392153355088,-1.04782253236052,-0.468896468999318,0.0352860450615208
1.570281213,0.282730524579204,0.8491139208886,-1.42997755454224,-1.75001109717374
-2.449442542,-0.537550746650107,-1.71693397891103,-0.687278433310847,-0.452130666809511
-2.363669337,-0.745848220765087,-1.99293028406084,-0.850953817304433,-1.16622690326955
-0.336313051,-0.0347847520235052,0.0114173228067703,-0.39882388121017,-1.61308704591104
-1.439644299,-0.282096623128854,0.113977367666694,-0.0602568318350731,0.661238489293995
2.235457282,0.0895833217085558,1.46712313079748,-0.637079015104834,-0.484935092758385
0.377102064,-0.300850544600885,0.155402907318873,0.17426873216724,0.944373140379811
0.161545611,0.104094102258528,-0.0144380344400489,0.351975099774101,0.451376312476557
0.385477533,0.265307446182562,0.34224321914093,0.588788545457403,0.108574780456724
0.065714879,0.145651254502848,-0.200023722321828,0.46082512362619,-0.0279049058804942
-0.830239185,-0.432631202302456,-1.24813313256119,0.496553186760902,1.01713095931303
2.203976319,0.763199972096184,1.72589714012509,0.0824206985196638,-0.176454647803489
0.378197917,0.102338387248745,-0.00642335591446894,0.288559866832423,0.934874961453807
0.051622821,-0.0386745633864107,-0.14067528942733,0.12140313189187,0.479379627384516
0.583548414,0.214220568290577,0.234895040598775,-0.0607201618051746,-0.34854003604427
-0.681722808,-0.329838735107117,-0.461200934068101,-0.214166262884389,-0.573847232788382
-1.883770845,-0.738890094252943,-1.52606238839046,-0.195254869625504,-0.458435236368227
-0.437801457,-0.331861260883344,-0.34920353717628,-0.574896957360733,-0.980673458311772
-0.181880891,-0.306738294125613,-0.14473300222814,-0.828918738808983,-0.745077491559916
-0.893427456,-0.231011602398553,-0.536682548233963,-0.599948902126034,-0.4808196593626
-0.784099839,-0.207000022084739,-0.332250280222516,-0.491916666426107,-0.554775423831177
-0.237700727,-0.240415121821443,-0.163636252903484,-0.580566924726066,-0.761856328833438
-0.826675677,-0.39760038288799,-0.511283605364547,-0.55558202521284,-0.276705629033947
-0.196377559,-0.169080427813315,-0.126093925146411,-0.465961625508239,-0.597455022115912
-0.58309553,-0.231709052445184,-0.432166326451226,-0.0961166288603867,0.0313066207267308
0.190971132,0.0152863464751829,0.243295579115459,-0.341717835775037,0.330697747889399
1.536687788,0.225700476230517,0.978250670330681,-0.265021741341926,-0.317255130154669
-0.81107196,-0.296577779872077,-0.807349452830028,-0.0980811737759417,0.570103724924886
0.044264013,-0.00657848655131155,0.161288205039555,0.020029007771285,-0.965703591877213
-1.761417052,-0.237487731904423,0.741744518252127,-0.0119608061361163,0.173916377113276
0.645265,-0.0070065409938071,0.265037771377339,-0.500395111015571,-1.30053866614824
-1.417169057,-0.149991789259021,-0.829388249798931,0.0497578166953135,0.515405960275469
0.788470971,0.156245646015264,0.599713720456914,-0.00192729419727766,-0.452736272103368
0.238269737,0.249164931300352,0.347166795400965,0.151016341531895,0.408654633836349
0.832596266,0.353884812077585,0.845205533607722,-0.335102954355594,-1.15226402732787
-2.741145509,-0.293476171235676,-1.17438206299529,0.252715911918738,-0.463187880542012
-2.28074795,-0.927866032263686,-2.21486592275557,-1.11205309932129,-0.232520264396284
2.578968484,0.959574601472705,2.10265293423586,-0.695512520545712,-2.60070719069659
-3.62673091,-1.26793890174699,-2.80916234440266,-0.473777717149706,1.43537906824156
1.041783655,0.650168078264177,1.161700852377,0.481118460689541,-0.95783641520481
1.177252364,0.539064680177295,1.03226200254398,0.660624210330183,-0.138224735590041
-0.959630029,-0.441125111239282,-1.06860268563588,-0.568552895831976,0.78378270215145
0.692582183,0.108218062402086,0.674564292440929,0.275068487591829,-0.633585284998794
-0.241793128,-0.246135139521215,-0.0283922629501918,0.100993393990657,-1.11050575479826
-3.168741295,-1.14287445891533,-2.14966437529362,-0.0892933454878402,-0.125083572077127
-0.094826297,-0.0794544114395631,0.209124516868292,-0.217265267644289,-1.48291941283116
-0.216894614,-0.279679136742606,0.0453100669674108,-0.596811958560283,-0.470492047800721
-0.33404376,-0.495555696085154,-0.525382263530562,-0.843008739354186,-0.693236460053806
-1.164195597,-0.38553885854388,-0.844051713598314,-0.438627996946335,-0.625785266785221
-0.966829453,-0.51027389184015,-0.731201555221123,-0.516866001596849,-0.87625227622943
-0.846665232,-0.416067767597258,-0.731133599070315,-0.614177325497226,-0.471004060764192
0.10744741,-0.0146053247458353,0.38417279991685,-0.655041980713621,-0.620184571884054
-0.459712438,0.0108560074956449,-0.515808723088195,-0.546119048209985,0.0363624101895697
0.330953546,-0.050957878695418,0.0345556416960824,-0.363760753063001,-0.764886654406982
-1.446538404,-0.623765998999755,-1.24274735368854,-0.275797133159795,0.432678248504962
1.065044543,0.45994534081219,0.782884492093183,-0.782338492856649,-1.4709599304364
-1.982730823,-0.482785743941229,-1.79499588613462,-0.099961685007558,0.162877199631595
-0.569182618,3.36350145352243e-05,-0.538714965811712,0.189977716435122,-0.509650510662856
0.425161104,0.296884698722761,0.465973621654231,0.296208456385214,0.292858282469358
1.301005078,0.561115266600952,0.746289876393166,0.411950171657765,0.793808939743445
1.257731572,0.218151287094465,0.772408467646025,0.403613842386692,1.45588755436151
2.151621787,0.722764045680129,1.27175490608333,0.679095325823515,0.415802646170677
-0.636330569,0.233647419024909,-0.630462049388072,1.27535279718995,1.44689726342291
0.870237204,0.434045181399803,0.87526311762054,0.902895557096298,0.34360840009861
1.017224166,0.491958565694885,1.05646610891081,0.639233971512298,0.555641227103211
0.695061434,0.566413724841699,0.700699119494519,0.0935222901885282,-0.126483546371675
-1.337726595,-0.344348921022348,-1.28977846214001,0.502470694542835,0.0813811555249016
-0.869468155,0.120286378340524,-0.0777424747517577,0.378463781925084,0.0385406307386025
1.305859517,0.218473073717968,0.697705841280683,-0.0089094758594358,-0.466943979049022
-0.113444511,0.0604438341016009,0.040109029694434,0.221100073400655,0.673548417118302
0.437235822,0.0484385206418734,0.413486706803826,0.198895793988157,0.0230529638025327
-0.060147902,0.0232025694991055,0.13556286119513,0.379953388516688,0.347586901177759
0.32440791,0.115300588920813,0.389311775853307,0.161674067142906,0.137458506333162
0.244697544,0.111543295216594,0.166354564613746,0.359075794121276,0.341833717342156
0.315143522,0.234504237023162,0.130181466292568,0.427758771157508,0.588616841339771
0.883218699,0.418906470361856,0.837391499047257,0.663563230234581,0.742765433604412
1.216764953,0.397730000695309,1.10211871335212,0.675253171926406,0.884997642364951
1.199144383,0.343982581012163,0.990989510199696,0.91458997259716,0.423780945680942
-0.590313161,-0.120597035590729,-0.152181588527933,0.987900572732663,1.24813335135378
1.442183117,0.374498692812507,1.18492806958041,0.986607906502595,0.0981435342986145
0.32206043,0.309996666232214,0.247583072050611,0.889870823919485,1.40705970892029
1.966288889,0.533846986735187,1.36465049807717,0.27354604614785,0.109015566800405
-0.334907305,-0.00245370210738539,-0.239470822650605,0.626615870852841,1.04400016298101
0.471981275,0.0155496989753301,0.124555311106017,0.315975924186978,-0.185700085821521
-0.452288563,-0.0665598043821725,-0.156571246251913,0.511988817794892,0.32206115699156
0.317664634,0.273884567850007,0.726635774851787,-0.239518134689763,-0.240488941152549
-0.131802895,-0.0415673061561166,-0.330541903279525,0.0819777497414276,-0.0356907586984157
-0.430637327,-0.0859659422394225,-0.466136170964352,-0.0340044408471226,0.205234397386516
0.590075736,0.19600910556112,0.323320839029318,0.350207410209067,-0.229359191279889
-0.5267971,0.0478871641219886,-0.0789622182989008,0.987901072956694,1.44585064973257
2.595330002,0.713974895640194,1.74795317280508,0.314699463282345,0.611651034577624
1.860215502,0.59565512646952,1.01478230771891,0.576288235739808,1.15142480699192
0.0884407,0.134669009454509,-0.0689851879566157,0.873226729225749,1.21417140320173
0.522270881,0.464849361738729,0.438237662610946,0.950555121016721,0.449483447167951
0.53444573,0.273202299172502,0.439261092011345,0.646056285345617,0.52887972268495
0.577298936,0.262973790173198,0.44514247284345,0.507301987422579,0.494274229586048
0.409575527,0.324947804286434,0.173345884750654,0.546094126595442,0.656226864174136
0.814022814,0.576803763824142,0.654751551796942,0.543084866140908,0.385341072158672
0.268081262,0.0451264856650001,0.0581388054503286,0.3869199146917,0.742748618204887
0.964826468,0.220966970902781,0.644193603738117,0.380916931065284,-0.134642418825035
-0.840663251,0.0250707591005777,-0.603356861149808,0.631577357858921,0.782399904394696
0.755526678,0.108767255001185,0.616414833735346,0.281446133339497,-0.121000298818097
0.341686995,-0.103276130676282,-0.16015506835311,0.425175751941191,0.44876611294423
0.227256383,-0.0644983315650188,0.0349279892953003,0.555056213687204,0.686285215420808
0.945357396,0.396209856976736,0.711365313769009,0.908996995819731,0.77617486786985
1.360656552,0.245968727035145,0.837345407874994,0.453526951682993,0.909019270158064
1.243659311,0.465536558115919,1.01437559931347,0.892811724884861,0.3746854180869
-0.957417042,0.0700057056109151,-0.228812509415268,1.4139698185209,1.55965708057106
1.908364138,0.828291498797014,1.50343523001359,0.982260145308498,0.511921189208834
1.759685854,0.661989237876177,1.0640364985502,0.987463606143788,1.27942414988363
1.035921853,0.551314417440289,0.78631928509168,1.07008788185457,1.3625055069803
1.007299351,0.770428442047101,0.759251853858609,1.25808323880909,1.04852263087147
1.006408654,0.610529347209864,0.818035498784616,1.25289531676378,0.854724423453844
0.477478609,0.335589737102845,0.122555471416504,1.12597775665381,1.42654773041904
2.180743759,0.456754500191329,1.27935671981473,0.634063804055276,0.24460668895343
0.006244086,0.253196357874148,0.313467494307229,0.913903464673864,0.724364457185572
-0.799548872,0.0672282314007281,-0.741012141862515,0.877352711571012,0.785293818987796
1.372418254,0.456063334274188,1.04607882268802,0.987013041696812,0.0428459212446751
0.570317547,0.23378634753605,0.797290887571789,0.991438422981058,1.32340309108578
1.766395393,0.499195238726879,1.26643520646091,0.689331452345505,0.569609456695951
0.426903758,0.371746647567981,0.363151979336279,1.02809518827519,1.23551705106868
0.896342053,0.518569230621793,0.666742962451383,0.929971770071898,0.670757709841548
0.638956414,0.436156569089903,0.315792162856715,1.13169825886945,1.07875594994718
1.323230486,0.730661227135903,1.05453269851641,0.871317441752237,0.936661932094373
1.269669938,0.733540579469059,0.966933482189285,0.848530681118947,1.02334510141576
1.002922269,0.489326206703414,0.663807809152952,0.836499962534075,0.52722999606444
-0.359878736,-0.0253828244630136,-0.313442018239052,1.08518892909706,0.845938067891696
0.559579584,0.4242823658789,0.605804872933016,1.04524696186659,0.506242654648384
1.145909943,0.458433569680792,0.836620127793587,0.785997213822086,0.85379369774332
1.40810218,0.696416971525581,1.23396867382483,0.896734083764178,0.712617705437199
0.160274112,0.239487048792011,0.16429074706664,1.31281790666045,1.50008031846634
1.671836313,1.00804823157556,1.3336919653802,1.22288704648508,0.922320399202653
1.537375113,0.878365293670465,1.31181763723675,1.33914338174448,1.39729495627543
1.396530985,0.788140067374406,1.09717903925063,1.31025040607906,1.21525710060863
0.966283492,0.499210693410909,0.605185026752764,1.11791939230923,0.980164580410626
0.661008638,-0.0762957627940018,-0.870510868599708,0.21409331085972,0.457995768332205
0.385184301,-0.0741673905332651,-0.764883773463924,0.146538241297125,-1.12533604865668
-3.66121023,-0.915933430495025,0.356810171818047,0.970678330257867,0.699898932679034
0.745274051,-0.720419619153749,-2.01534221265729,0.302267662098468,-0.418650192854025
2.296829377,-0.292255904733323,-1.28399457194327,-0.107345711328823,0.946379287404399
1.88517724,-0.763828121241348,0.0985117233552981,0.0214332529043098,1.36918234279959
0.63489561,0.543025074153157,0.561695976516349,1.44259686769051,1.68274769843276
1.520357468,0.715295846361851,1.22811819813872,1.12544513773938,0.991848320108232
1.15534786,0.661342794537751,0.938528011128137,1.17791287497076,1.29843640069176
1.200051715,0.746296301508421,0.878588533726943,1.20582951857232,1.13222407166434
0.964450566,0.851973636253529,0.758403218322406,1.34487481442534,1.43332432271764
1.740489605,1.07518891855969,1.26979363492329,1.15466687586492,1.12677953225762
1.266087133,0.673025100785037,0.836755846291599,1.1818199135199,1.40729043121063
1.228089996,0.78525162977415,1.0531516213217,1.15572993520987,1.1311285209431
0.961366811,0.659723802055233,0.870762682054212,1.36776548686592,1.03593338325866
0.658416374,0.499211533846625,0.484594467997404,1.21828146804727,1.4026153051493
1.945315351,0.676991446639135,1.53402846055096,0.951932172902962,0.849075595560294
1.023198624,0.436779043929138,0.765376300535614,0.914988545441195,1.27438028452954
0.847067703,0.487387680578032,0.661037144620405,1.05258437021468,0.795970161579412
0.36363168,0.433696546222466,0.41300731877138,1.07038210479895,0.942437980324456
1.006598786,0.359150116205013,0.875090436445863,0.859956775231337,0.685327630856546
0.845175803,0.475695791072316,0.928233679113467,0.941296896082743,1.16006261652416
1.395412277,0.58645112876405,0.401701228561401,1.12352313132136,1.13477591492421
1.391898801,0.623681111061858,1.184095981231,1.0195826937392,1.42334818233439
1.653744868,0.79524952183738,1.16447790581463,1.14347192367668,1.11126915991332
0.817435066,0.373624200170253,0.774507747904997,1.14940106216502,1.29763976070733
1.078418197,0.511729314440826,0.893690522997007,1.12740724511477,0.687779111922735
0.279615676,0.305578785714151,0.179742384280539,1.088842219798,1.19915136652545
1.459323498,0.709531226988819,1.31580415891713,0.77095896780387,0.533751241842735
0.651030571,0.376775637795968,0.417889238612521,0.919075952968058,1.0433141289019
0.705360723,0.515917405207605,0.747545460647988,0.876475742065439,0.998372387690823
1.355093175,0.702007107026344,1.24800984733792,1.11248777328318,0.677745830031056
0.492691858,0.15733058198128,0.0634768051096151,1.04020860947419,1.37917875701349
1.473704682,0.923709326737052,1.53971512671036,1.30764393276021,1.12753969384469
1.698821381,1.00312412682936,1.48723578060809,1.26688345807188,1.3499542845306
1.521673603,0.843687507791501,1.33285897269786,1.27740300980209,1.03163281790088
0.253914414,0.414992555075593,0.233567051206449,1.62095976274767,1.4430697749845
1.274687198,0.832898276359135,1.16512462866241,1.34539182476166,1.09762049066594
1.941891685,0.859616086948669,1.56024309494961,0.845256840236305,0.901080656840368
0.629080616,0.470479342066929,0.745960113596113,1.15453759365746,1.30130314627526
0.712346861,0.488269013813773,0.778190584735514,1.11024448725264,0.983801472615051
1.317530401,0.691159056483807,1.16465847026341,0.778910462041869,0.495133288462467
0.197469071,0.230671006055739,0.202883147285732,0.813361563910955,0.933681563152903
0.58003018,0.380291664167934,0.416738167725585,0.777449382396684,0.660633215458708
0.941532512,0.668818831732466,0.826133651129444,0.895613664336632,0.835501136622359
1.185106512,0.569024213105331,1.04637143667764,0.635085091006473,0.833901880121137
0.871288534,0.502076881216382,0.717817709714077,0.740711232168245,0.720091095840663
0.255758547,0.227972957225758,0.295262085986339,0.845906524323674,0.732758515889539
0.621677842,0.410645785026047,0.706470415367211,0.64081759380561,0.262426730464207
0.129587038,0.166527639619142,0.0430393912367326,0.643882785768214,0.493146845976427
0.21385616,0.0866158074217077,0.144028181827739,0.57884364373087,0.841995484513681
1.64959003,0.704502320284275,1.23381897308841,0.710447555179423,0.387058555934319
0.425021619,0.483798125329721,0.327870955388463,1.0923027094934,1.38881829330856
1.232688727,0.738466229259523,0.942420945090927,1.27796966738031,1.27462639566144
2.207268046,1.11229597478201,1.89920153246447,1.00973574613804,0.889307693216288
0.697800867,0.346251447647238,0.566815924960885,0.973296358656518,1.19399423890668
0.251015573,0.393443916910777,0.225919444443827,1.09389445448776,0.877340482274457
0.831932855,0.623992001833068,0.899974666445467,1.1243210298509,0.665650948277992
0.93909656,0.539667934692444,0.823487335776511,0.860991103539875,0.995551894800673
1.271180208,0.557241570230203,1.07988821803663,0.761704488081652,0.959988408867217
1.08541423,0.624855480666432,1.0446434616699,1.0394650092082,0.892926306992618
0.425672191,0.474803899705326,0.316023522208295,0.990912824681792,1.24194289716968
1.504806805,0.905456245172183,1.27910925270207,0.979603268925838,0.595535617759968
0.571232288,0.601496339919297,0.529664224425591,1.03055048427163,1.27233417532751
1.119530007,0.765735954592897,0.918165597879666,1.12992994964917,1.12726603968125
1.689990848,1.04815041534839,1.47653439563456,1.08743263248649,0.956632367746224
0.900936915,0.718990900182785,0.797256125825553,0.971936226102356,1.1056549510184
0.494077203,0.628117812038867,0.554767795746586,1.13217536916973,1.15791174726073
1.358627498,0.884573766274421,1.00102313715462,1.10607907079435,0.805154816794919
1.023278041,0.748794876593588,0.889783053276047,0.924274063567714,1.18639382141785
1.182114894,0.828620347155916,0.888142442385062,1.04231239249619,0.952843247367969
0.773314098,0.735265852498791,0.627030511745041,1.22444493200221,1.22324395335677
1.28380868,0.877940801947066,1.03575708185065,1.04260703992817,1.05613194990327
1.383167605,0.784836407539914,1.10302284190496,0.947296962367344,0.957315611370054
0.70391779,0.511494871775039,0.491327763532943,0.891922526099401,1.01320479512821
0.684137105,0.48351852390885,0.504570563245505,0.936777182349745,0.690304020697359
0.537756695,0.325806843606942,0.577443544516831,1.00583032159647,0.755870793745361
0.738325262,0.379160494178581,0.838269592350519,0.798936283014963,0.889278916119357
1.307246568,0.61549330059513,0.960063787912838,0.656451600378661,0.706099357083569
0.709561492,0.405664862794555,0.524522109832411,0.708979392767336,0.932939838506604
0.634280661,0.527060113358845,0.568335300697914,0.883111035867436,0.755432659844409
0.584673973,0.612505601975141,0.413772077765638,0.976327551951143,1.08903417318997
1.586517963,0.920842738608568,1.20667319198274,0.847073272117401,0.872712933439276
1.210928788,0.678164146488972,0.873327947921086,0.78587975379686,1.12099302735393
0.909366853,0.713522047263301,0.824629610195617,1.0848216087815,0.726171263691998
-0.069360596,0.31658480405161,-0.0676377995058129,1.27554105863305,1.36777222886788
1.901828845,0.925702523741261,1.55027673889675,0.982375302169631,0.573230929724173
1.041872826,0.83981214186348,1.04249204311237,1.15480675115733,1.40101117505113
1.211232961,0.714660252818173,1.07886429349338,1.09455901864802,1.04188341817258
0.993931131,0.650339931624966,0.742964173061413,1.13842442926769,0.962834460132868
0.64982898,0.449918361223807,0.534125653606574,1.02446067288979,1.09301856432726
1.226711874,0.767384903546336,1.08710201213643,0.934023925036478,0.748274222385597
0.764543794,0.542680602651902,0.509727460647371,0.968900065298648,1.04280172699557
0.886360515,0.597013643015624,0.668291592488222,0.80792528255921,1.02324166750975
1.501312464,0.863767864646673,1.18800965849648,0.720968819829054,0.265593580066151
-0.458600663,-0.121359757162574,-0.474550118766234,0.672367856318514,0.851840380114464
0.259541294,0.272893844122888,0.12756790387897,0.622733964104233,0.162206767153219
0.365325139,0.291033001993681,0.286324771944744,0.523069744041532,0.739025330767975
1.402817465,0.530513339645934,1.10513460150903,0.457841909840091,0.476031222899669
0.502336871,0.539949414158829,0.491131877735544,0.900887186900087,1.2402017676102
1.266869049,0.61065929161201,1.00163918994644,0.84672924485965,0.840540044315385
1.120595038,0.593745703455124,0.86565918573037,0.947725978417535,0.968188981341415
0.765007904,0.438677436652678,0.482035634917582,0.960257801508637,0.954660321169923
0.735652202,0.548706791365486,0.539171953637351,0.83984579854514,0.930210406534919
1.142173596,0.70030062071275,1.08184309218353,0.737166568297859,0.607816670688693
0.424237675,0.427858351994011,0.31588213704263,0.862539267423196,0.897850217170087
0.562860471,0.355426837915616,0.251507098349528,0.922785260696197,1.04214607697278
1.616456229,0.870337065541638,1.19329573449753,1.03693298697895,0.90255471203863
1.239975113,0.695935971836996,0.821200273104427,0.96472268170719,1.37628719812725
1.342372002,0.830482100294871,1.08053839536839,1.19737767523745,1.14931747749232
1.011369533,0.780488947552664,0.789033027977956,1.19827550963961,1.2205194099227
1.161243251,0.876287168059836,0.966951007758249,1.04755876015348,0.936721192193674
0.841120642,0.631815967101794,0.743407491148818,1.00556634537395,0.903068560445832
0.740374456,0.62300992513268,0.595321142457898,0.998232246976334,0.545972031883836
-0.053081934,-0.00324894842408711,-0.0569173277313426,1.19700001329152,1.21562251291152
1.676481265,1.06503457058612,1.54940083415006,1.04322469642335,0.847498383923372
1.73163766,0.960869324174782,1.51332538051174,0.932166600790945,1.23069923026366
1.132394101,0.794117576724722,0.94548388919395,1.02828220484477,1.05500618576883
0.291165282,0.438806999524175,0.390957886834742,1.29650413783774,1.19233340281728
1.222962938,0.660949492006752,1.00368770820615,0.948819314159432,0.646563264570409
0.901277929,0.390792899104792,0.574989131040396,0.764541966699858,0.876267796281674
0.615434282,0.287603454641474,0.336984670777669,0.9299919800376,0.883452173699433
0.737455786,0.50050667128528,0.678979928217526,1.13390482497072,1.02626796270917
1.442497125,0.712688050004099,1.05853627253699,1.01014421709133,0.908464694590635
1.062819628,0.496725042087776,0.798026322570589,0.934836267675603,1.29192654280432
1.470748201,0.605458275024237,1.19887492369674,1.00896822917985,0.547007035186231
-0.249850738,0.211470193945896,-0.136158525791072,1.29456744088469,1.38404227779678
1.377827825,0.885050991881844,1.25206306032858,1.0826358372782,0.603810203833488
1.218165946,0.707111617777778,0.944810115531037,1.0542551784956,1.15971787890865
1.164630107,0.664214859461293,0.883258886125882,1.11154949484538,1.13307569321711
0.976847186,0.662221206553246,0.733985662183198,1.18829513091113,1.33487573501911
1.661646734,0.934026433747467,1.0256782651633,0.982602894863873,0.788450769044222
0.50908576,0.470264800145794,0.492842670429081,0.876786284195719,1.24237800010835
1.025197006,0.554411650287177,0.662830152527404,0.795906659992963,0.499959237551264
0.254872706,0.27334866742917,0.292374478799141,0.817752681810176,0.872954145106784
0.891655302,0.364151397966992,0.596947715892191,0.607077739404132,0.236315534839962
-0.090861697,0.174382604769074,-0.176420210078451,0.861518655782376,1.03158784064944
1.284043063,0.531882827801639,1.06873798214179,0.839111608971873,0.553766057531652
1.019125487,0.573311954148066,0.758451927799472,1.11569945427518,1.20477995368152
1.311283321,0.710207809064749,1.10003428859278,1.14333330436997,1.17135204834229
1.351878139,0.784817391921324,0.967738431700444,1.11117108820697,1.17645463336591
1.166071724,0.704050760682951,0.93563415717135,1.04013628229139,0.977957783495054
0.73141697,0.502720765510826,0.605377737507797,1.05974684772446,0.578502165874183
-0.127103708,0.203047679883815,-0.0545042981424751,0.713513542328152,0.643478592785436
0.534212362,0.306916446485985,0.333615445533441,0.619101347730687,0.114094133815079
0.006096407,0.265223670276066,-0.184133389537842,0.77444197847124,0.931645940644484
1.426222342,0.53882968167842,1.11851618610711,0.927578774808642,0.687367570595677
1.288832166,0.503036113460028,0.694964303689141,0.938450392515264,1.29746210034614
1.381072868,0.671761757458026,1.06560591206652,1.23052742491655,1.29841218102703
1.333174035,0.777163990485705,1.07437306322513,1.34450811557674,1.29814950698421
1.179843212,0.673681231911598,0.945077591394684,1.26251270288206,1.42741115132114
1.607658334,0.991828320631518,0.69662233350408,1.19520371322678,1.10178676946651
0.989622611,0.614152809464658,0.887446650012807,1.208484853701,1.30267586941449
1.089138784,0.516394050802916,0.969288307066607,1.06245759405855,0.978416407593871
1.035949048,0.661490920395838,0.825866946538423,0.872741122206856,0.553570587653885
0.208349507,-0.0439526956652042,-0.207817284521761,0.4750639816948,-0.000276496767169884
-1.438336731,-0.512695992103463,-1.24206284771447,0.896738506392381,0.762290526061332
1.140726463,0.655504767024158,0.978381283770018,0.949341077661922,0.151592319371194
1.533076304,0.837439541209161,1.13778202597938,0.938827731799244,0.972823698181306
1.124476209,0.69454061028829,0.826481987729028,1.16095270981727,1.36483178845069
1.340028501,0.799271327968899,1.02351552315303,1.18655706784041,1.1459754357488
1.137785966,0.798732187928164,0.893656923627789,1.22115730247365,1.1761220346706
1.02900064,0.781464727772947,0.787400447045956,1.14951418615318,1.12591399616704
1.102318703,0.641514081780546,0.950252473294113,1.14703799640155,1.02590548005128
0.998496707,0.574181372682263,0.832501833486197,1.02695455599951,1.05977802950191
1.076111524,0.524781109861736,0.853009443063393,0.938089107728568,0.874775164263887
0.737536421,0.451148364854456,0.626399156517477,0.933264728289133,0.899244889233505
0.732332831,0.533132505036451,0.745091403724609,0.877915430754289,0.757967199438288
0.675378519,0.492461743916317,0.346299699950303,0.86176865799035,0.887008420876329
1.079076109,0.363029718595905,0.652241173861412,0.746478939462547,0.730207163697502
0.787188745,0.373838188834693,0.695724698039076,0.743429632581631,0.863860252783048
0.784174253,0.505942123621177,0.446828276522767,0.799000847335872,0.548337950511784
0.114469428,0.0497641987296288,-0.281646843789805,0.945372003016132,0.986207781332027
1.247793364,0.432737066413771,0.953468836116483,0.670027621715944,0.514439860908326
0.872900388,0.475148582580667,0.63232129999809,0.749248330029183,0.783897115865642
0.390338492,0.250670410459337,0.344847584784917,0.940547890966958,0.929697614518555
0.832996356,0.3741677817731,0.587834220523691,1.25630244629484,1.05184181186045
1.59676238,0.626962418393672,1.02960792616007,1.21635463264033,1.31818162812289
1.937887313,0.624050863228385,1.29464396981126,1.13944798476907,1.43992526390186
1.496348145,0.552026642551196,1.04485348647916,1.07658220680889,1.38015014174113
0.996097009,0.627772281031423,0.842945150486394,1.19181514581699,0.926739883962948
0.2500935,0.256136521622626,0.0568595491375119,0.938458464893349,0.835451442346231
0.62395761,0.247186655323104,0.179770882158953,0.560745164962021,0.390579823702475
0.462860261,0.185713783549697,0.324209803207194,0.440778325522139,0.33750959748273
0.098524465,0.0830525107373841,-0.224361377634667,0.335480343525587,0.256733430998087
-0.005013852,0.0386867407972159,-0.414002318608198,0.421218373915959,0.199440038159167
0.137923024,0.0311765464117965,-0.0204786532294611,0.425214086595452,0.428941645383812
0.840173687,0.230160947892783,0.353437386631257,0.290806376197737,0.475519760512807
0.896068681,0.207372606340418,0.420049237139618,0.420440488861883,0.59693712863317
0.453704077,0.275930834251938,0.238328471641612,0.597541104830111,0.689173248414104
0.498329084,0.182886331012038,0.320175978810473,0.563885256433328,0.535586503662338
0.616268673,0.256507840147117,0.334792586197184,0.378225974707512,0.353485759724863
0.202821232,0.133157069168149,0.0409199915041076,0.372218791673977,0.411203864948932
0.258988047,0.0777117928749269,0.0315131710133696,0.241163310932632,0.141983456086502
0.045568777,0.0175195831459591,-0.0571494620388681,0.189905535669647,0.0731782123000622
-0.09141967,0.0760076707924145,-0.11714358244811,0.138153245809264,-0.0789525679352649
-0.335419217,-0.0052145292724037,-0.277626357640125,0.184062222661607,0.132333101931283
0.305590379,-0.0808843351065629,0.329635766564225,0.120423187415814,0.0890952345076692
0.502253994,-0.0188032392771034,0.583998639257908,0.210595543556725,0.261899004643249
0.284030063,0.0591919693026038,0.370682516136215,0.320491071090791,0.452848606255492
0.497886549,0.116666542460797,0.440145793530173,0.25271814907026,0.232721262611802
0.216203123,-0.0443756372201329,0.14343792934439,0.226796206518276,0.139364019305362
-0.080202576,-0.0168492684653748,-0.169180664556915,0.330681108399002,-0.282388124525297
-1.237009793,-0.293056719590189,-1.17793335752063,0.595913796425587,0.759798172436516
1.674116073,0.168402441448513,1.24456589812412,0.235474467351332,-0.106382597495147
0.952250982,0.199431649486583,0.873339780499358,0.436371616519384,0.745357729238642
0.216671306,0.110066655029058,0.414382849304475,0.388898070318217,0.639075842718047
0.428020429,0.0429870554869713,0.4069434771062,0.441850082021812,-0.115668775362468
-0.576697887,-0.164145355165355,-0.3141412303747,0.389572290858488,-0.0435166823639499
-0.745316371,-0.102001712185078,-0.63527803512309,0.0873640020532606,0.227877805358804
1.036449584,0.13324125154188,1.01571698033331,0.150858556960611,-0.339728156981431
-0.049203536,-0.0692798582073875,-0.0156714512740461,-0.118675889560938,0.589073736745448
0.472251878,0.0369967627889161,0.620652002907947,0.209982859503232,0.038746461146251
0.013959403,-0.0643951568898192,0.278588289870095,0.311782226388228,0.176415962060912
-0.081242214,0.0474376757022866,0.111401394994787,0.128882065448868,0.0679919761378486
0.006802854,-0.080743153741168,0.151533996333185,0.176779578872304,0.159832556778569
0.353806604,0.107223678584101,-0.932775934036926,0.0975021424207294,0.254877757559212
0.545926248,0.0492471230641196,-0.262050171979862,0.219041810755909,0.312771002819685
0.196402921,0.449626893770673,0.160107237237539,0.853218895568257,0.782149341294972
0.667892635,0.388614167652417,0.869483161030483,1.19837903871804,1.74624529527145
3.641080354,1.0790028393885,2.68245371909691,0.909368317335581,0.815682271712864
0.917262561,0.114869171963039,0.672731635550005,1.2920674168883,2.41762250185917
1.94316717,0.942157876078896,1.20687714027726,0.889820758223093,0.621229068868264
0.152449159,0.0993448986501063,0.343257621420872,1.0595421549515,0.43761046518631
-1.263025031,-0.360353438488955,-1.19299113989554,0.791897974316406,0.564322691443229
0.72626714,0.13452832021722,0.556085327394417,0.538789041127793,-0.154142723576222
0.630120746,0.0372154813055744,0.819349477798772,0.295320793598725,0.796048917393386
1.481385119,0.429464306181137,1.20701041805401,-0.0174526432276223,-0.138260594924459
-1.053566816,-0.0970434231690518,-1.03681200010032,0.712687615914716,0.720698205260252
-0.064734243,-0.0147488151425194,-0.259411595362696,0.779646680721215,0.141421259946794
0.852021046,0.327478298386969,0.591467479647245,0.685716523633676,0.759514663619214
1.73599812,0.530201265908525,1.65430695517327,0.473918756745025,1.02420343849914
1.604235457,0.33805827844986,1.24693571371464,0.430660547573598,0.738232786990346
0.058934181,-0.134148751733835,-0.484773642359954,0.278420324729815,0.285985781965487
-1.214303898,-0.418491308853997,-0.912574575225334,0.341583317922415,0.156856443546825
0.079420764,-0.0198068940001235,0.161015174234387,-0.0804564362214766,-0.64117299683004
-0.471463992,-0.0979708011284647,-0.120219770309477,0.116006117940542,0.316972518300609
0.717284621,-0.126353857201602,0.420100715720221,0.0105809699023393,0.143755051755131
0.752017188,-0.0194739550437647,0.522295596883809,0.228424849348808,0.478033093503639
0.386320017,0.0281851223549167,0.455203871184709,0.485918271864693,0.627377208639623
0.3900106,0.277480371457791,0.487835859557736,0.7006093079125,0.891148380493779
1.523016578,0.549327493443361,1.55328028979132,0.385988086952792,0.368272662716315
0.400104688,0.315883401718623,-0.11559778487495,0.474777248630915,0.675135921991627
-0.049474244,0.147889704365499,0.295864613354912,0.492614341371793,0.398385906337755
0.228855655,0.0326368896371306,0.335365404528244,0.299857937023667,0.216551630515248
0.510573935,0.0316680343166756,0.337880663939894,0.0587327015482351,-0.0341364846805192
-0.314125993,-0.268269150721581,0.125345951913251,0.0196676704239231,0.22648834701214
0.081156291,-0.140068083558615,0.11568774326449,-0.0630485696174809,-0.365738938662593
-0.705864471,-0.291630983235307,-0.354325732835185,0.103162316869227,0.240820282175653
0.542425864,0.0212071961966313,0.562449788121404,-0.277997097156613,-0.366458244144863
-0.169335464,-0.114021144599839,0.215552030778541,-0.107618678960697,0.249249435835619
0.104891286,-0.0527748136133425,0.31003980696333,-0.186595911391788,-0.0881845564941904
