630
-1.296159183,-0.17034782012227,-0.88625119234883,-0.738989767387765,-1.61023869441893
-2.056908639,-0.378245336819355,-1.3432052015557,-0.427658719477048,-0.0975928132179307
1.17013445,-0.48400356305227,-0.588937580455127,-0.766893631407712,-1.21548441654834
-0.702518295,0.00652667770117799,-0.510929999098671,-0.689813547229824,0.712728766366712
0.970433554,0.00586493729973625,0.54066012225895,-0.565155345655307,-0.610735977302308
-0.661112585,-0.200403279423752,-0.711456819669285,-0.49326797272639,-0.185293744979309
-1.185563581,-0.365961667505584,-1.08357952898399,-0.254998242221048,-0.604968973808863
-1.023343658,-0.133939847945448,-0.589205880020423,-0.578112908272299,-0.173592075798009
1.072518104,-0.0553341558829948,-0.171220584226851,-1.1302456256978,-1.12858460540316
-1.188750094,-0.20576489130197,-0.894456820055852,-0.935617871481182,-0.33979779615417
-1.564954818,-0.342534563851986,-0.980696956065139,-0.612888015292813,-0.802968365133492
-0.804846317,-0.0496607314515701,-0.79889828272747,-0.791337384039084,-0.81501784035839
-0.048086804,0.00746640735549037,-0.0289242102972714,-1.17466093717899,-0.866076032246936
-0.77673268,-0.0826635286936411,-0.903890353140617,-0.706941238034151,-0.648633625546557
-1.342662082,-0.638125917710687,-1.55650444472256,-0.416235008799422,-0.275376320637798
0.211407983,-0.121905480892736,0.00025343787920928,-0.206271447068768,-0.768047495634254
-0.514883072,-0.159962728977398,-0.838714223645333,-0.41805250488399,0.482749087377705
1.336430957,0.593687384616057,0.491297119736934,-0.702828285680635,-0.765194994480082
-1.108675561,-0.480757748469183,-0.94946992958169,-0.390033796807279,0.0373248913198421
-0.90913446,-0.34411666782881,-0.867923517412747,-0.871641239371173,-1.13379035741534
-1.656961552,-0.470918661703752,-1.09895257201657,-0.606636847497159,-0.70263985661159
-0.494501845,-0.32817493987901,-0.515607951321043,-1.05000465921545,-1.08757310979061
-0.589020087,-0.302576326371223,-0.594147647726087,-1.04307997048728,-0.767330625645282
-0.831483756,-0.327665714744055,-0.4262662363366,-1.05090166019955,-0.886852119606564
-1.148424885,-0.583045923312933,-0.8017633231973,-0.826968630604566,-1.06159730834999
-1.399953383,-0.639336327718922,-1.12659463392019,-0.843876813369557,-1.00344452155041
-0.922567004,-0.346509194377331,-0.775594281497257,-0.997672312822312,-1.10073393128268
-0.829239738,-0.558771492751592,-0.857999205625955,-1.06504931843857,-0.968069674539528
-0.931321333,-0.633546161800831,-1.07630096168715,-1.05444661643847,-0.950403905034861
-1.049372567,-0.648612936425454,-1.09215756740187,-1.0089050796558,-0.979198267549883
-1.005695127,-0.607056830406877,-0.829509788335336,-0.952239193680416,-1.12841973991911
-1.30111531,-0.755076369474278,-1.33183067142648,-1.01192229794307,-0.90805810408879
-0.765204162,-0.473870536199929,-0.628104742327595,-0.919525239984923,-1.15020024939369
-1.125058157,-0.388361537564233,-1.10230645159374,-1.04855571588924,-0.708754820359666
-0.341909088,-0.375848002921912,-1.01758443968225,-1.39745981449179,-1.5009256525453
-1.953404925,-0.604690771960503,-0.976752364995838,-1.56511318085018,-1.09075595453171
-0.65089364,-0.539527920518437,-0.522425670360378,-0.73691296969841,-0.883263904976456
-1.076718761,-0.79751038031854,-0.940387999745007,-0.787650652179635,-0.796297572824245
-0.936811464,-0.67233742633125,-0.753789389541942,-0.850772075260051,-0.961497472235299
-0.919612323,-0.643266187134521,-0.691053303097573,-0.861741223069119,-0.897788181836484
-0.842450905,-0.543491754041974,-0.626510142810371,-0.985647363945967,-0.898816845354688
-0.782806683,-0.580054181295857,-0.738290119131934,-0.916880195658251,-1.12169900847994
-1.508335602,-0.856842124738302,-1.09979520214059,-0.769032751694029,-0.751958106575693
-0.728063794,-0.603089336371372,-0.649392131745034,-0.831175934969101,-1.00571595191457
-0.572403351,-0.446125898012965,-0.464878412219596,-0.896977658788089,-0.827025680239051
-0.819879928,-0.486330923945912,-0.652555126519253,-0.783119202289429,-0.732488591428579
-0.919644584,-0.464748128791478,-0.756158093384568,-0.730534742750016,-0.635601657056697
-0.258796326,-0.171405001783658,-0.241442997068283,-0.926989813931942,-1.32575570344079
-1.916630459,-1.29163785440513,-1.49819784094465,-0.674461485456362,-0.585016232909548
-0.870589746,-0.458319786881183,-0.772957824767884,-0.887889899818587,-1.09171462454383
-0.447005432,-0.266788397984182,-0.443584641201397,-0.778232845178709,-0.899745861883618
-0.835835334,-0.340722411196267,-0.707306274272013,-0.692121123355331,-0.586544886918707
-0.719717617,-0.356335390177523,-0.538584783380672,-0.712965878234448,-0.5033955933404
-0.074264342,-0.187558329150325,-0.313917635492417,-0.825792091419138,-0.878359859968999
-1.029972737,-0.442163709771083,-0.561682723732569,-0.791492551060514,-0.589509860853736
-1.031396085,-0.495041028252901,-0.90276198679276,-0.802872215702274,-0.883320581141021
-0.851577168,-0.428924355516831,-0.717405991827982,-0.986352964501923,-0.977414254325224
-0.899705181,-0.419348318327027,-0.636702359606231,-1.0206688605376,-1.03150584757177
-1.252197811,-0.684320171229546,-0.901755471498228,-0.938030754811835,-0.858060980126277
-0.783882776,-0.565906433992944,-0.731886364181204,-0.971851867538991,-1.11188729874508
-1.061260416,-0.478191597297959,-0.796228930571187,-0.83204978050241,-0.832425406744014
-0.897785062,-0.428314742582432,-0.672354569315129,-0.931698214435566,-0.699746313071626
-0.244343354,-0.324616079935916,-0.602114400143406,-0.984393964541554,-1.00148270800073
-1.096519934,-0.639684466261542,-0.837659494201176,-0.800073436091682,-0.684112310637981
-1.11333384,-0.525444404190772,-0.970364804133606,-0.653556619233092,-0.747263226980066
-0.556018325,-0.298583677565208,-0.505674103200393,-0.618676774754589,-0.674049198773548
-0.205567381,-0.187341357329209,-0.180908005282406,-0.775372440924587,-0.583276175008477
-0.461466349,-0.253308496129242,-0.285147542860663,-0.677110728426595,-0.593856429189203
-0.919475232,-0.579577145176456,-0.759557851846497,-0.740222055802456,-0.669586846376571
-0.875157734,-0.645271856088568,-0.746670186053503,-0.824675369295375,-0.964906314647792
-1.129187896,-0.799113384258096,-0.908784912777189,-0.758305059399638,-0.84719929216275
-0.891570799,-0.596801994082507,-0.758241325885239,-0.828213738806841,-0.764341877580374
-0.382955108,-0.374001071568431,-0.427158937826031,-0.912671516248762,-0.836489840584223
-0.722181515,-0.499676685707653,-0.545576114313879,-0.840216397042406,-0.690757524182979
-0.903480884,-0.575869644668897,-0.797203307869518,-0.794849942864105,-0.841077328792324
-1.005514105,-0.652625742161839,-0.893059117677191,-0.717841919387576,-0.915286700040928
-0.98642029,-0.548591929746505,-0.734968733845985,-0.812983160199275,-0.89807933187507
-0.845760897,-0.622672471844907,-0.703879268034725,-0.820832664808309,-0.799907080679109
-0.622030597,-0.313049419666029,-0.511702271959177,-0.742190280961407,-0.716189048529861
-0.612138086,-0.411452482232049,-0.511549302852433,-0.684177563641488,-0.480016655025457
-0.199193251,-0.229964359569663,-0.528958963302068,-0.794953338786163,-0.749591179191342
-0.844149056,-0.341552555313569,-0.672711066773081,-0.596012838324911,-0.672696966332256
-1.189654357,-0.538866448325605,-1.09712675860216,-0.542128436450001,-0.618687247596225
-0.462943583,-0.157865663103544,-0.319300009694428,-0.693163378767511,-0.852658919388793
-0.552558849,-0.305210231539984,-0.508257350197588,-0.614464121132932,-0.650799247946273
-0.831969822,-0.282048940044191,-0.595630609951793,-0.610109247775022,-0.384554646999046
0.007192263,-0.12807075879181,-0.363055587184132,-0.811719668792276,-1.13273779663206
-1.526968121,-0.660454047364469,-1.17342719431229,-0.783148106930935,-0.646807808046589
-1.221697699,-0.456521556371969,-0.992644039349951,-1.02120230029087,-1.13324306263874
-0.864806225,-0.334020283559797,-0.722585473443918,-1.00538069479586,-1.33986500472386
-1.557381024,-0.784671905265376,-1.11933345927705,-1.04841649266075,-0.860859813212718
-0.817026169,-0.477629762637451,-0.727035165727619,-1.05400959476368,-1.08691616802356
-0.725935517,-0.514343635218331,-0.699961047538395,-0.917997402430778,-0.773255127175411
-0.58751119,-0.29215536402853,-0.461461290246929,-0.914031145121114,-0.821469927668071
-0.91667581,-0.722637237495893,-0.794628932938586,-0.769865658082274,-0.671814637777076
-0.70090606,-0.602348580505997,-0.679275013589805,-0.794744093623614,-0.886860471108617
-0.913796127,-0.701209136355561,-0.777638467121528,-0.772255938833302,-0.782979172599049
-0.851232325,-0.65972534779968,-0.719820283697794,-0.762731494590693,-0.829613130562397
-0.811612605,-0.637182916411823,-0.685573825445394,-0.729789673982324,-0.707114691164676
-0.541851553,-0.546201002664355,-0.582815182504742,-0.776715316653046,-0.73333293652381
-0.630371766,-0.540319189638566,-0.535453750158601,-0.71105717090931,-0.666702298938153
-0.751743262,-0.568207970861732,-0.618007026670546,-0.691512122445452,-0.682104656919499
-0.719466773,-0.533273938610804,-0.625489709778806,-0.663225751352696,-0.797483227319906
-0.908341963,-0.67591667802936,-0.789574759496131,-0.72203838779239,-0.662043652050773
-0.560650986,-0.521624443838485,-0.541110307878832,-0.826940623167347,-0.860618439257689
-0.817642916,-0.648430890286896,-0.727389846952767,-0.830910294183016,-0.790777031846388
-0.971254223,-0.67669509346255,-0.845032576596381,-0.842944008478016,-0.884417433474673
-1.013839715,-0.722310144008877,-0.91317308167056,-0.788519944495381,-0.874328422536906
-0.805670212,-0.631492264649247,-0.743798251248202,-0.90616959539089,-0.902725941541571
-0.77272353,-0.653282871133499,-0.768271248264582,-0.919771918026509,-0.902145662018728
-0.984301032,-0.687313291207897,-0.851169238373813,-0.872514179071422,-0.831947790598852
-0.866372671,-0.63902161261835,-0.782665651228804,-0.888081893828737,-0.961600547814391
-0.972663665,-0.689010866059483,-0.85255516781617,-0.924779974307062,-0.91455644121284
-0.944343729,-0.444168830376128,-0.817870924050949,-0.92007931307152,-0.969130743908621
-1.111494848,-0.38442256260859,-0.854970328018637,-0.926138072750956,-0.589229532667173
-0.053222317,-0.114499367358806,-0.936928719473242,-1.04485259226643,-1.16593465917207
-1.310967642,-0.559543090165809,-1.1034535074929,-0.931416313035098,-0.539776637696527
-0.805187849,-0.322788398387969,-0.592641704304434,-1.02081913548067,-1.19580705908379
-1.303395657,-0.55209024946713,-1.14430928800848,-0.857984474419891,-0.88849507561155
-0.956300226,-0.609275085554545,-0.803379741689418,-0.869307271966427,-0.977885710248163
-0.817696159,-0.444092942580673,-0.694254796522706,-0.782178305896395,-0.580392475281427
-0.151970845,-0.0545166738269984,0.0471773194325771,-0.796077011318268,-0.533643793600547
-0.116651995,-0.198335429061485,-0.373930961156852,-0.804929140038316,-0.539142958722616
-0.771030974,-0.413345921945848,-0.736801996083895,-0.632002219125442,-0.625685873899674
-1.187589731,-0.65591916104824,-1.00906411078632,-0.574178124071231,-0.686011892788228
-0.637894074,-0.443806133121178,-0.60797583379811,-0.943186973203605,-1.06837685946785
-1.003499955,-0.580229730434719,-0.802544150424311,-0.92274523850152,-0.930749658597561
-1.22046841,-0.589558192689431,-0.974730704857737,-0.880274715790119,-0.863791309221965
-0.761375364,-0.514567360327715,-0.680525977058673,-0.961724503503986,-0.994249231740595
-0.75424946,-0.560172376845629,-0.779253300649624,-0.977477080051157,-0.965564380640537
-1.174023578,-0.68893557540743,-1.09535638674668,-0.824919355465043,-0.745207684113789
-0.738509278,-0.352136563008501,-0.566017213100654,-0.821744830376936,-0.882766603528865
-0.61016926,-0.281141817574633,-0.393738043986335,-0.847725519703438,-0.844733065348532
-0.906788539,-0.492717506413403,-0.707573589196099,-0.888260541382492,-0.732344280822174
-0.742701134,-0.514659529060269,-0.676894459452123,-0.883142099736875,-1.08518340409869
-1.435295589,-0.809447970484147,-1.14379923499856,-0.696266730458772,-0.660160365312914
-0.550472358,-0.378496328932807,-0.49244978103224,-0.783822252840235,-0.971064447894759
-0.670899882,-0.427565627033871,-0.550647390901917,-0.740895797744234,-0.459582909044628
-0.186771537,-0.104335869362353,-0.108037177736408,-0.709500544801779,-0.643381498482494
-0.616730239,-0.402071016133522,-0.442375257935977,-0.576896570809248,-0.436644442343123
-0.541917246,-0.390128587414615,-0.475940819656774,-0.673060597474967,-0.792854650462122
-1.039627961,-0.518546068422372,-0.72985626101509,-0.643430973074778,-0.735495225498372
-0.908044278,-0.562786696917935,-0.795314043888876,-0.836836461862113,-0.996367894216129
-1.025568168,-0.618014974872754,-0.916858775893229,-0.862297549976799,-0.976772581789492
-1.095661016,-0.531700135635221,-0.741097013726331,-0.8516011815605,-0.856495553310125
-0.721516353,-0.488215300433532,-0.620464901871659,-0.859826924674787,-0.842765796055865
-0.60540556,-0.432062727243666,-0.524448499012642,-0.940754504457099,-0.681966776895583
-0.514292006,-0.322264205110219,-0.478027264974591,-0.88459360969532,-0.819182585432993
-1.008284563,-0.553148770151436,-0.783627054048196,-0.752079915766412,-0.767222868154629
-1.029674071,-0.565097906236391,-0.860258840352188,-0.81940337482985,-0.893307030309442
-0.803002976,-0.370701548085465,-0.660401361042046,-1.03542100186629,-1.06540627192978
-1.109366046,-0.639372588391143,-0.937605050876488,-1.04121378996788,-0.991104969596488
-1.162154769,-0.546473617960222,-0.925423161982474,-1.04502227574171,-1.06564556099352
-1.050192197,-0.624930638669422,-0.884856944808046,-1.06651697985608,-1.14193984213537
-1.182682371,-0.754762181879745,-1.04281168557245,-1.01446301986419,-0.967377450418856
-0.871008539,-0.582911505054464,-0.732821575049117,-1.02567629954764,-1.01418744754544
-0.826249701,-0.583203126784352,-0.704115419502836,-0.957761882698812,-0.994352431563688
-1.150808796,-0.830259682698047,-1.04129347868408,-0.911157232767607,-0.737761361910655
-0.577088619,-0.390836071550852,-0.472786104462458,-0.881870139655914,-1.03669169547165
-1.017218004,-0.676845152684454,-0.839946229704064,-0.801548631767431,-0.676781359686764
-0.678036445,-0.469574474115863,-0.575456720834132,-0.879421250964148,-0.885354797856557
-0.796321652,-0.472888428801295,-0.676035508688315,-0.727184973376007,-0.796195200842114
-1.024131062,-0.505161144955625,-0.828421895956738,-0.747383304471061,-0.396172582078262
0.14807144,0.0123901669467928,-0.0603052140605146,-0.910747649917085,-0.938448929050682
-0.867080974,-0.376025759878328,-0.766715673403884,-0.695544662138632,-0.516720375037302
-1.164305839,-0.352897677452571,-0.865970048811738,-0.728322423989963,-0.44162060644252
0.013623754,-0.356087484227539,-0.464817112129516,-0.919924477763183,-1.06531422184287
-1.014503609,-0.450356605398906,-0.900710913694683,-0.908783855550219,-0.635185121087588
-1.072181098,-0.495280018831818,-0.842531859368033,-0.874499309810169,-1.12759175298723
-1.470236008,-0.79689393373832,-1.14698254120124,-0.676433571702926,-0.922295756790924
-0.88186679,-0.47671769820451,-0.66776097769883,-0.831095609363764,-0.872313168413657
-0.292364843,-0.158663336167295,-0.212864563425842,-0.742310674507505,-0.779409070646474
-0.680160252,-0.3066550306712,-0.478217718921834,-0.49645070860888,-0.263507128621084
-0.113483499,-0.102460179603194,-0.241985890419902,-0.466764108830807,-0.445105632366922
-0.229421675,-0.0414623205508503,-0.536960795387231,-0.330755387948815,-0.2901539834154
-0.387554875,-0.293418884285065,-0.307257541200398,-0.447264585161459,-0.308445370574205
-0.332548694,-0.265489319721567,-0.456546466109498,-0.454974510616884,-0.549755024224691
-0.737241649,-0.296214234179902,-0.593369630084964,-0.624865430961418,-0.534833399201904
-0.672747671,-0.404457270758495,-0.612208331525521,-0.768491887421721,-0.874305812330901
-1.108975112,-0.21182118471869,-0.582808279575559,-0.670592561190268,-0.765841957824571
-0.993904805,-0.367167273862281,-0.904729925452931,-0.750085202581038,-0.566613618245775
-0.035123488,-0.122796583648144,-0.793317281681801,-0.7499717020392,-0.699717321902476
-0.374077691,-0.701106143949541,-3.96275680993894,-0.66491248213409,-0.356988215519079
-0.48319681,-0.353077575411519,-0.638128267344874,-0.720892037133105,-0.583375960417305
-0.756478862,-0.323239765993089,-0.618759007537258,-0.61292150628417,-0.827246254741336
-1.290539681,-0.965257850254654,-1.23651284192601,-0.654014940252813,-0.6730086300686
-0.574181758,-0.363640597067661,-0.523850811519661,-0.970135691681146,-1.08722852615713
-0.908523684,-0.534390828062447,-0.77164087342142,-0.935410885550865,-0.995851886683061
-1.39747182,-0.855806047174769,-1.39866093969541,-0.886174259582842,-0.886768728147919
-0.936655686,-0.595834849116843,-0.762991553349009,-0.866696630918013,-1.00874266052876
-0.726893599,-0.650878811081052,-0.694601323464249,-1.16163147847653,-0.766431961166405
-0.304785073,-0.279682574506806,-0.396813178218884,-1.14586964845746,-1.31617350096313
-2.064978634,-1.06983513772953,-1.5373339853356,-0.787672418371606,-0.554108194422169
-0.698650489,-0.481368696246905,-0.65304040667862,-1.09724457592734,-1.37327456711319
-0.972994024,-0.463720001037875,-0.759005406917606,-0.789283792551015,-0.793254746606471
-0.765584323,-0.371020142286848,-0.640097120117734,-0.857400175208214,-0.712538119095282
-0.393524506,-0.279548324584987,-0.385082851162811,-0.79883615912899,-0.842919772241875
-0.911254146,-0.418728001068791,-0.788830541658729,-0.82895941381657,-0.61679859046473
-0.606939562,-0.291948542184532,-0.787498967017118,-0.80261282771902,-1.30136128938842
-1.961454767,-0.983224893944728,-1.31304253328596,-0.68146425703224,-0.630803117615566
-0.580804787,-0.335970625711444,-0.660647267037077,-0.964899811033331,-1.30066300738985
-0.840175783,-0.301873896753106,-0.736400245152053,-0.72484668053583,-0.791086019564151
-0.91112069,-0.233968362935001,-0.523093629400147,-0.865150880849802,-0.579128159114905
-0.184794706,-0.0772277451521958,-0.469268841721396,-0.86027027800663,-1.02700025359882
-1.217693435,-0.499819618174092,-1.31637069199419,-0.823106246929478,-0.54677154185984
-0.642023387,-0.415415436682949,-0.822857335687468,-1.14796714253341,-1.39275979644542
-1.735994602,-0.536165876669676,-1.7729991197484,-0.832147357782429,-1.12422991520382
-1.696413787,-0.822267772971857,-1.42122859744022,-0.862907709244019,-1.12072825940306
-0.717289644,-0.228961319483428,-0.752646192272303,-1.02502545217667,-1.00630148622669
-0.179501135,-0.251104347573085,-0.69575489263314,-1.29481416912845,-1.03334399624558
-1.163526119,-0.568453315150115,-1.00454642634763,-1.06301460508582,-0.861238767746144
-1.456635312,-0.756716625390544,-1.28911294396212,-0.931713807391693,-1.19078112678392
-1.414273558,-0.595648561874785,-1.08718149204557,-0.865412426111613,-1.19016776363154
-1.08465914,-0.632459082932523,-0.809098015977646,-1.30000245629457,-0.92415297326535
-0.226828023,-0.144597706591917,-0.253904934855293,-1.35766676433033,-1.38200498848185
-1.769199887,-0.668805393078284,-1.158157236588,-0.99537173423253,-0.603285775846287
-0.757573591,-0.649013938761944,-1.10929678858451,-1.23510992732827,-1.44504674667805
-1.288422298,-0.614175346786852,-1.11396138737564,-1.23785140433817,-1.22740132531529
-1.567379691,-0.838969208939024,-1.16039717891038,-1.45040830952767,-1.4298152211951
-1.623578429,-0.667053117044515,-1.44763945643493,-1.15886803893929,-1.60060521357472
-1.881216629,-0.678046135999309,-1.14487816612024,-1.10223660769846,-1.08979031257575
-0.599324288,-0.504690390946952,-0.898011259770115,-1.37689142594145,-1.12876167015615
-0.164654862,-0.207775705414228,-0.561443122958488,-1.35506415021712,-1.31738825410954
-2.042897764,-0.525037074096434,-1.6055653195032,-0.950532638455316,-0.504977862907625
-0.700868053,-0.674654192047655,-1.13126400237154,-1.0221881197404,-1.40958277022418
-1.061295714,-0.508234165511005,-0.956222501255263,-0.938186634445771,-0.903962684764445
-1.01889357,-0.214355959915223,-0.610444213636784,-1.2326422589845,-0.781778203481527
-0.348293625,-0.350542075768888,-0.52083135765517,-1.34161151581421,-1.29757086241892
-1.532899261,-0.539360864326777,-1.16543190622006,-1.1843589865626,-1.12912281414535
-2.018289143,-0.631228466077239,-1.42686789326717,-0.941238061763476,-0.996830425779435
-0.765226168,-0.293139483295846,-0.753122471298681,-0.874814961115926,-0.870337289825795
0.265594935,-0.227379211875786,-0.0152530901140427,-1.18563526899438,-0.620439257580485
-0.15137402,-0.154357171344805,-0.655094558046797,-1.1450777634213,-0.536240437182533
-1.073155158,-0.377094762828229,-0.920326578885547,-0.893161825835743,-0.875550248018175
-1.748948569,-0.604587066659665,-1.11344980198021,-0.777584073347291,-0.959760790270674
-0.988428468,-0.433650924910525,-0.914235177375811,-0.956120248375127,-1.31239945443747
-1.107274083,-0.539210717760016,-0.993161636781794,-0.854487978899478,-0.73413665609746
-0.438327122,-0.0235987797496767,-0.233404999215711,-0.748015228717539,-0.590894423714602
-0.031221057,-0.0953254493244615,-0.3268167411042,-0.787856418860953,-0.440044315475335
-0.22145659,-0.101936212535565,-0.269595673478158,-0.833924208477081,-0.565853264913647
-0.933154282,-0.26350199438685,-0.670942193833887,-0.803742508780359,-0.873136774538091
-1.607052895,-0.533920448203986,-1.36780016441663,-0.444155939144116,-0.99842995160557
-1.553962372,-0.263445491061318,-1.06784764338976,-0.577744675983171,-0.252251118729804
1.219047612,0.238228727288034,-0.249805847316269,-1.0152122908084,-0.942958564663733
-0.298498374,-0.315315621675875,-0.515876681741749,-0.518626580999208,0.109353842852463
-0.62774958,-0.444326520419853,-0.706878268639445,-0.484868213286574,-0.240962192408087
-0.026261221,-0.0106288535317499,-0.716231211489986,-0.502738473656166,-1.36550763865501
-2.391598443,-0.481759657625804,-0.788216439443893,-0.687495868767371,-0.534398702232915
-0.898207468,-0.132613444728992,-0.627383375003017,-1.13755800968222,-1.69139101199354
-1.418783103,-0.494796868102672,-1.21623273054783,-1.08749260137341,-0.961961413986069
-0.841804083,-0.209263619491507,-0.780379102286855,-1.26685893431074,-1.14158128787221
-0.924317096,-0.387601922652681,-0.833441451851724,-1.02264432513819,-0.89633999237787
-0.821435991,-0.357829301173425,-0.711622754632382,-0.70718185498358,-1.04151429236684
-1.512826503,-0.759997852953179,-1.20658760603411,-0.616183664117616,0.00387605860294815
1.14743097,0.65094916093655,0.923847327565889,-0.982217384642912,-1.14267151248566
-0.86817847,-0.33435157632621,-0.957235257631072,-0.638342869780026,-0.0714029041463067
-0.960184469,-0.49502078031837,-0.957439804678655,-0.919442613443808,-0.613125806728056
-0.388640895,-0.0319516717227793,-0.854683557364842,-1.03481804104483,-1.36322881322369
-1.781101881,-0.80054031815134,-1.38656847751437,-1.17656799258868,-1.24273381027762
-2.122510662,-1.250629013712,-1.80112185507176,-1.23006918374491,-1.5070543177115
-1.489693721,-0.633296426182874,-1.25040292286143,-1.18873808523442,-1.5672465139271
-1.197668507,-0.557801199527776,-1.13455066670049,-1.21575576060859,-1.0347074169431
-0.393533522,-0.419583324410564,-0.790100258173412,-1.35091006583498,-1.1682432300824
-1.029529463,-0.487333450457278,-0.986291002733348,-1.14904092667249,-0.952761270067848
-1.414992063,-0.5868211950348,-1.0987270999925,-1.00688222152413,-1.07698666073973
-1.224251995,-0.687037575380523,-1.18551310119456,-0.966849921796437,-1.20586383832196
-1.078176147,-0.524727787597357,-0.650944806176044,-1.04796514654371,-1.11977687893971
-1.084548023,-0.651217738727996,-1.04161723443446,-0.979013733612105,-0.802053204741511
-0.60197422,-0.284407620572515,-0.686725008314247,-0.974142167597742,-0.509323325454288
0.252547575,0.245412285413759,0.423626306037686,-0.959277476487149,-0.824165960027436
-0.964980194,-0.438923161206559,-0.624627593602233,-0.656992139165564,-0.454287802680827
-1.087788115,-0.417565289224449,-0.896781561982924,-0.809177599317846,-0.726505402089802
-0.474319342,-0.173508825787385,-0.504128256257075,-0.839202677057455,-1.34475435036237
-1.82596266,-0.584171210623594,-1.14992908415096,-0.77355998185128,-0.587202325444571
-0.632033845,-0.326594453929978,-1.15026425440488,-0.88384854265873,-1.07523361884791
-0.530381021,-0.116558114945967,-0.395698674767916,-0.700186001765924,-0.602723979894438
-0.437478862,-0.212117757791504,-0.58528817546235,-0.623356766341559,-0.453753124465801
-0.545713128,-0.188631937978901,-0.51410639504058,-0.230562431870621,0.186623697664886
0.751522235,0.371873197267317,0.506352585177301,0.166960968561428,0.371892978837656
1.363794182,0.4300608821294,0.753868037521704,0.0648899540806167,0.669045357143788
1.022485152,0.373867951014558,0.705226841040899,-0.141991331214378,0.32091328302233
-0.59856024,-0.456947239516759,-0.884094752444147,0.502730831112243,0.219099441395979
-0.664444693,-0.0997575279239691,-0.473786546229535,0.0342978881317569,-0.351125354018473
-0.306085615,-0.0513368777131119,-0.45675510822389,-0.30754952845462,-0.614421328939802
-0.642434953,-0.289677324281578,-0.728560373682869,-0.541700605465296,-0.394552182846805
-0.363751147,-0.185611238916521,-0.351659342620724,-0.656037974837493,-0.723147501445035
-0.733516653,-0.356911513643779,-0.819336924187351,-0.837680298485015,-0.945166016813615
-1.504613214,-0.797959857769761,-1.61657972291761,-0.836341437652478,-1.04913876784763
-1.517220752,-0.186561638392799,-0.72002462354636,-0.682311641207535,-1.10813055371575
-0.900546439,-0.318584210665751,-1.18997215332956,-0.924845764409438,-0.979416698374876
-0.411987304,-0.43391632776122,-0.452129929372036,-1.11823832270384,-0.867087024233619
-0.697765051,-0.419982473715781,-1.14160150417989,-0.947804732460661,-0.752926537547686
-1.073452804,-0.566159102830966,-0.957990826788717,-0.62319173006214,-0.649669758451012
-0.696442191,-0.352015264137787,-0.959464733430784,-0.421197354939968,-0.637449031731786
-0.414589762,-0.159309126605099,-0.426794752796054,-0.509123843997922,-0.071515544967044
0.879888055,0.156170147852958,0.25456085586121,-0.829267530377097,-0.722716544423271
-1.033863733,-0.131688202710285,-0.839565301385664,-0.0576438593710851,-0.00314711385623555
-0.964758422,-0.388001251408621,-0.649691204004513,0.067699741995316,0.0625676232986224
1.092509875,0.38961847910852,0.960071587865107,-0.341640644025658,-0.556968291332636
-0.082093265,-0.313253957723629,-0.372378407468651,-0.56554383225147,0.0353136855036845
-0.661709841,-0.408869830433429,-0.887100153274631,-0.756754232111632,-0.493157188078514
-0.978955398,-0.333975539236779,-0.783895076270999,-0.671986605902815,-0.953239233563829
-1.370783756,-0.462565850060025,-1.23636733234439,-0.924654392712359,-1.07769589581101
-1.223035529,-0.504751255388634,-1.11146947089539,-1.125515597654,-1.31906978169976
-1.35440734,-0.389405826061982,-0.587214029231529,-1.14351657301097,-1.23174493250198
-1.287225927,-0.628574548212079,-1.04359038167124,-1.13689242047093,-1.11561154704398
-0.920637042,-0.350791789714997,-0.672606763911517,-0.92683285852138,-1.02100290443307
-0.861167325,-0.215810168378762,-0.681753372959925,-0.764488387789235,-0.539474539913681
-0.210165495,0.0310623760325231,-0.125252885139187,-0.743848830673373,-0.184608818404206
0.707534195,0.254015065106805,0.341068657631116,-0.725973591987848,-0.462763319581311
-0.53690279,-0.243697439718293,-0.738592986061381,-0.47946008208925,-0.251813187203705
-1.116741557,-0.342809920435083,-0.807504584469785,-0.510463075251908,-0.551148943124364
-0.69923071,-0.395887802584746,-0.646873359562856,-0.877185955625114,-0.952267725421871
-0.863489907,-0.48727442646953,-0.870141218150448,-0.788132990343518,-0.923769680192821
-1.236954688,-0.663582168272185,-1.09594945577028,-0.820934370974095,-0.592810434188141
-0.20051985,-0.28352863930229,-0.480200682273846,-0.990786399598867,-1.15396657672796
-1.15800032,-0.667539063927031,-1.03913377043303,-0.8678725224977,-0.657829842642389
-0.995567035,-0.649443382334919,-1.03388617238657,-0.906150879542188,-0.925540195098761
-0.834026771,-0.356426113694294,-0.70462654248576,-0.749366196725753,-0.853470435302318
-0.695518547,-0.29804135556033,-0.554614958727709,-0.91814623262368,-0.809772202522126
-0.610884875,-0.319379060814548,-0.485789786764782,-0.790222255741549,-1.16393276126214
-1.814519649,-1.13406153447469,-1.52913686202999,-0.701472913802411,-0.531771530044203
-0.345194578,-0.193973577025863,-0.309355119602372,-0.869892186311492,-1.29447379766634
-0.947337328,-0.587951925190817,-0.857953556690035,-1.02999623953434,-0.759639426529067
-0.898590706,-0.485578516631561,-0.750316863926628,-1.09269082297454,-1.1651956739726
-1.536985313,-1.0020727924517,-1.41484577174309,-0.782563879412613,-0.907904915464826
-1.00105706,-0.361943163734396,-0.885708943900282,-0.653922863365929,-0.947863689637692
-0.755246698,-0.360178528065958,-0.841505782703103,-0.779034291446933,0.0906274673903363
1.673332016,0.523288409567119,-0.154790864913287,-1.12843447691396,-0.981855647193106
-1.150044867,-0.234892563121194,-0.826012548878626,-0.723403818137294,0.0374050114459171
-1.220139095,-0.304149734635431,-1.16035236527929,-0.700021346103787,-1.0254206624944
-1.352352563,-0.237756952215794,-1.09872960611232,-0.687966691304802,-0.974218425467565
-0.766209569,-0.430428580351755,-0.596556514351947,-1.09119660079901,-1.13713930882421
-0.975340679,-0.466921124052121,-0.777837686472685,-1.14246303413026,-0.833313877989095
-0.69217321,-0.38386320538874,-0.609915281436486,-1.13917252721943,-1.24040204147821
-1.602472165,-1.04612357106438,-1.25743915877063,-0.921558716017371,-0.905817245986946
-1.106309501,-0.69715477433438,-0.958258368491678,-0.980799229895264,-1.20077806630629
-0.944907565,-0.663508295184738,-0.908383020054707,-1.04234861165249,-1.00210082997499
-0.819202227,-0.537752759489758,-0.849426089579377,-1.01369291663632,-0.977950390996847
-1.041705793,-0.604432511131752,-0.906206184359082,-0.922555210903806,-0.731755815248641
-0.559985843,-0.195675627834182,-0.414617773411177,-0.884338340680986,-0.987976997995402
-1.018224311,-0.602917989479927,-0.865432989353168,-0.874997408809785,-0.642284854440299
-0.547314876,-0.0962509656331434,-0.15734644181824,-0.953884407836004,-1.11866716031059
-1.352371316,-0.59684070280506,-1.15606015159412,-0.755104449905416,-0.731832733994206
-0.909100159,-0.398012434176081,-0.702030784674669,-0.849153502739569,-0.89308336412479
-0.52450042,-0.549028788093268,-0.756760174129102,-0.836687674458613,-0.810868508236692
-0.642587014,-0.574562973344185,-0.794314563774173,-0.976300198219475,-0.683696757843737
-0.687564493,-0.433000980504274,-0.661435947708976,-0.910282703573443,-0.961819302247002
-1.37475662,-0.84107037255285,-1.26206780844808,-0.691268101495231,-0.74125685497143
-0.826985731,-0.510886229125438,-0.751056987740659,-0.729326067522795,-0.968431563933607
-0.683039754,-0.411510686917898,-0.606384428752112,-0.896370480274337,-0.732762661183895
-0.452754341,-0.290018711658643,-0.432540408990265,-0.964581766763854,-0.981405811244888
-1.32998353,-0.708762461318731,-1.08222413331461,-0.783772737326429,-0.638305834260346
-0.745312579,-0.4592159729383,-0.677569232188581,-0.901290229623191,-1.10582245442217
-1.020405476,-0.609866208104931,-0.846585517838871,-0.855416308598541,-0.873560242559916
-0.884057328,-0.459852906846072,-0.674593335422721,-1.05120420090391,-1.09978269736319
-1.236699254,-0.799355326175593,-1.2608801918989,-0.94257813892101,-0.97942723079188
-1.06294114,-0.566604347567735,-0.905114544758808,-1.00298139406818,-1.11128677350978
-1.102705509,-0.60403954036764,-0.92165863022339,-0.808885024409159,-0.870848734755415
-0.708652789,-0.488329250515435,-0.718059266998006,-0.861116104904357,-0.742927707009056
-0.362783878,-0.300272405247671,-0.320925590533604,-0.735754297083946,-0.643637302824169
-0.470176136,-0.321555920259332,-0.403818833117866,-0.662731493562958,-0.612988382306255
-0.76094394,-0.46130735538508,-0.589951339848734,-0.7399548624696,-0.750757687697393
-1.035507739,-0.72053086782343,-0.941962290614209,-0.816683534917681,-0.885464829573658
-1.053603207,-0.708367180752872,-0.909371408915708,-0.857481214277362,-1.02429821935027
-1.100133788,-0.678491797111852,-0.908790633590824,-0.917603144035938,-0.941410642092545
-0.831167677,-0.544221942164692,-0.718718709036276,-0.973971183774422,-0.98788869495802
-0.888814842,-0.610975286457416,-0.811164128230928,-0.966965789966877,-0.863631056206239
-0.752992758,-0.502357379606487,-0.716961055418587,-1.030935248729,-1.16621101126935
-1.521720747,-0.937087577778311,-1.26499730643432,-0.872020939144374,-0.896038003580432
-1.039995344,-0.576747692195777,-0.788820587481052,-0.882211294794181,-1.15514902002905
-0.939482931,-0.567657110379843,-0.775103834282686,-0.875872324070131,-0.888624561756324
-0.638733529,-0.399484363909066,-0.52523794634167,-0.984223939754004,-0.944545632001156
-0.948649476,-0.643981748525062,-0.838640154307522,-0.83278939418296,-0.743226536141084
-0.811927258,-0.548191113461396,-0.626545047950771,-0.73773237345753,-0.817918020595393
-0.757214608,-0.495798171378136,-0.66731780158425,-0.65276366702901,-0.689674516153867
-0.496416077,-0.406675310407273,-0.456768384189004,-0.815761859079157,-0.820147374888639
-0.845397317,-0.60952896799506,-0.825754205294241,-0.693218440489173,-0.782231237948606
-1.048142944,-0.619956959620821,-1.09826130790226,-1.18368116215133,-0.854365087801784
-0.499118224,-0.361619921907733,-0.635218961160525,-1.30539253322259,-2.12316678741746
-3.66121023,-2.18014613341179,-1.53063839578167,-0.787440696155574,-0.699001264043969
-0.843133118,-0.955209557312883,-1.39373246531562,-1.25545413284899,-1.95090951543573
-0.74895524,-0.590832609575752,-3.06938011582253,-1.23612082736531,-0.820346694079152
-0.400191163,-0.854345994998754,-2.18631765473823,-1.50079735007286,-0.754964115792959
-0.664340044,-0.368937249280222,-0.62350217555082,-0.789960662388419,-0.661815106938926
-0.871623292,-0.424988861334044,-0.71173574020316,-0.821543223695389,-0.717695326114703
-0.765922639,-0.516613299363145,-0.683651147019644,-0.849832559224789,-0.918812268521058
-1.050822487,-0.65753130982553,-0.809502132527986,-0.75333448164954,-0.75016865833174
-0.731561809,-0.609387497999576,-0.668169374054567,-0.820150766931064,-0.845194304410958
-0.701912779,-0.481456647058533,-0.592621682057936,-0.762732676916541,-0.666911249986518
-0.537813381,-0.451091334211442,-0.494346699746258,-0.778099399243534,-0.700969810025643
-0.689331426,-0.495103336990909,-0.474771633644098,-0.668423602924692,-0.626633829700121
-0.689540657,-0.559271951791543,-0.60211212866601,-0.625373181079671,-0.679105537967706
-0.696040167,-0.581133323774671,-0.660223489311836,-0.670676948465419,-0.663496967333159
-0.613120721,-0.433445100868191,-0.480662830513721,-0.728999204134729,-0.744579304715029
-0.801910941,-0.648868961756801,-0.704490020511538,-0.712741058568803,-0.688961088975595
-0.745709174,-0.588573796847167,-0.625786836828204,-0.730268490732107,-0.783409520100021
-0.806978412,-0.610295319351683,-0.711596182062209,-0.721320888983942,-0.726448769586345
-0.71295236,-0.582016124283395,-0.604484572203721,-0.755155293162713,-0.72154175260264
-0.663772216,-0.523408381358591,-0.530059756840516,-0.662527187551609,-0.630997725990705
-0.56107961,-0.308678600040394,-0.505193634502834,-0.530397474235362,-0.53443648249716
-0.416058926,-0.246749252002281,-0.326567996864538,-0.554966330167018,-0.429529606601981
-0.247889106,-0.202596494368652,-0.241283485866261,-0.608580372324871,-0.455302701336118
-0.365099456,-0.202409850694544,-0.445498593432879,-0.792439491456781,-0.671712459132219
-0.978178452,-0.476883278419943,-0.797859238483029,-0.718251559544564,-0.96003719587189
-1.676864335,-0.752138738761992,-1.19677261375625,-0.768056071680948,-0.918377967742032
-0.929889269,-0.411170088249455,-0.718810905560599,-0.960596008098241,-1.31930832265492
-1.095476219,-0.634265478589982,-0.927302470574054,-1.0924195587978,-1.01003819588456
-1.044231311,-0.495072266329133,-0.748842752255365,-1.07153777395432,-0.90347906065919
-0.68240197,-0.427694782203179,-0.556716494296296,-0.913714460165614,-0.998835222826441
-1.001698016,-0.585996301516525,-0.780133665701713,-0.891455242013972,-0.688270541219569
-0.632811017,-0.364320794005581,-0.387757266519018,-0.786981594744514,-0.817951757707883
-0.649487128,-0.459760069198752,-0.504873872723092,-0.757602938010925,-0.747045282607546
-0.808836251,-0.591318594821586,-0.681950034769558,-0.721888195414617,-0.741797736634167
-0.847866259,-0.654857054383206,-0.751147109982967,-0.715540691665155,-0.75466182336268
-0.731848562,-0.574270874907917,-0.596303868294858,-0.674572561118473,-0.758045003502226
-0.721327982,-0.565071754451902,-0.578831230287856,-0.665913646328207,-0.588709100004195
-0.403423311,-0.397504663655904,-0.347602146154343,-0.757793436952428,-0.651687623861012
-0.513947868,-0.367214508621542,-0.464632677404358,-0.764414017528306,-0.696569950269864
-0.902549044,-0.487545643420718,-0.646566951475989,-0.703314040024024,-0.833306118973911
-1.186064229,-0.780234636281016,-1.06363736701581,-0.823305181812336,-0.934245253397429
-1.041355662,-0.664645963387228,-0.897568239380957,-0.923520284678203,-1.03548214238771
-0.975951979,-0.577634783722583,-0.795697478164561,-1.00834072324581,-0.883572168024769
-0.633118077,-0.475185764802125,-0.557670970493826,-1.04810402872126,-1.07275612865194
-1.220051298,-0.845086203996363,-0.992762391471093,-0.824752954566383,-0.74497430593705
-0.834924073,-0.581660093143899,-0.815466622893379,-0.876917577394149,-0.883159736495171
-0.627559373,-0.402698167341363,-0.578358146120195,-0.869564077600385,-0.749940690250735
-0.581589729,-0.278275396070982,-0.731983298252335,-0.858590749718675,-0.748941884747361
-0.828579507,-0.508130890485713,-0.737561673488995,-0.806677681504835,-0.724044696410765
-0.802268271,-0.397773879873321,-0.699765150752394,-0.767017454253098,-0.970039908064958
-1.231868466,-0.569769345214217,-1.03747032099714,-0.69680731860375,-0.732237311900946
-0.689654045,-0.514396832448656,-0.573181076712271,-0.788058265019109,-0.841425676587336
-0.470169327,-0.330953489135111,-0.284097917135712,-0.803141617665952,-0.767288911525895
-0.800031404,-0.57586516058083,-0.614873214113675,-0.743619815879394,-0.567762555068162
-0.601399791,-0.500258311334596,-0.51922217438428,-0.650417842598647,-0.747009230678537
-0.768305103,-0.516231722377088,-0.657532149943331,-0.686787258698997,-0.591930632235808
-0.481783637,-0.453723873432517,-0.469886970253752,-0.820103766512985,-0.872154915717386
-1.023375462,-0.620103343583996,-0.75953783573393,-0.7409759670253,-0.686358335058848
-0.808434522,-0.515297422644688,-0.614332271930717,-0.822571841410805,-1.02088197066088
-1.126950499,-0.694851026729919,-0.899862879279717,-0.859163887007734,-0.867070097965312
-0.897730126,-0.568478627742076,-0.735933388709804,-0.89358137534714,-1.0134341734816
-0.977337499,-0.588241648466095,-0.765484636858889,-0.939484394923903,-0.841995864261613
-0.720171036,-0.522970381988519,-0.666537732786665,-0.970826151869702,-0.972839227448095
-0.982747778,-0.625480923605562,-0.813032953109422,-0.869397732573429,-0.848028629766647
-0.948497687,-0.599155823577115,-0.75827644152556,-0.903526013395218,-0.915371071486279
-0.863528018,-0.558621254804448,-0.684023354164275,-0.863574175246789,-0.966754728293565
-1.021657533,-0.677957812871954,-0.81467629600933,-0.951939748829137,-0.826564773715369
-0.710701774,-0.568624423160575,-0.641917502597904,-0.960601546239415,-1.07578050559219
-1.212522994,-0.815608537167672,-1.00173936490437,-0.811527835871267,-0.780503912413979
-0.843738499,-0.665551915087073,-0.721682370426793,-0.838855918039575,-0.871055601392674
-0.56374436,-0.51490940330169,-0.518938466036414,-0.853336868097486,-0.84155859811575
-0.797583142,-0.623598499889793,-0.642621443846709,-0.823896171608602,-0.694351903307909
-0.764202941,-0.645055763373029,-0.661632936079607,-0.792027895927855,-0.807106423805723
-0.863007405,-0.716604546204134,-0.781651273484405,-0.71232370524442,-0.752014528252033
-0.765962074,-0.647517679825295,-0.666639054288846,-0.762231573196441,-0.717257914257817
-0.549424571,-0.448678216165941,-0.438311670871557,-0.797289165381375,-0.786618708318434
-0.789883923,-0.683586062216802,-0.687901700612045,-0.766324598117396,-0.70367136901622
-0.8279114,-0.678049137279028,-0.722665869883057,-0.831240206696118,-0.778999385860637
-0.756770438,-0.615731207110444,-0.661383876956654,-0.880561221844785,-0.928074627304002
-1.056811142,-0.76902701107044,-0.885937453585291,-0.832789775601563,-0.85048398186191
-0.942822048,-0.692451213818348,-0.74891753399285,-0.85180711495371,-0.952169895123286
-0.918238882,-0.707097359443683,-0.782276155626855,-0.845415487215987,-0.845459726355497
-0.720193429,-0.584152745352803,-0.619402338404702,-0.915245391798271,-0.87964132778066
-0.860528708,-0.697740144669639,-0.767108244497188,-0.81171144534643,-0.723032789199266
-0.688770447,-0.530462491592109,-0.496825837100769,-0.753007879168253,-0.788387622847132
-0.743726829,-0.579644701476023,-0.622761548811024,-0.733655285177219,-0.691075151109408
-0.633397053,-0.475654103850071,-0.534740366333836,-0.777804154946431,-0.808585887018808
-0.903931707,-0.681216533841469,-0.832175039909138,-0.654891252722862,-0.690840809597455
-0.790416052,-0.549642789749088,-0.726643127731022,-0.582570697994433,-0.635100567480632
-0.417180678,-0.330658118377928,-0.343269509725876,-0.691348007636144,-0.567131839966053
-0.24904684,-0.328154847864206,-0.282764513380632,-0.761713255264455,-0.64043016581731
-0.769455072,-0.433365835911666,-0.639270032329333,-0.692286850873291,-0.648013587831286
-0.925307856,-0.419220612204545,-0.68465253220991,-0.658519776355369,-1.10363538038432
-1.643615296,-1.07056658769479,-1.50023858231448,-0.696883436633207,-0.824345279464823
-0.748220474,-0.562089871023563,-0.684348318924047,-0.879391637626845,-1.17111375507913
-0.842396791,-0.598284648118779,-0.745735779932881,-0.824409165184419,-0.750864763183425
-0.620521612,-0.43461501988006,-0.518973582482794,-0.853066144272624,-0.785219774176303
-0.733725326,-0.59361912950421,-0.600492438596636,-0.721080566514147,-0.66337862300735
-0.657392725,-0.542210993398725,-0.583578251731398,-0.758880479796693,-0.739776819970899
-0.73882228,-0.64010026735007,-0.659418271913255,-0.769345452397082,-0.76602935181035
-0.861232575,-0.724896387076591,-0.773768747524652,-0.793537922489591,-0.807390827473398
-0.884120584,-0.697063711866414,-0.744039091741374,-0.810370968723303,-0.871389677540917
-0.914391237,-0.68574969349012,-0.731208815354339,-0.831724327589831,-0.853101901867363
-0.826450649,-0.679725463825541,-0.738547905791027,-0.856898851817124,-0.874483482586013
-0.861749158,-0.688080955232416,-0.774021966735833,-0.837715266298875,-0.77796841304083
-0.70186027,-0.532160686860329,-0.541510972069982,-0.814161874667652,-0.830895623872073
-0.826216366,-0.668043699633871,-0.728581965727378,-0.768371637166625,-0.699947522033012
-0.659128768,-0.509535041811295,-0.583529470968322,-0.752111174793837,-0.786637896317162
-0.782085079,-0.599807982847373,-0.707858976731922,-0.684874871167679,-0.665667382468686
-0.650889196,-0.49236791372288,-0.594593561784641,-0.747172639595348,-0.704061871864627
-0.612848596,-0.49817210297641,-0.541872429633572,-0.729580286895042,-0.734730538035873
-0.797908667,-0.5980441711115,-0.779186227096417,-0.702750246976796,-0.72033206338598
-0.858678348,-0.636663402733834,-0.819232969133729,-0.63400959922602,-0.684443280928401
-0.612172028,-0.369406587756478,-0.431340819544537,-0.674374197108115,-0.680044190553615
-0.434230066,-0.260621095956752,-0.296406515932365,-0.733719320301951,-0.808319225477694
-1.02812655,-0.547699029487473,-0.762262332423684,-0.653204018433174,-0.551497631690542
-0.601065059,-0.501996965279868,-0.580107499989264,-0.80593342590822,-0.891802860753991
-0.810509641,-0.547317140748907,-0.70461124600931,-0.750708069294754,-0.828871955510368
-1.042102605,-0.651964365090148,-0.893392758721595,-0.747910178551861,-0.79169806875749
-0.827037618,-0.528345473777468,-0.619058103179703,-0.849250172247575,-0.813909594011508
-0.560101875,-0.408712559594852,-0.479636263519513,-0.834443794531791,-0.91975891059508
-1.066064147,-0.504252838472436,-0.834839066370349,-0.798430703456567,-0.567919837253093
-0.445122666,-0.362210736138593,-0.455247699199001,-0.879131482900408,-1.0097757696692
-1.102637339,-0.639298775090803,-1.06195601714848,-0.643315806740297,-0.548917384339718
-0.582799154,-0.433304327793368,-0.5492311370927,-0.764259945277638,-0.756951823365358
-0.448158823,-0.315757578527418,-0.343811670720616,-0.766034915363214,-0.71249138510565
-0.77457129,-0.474698527783796,-0.693066070777515,-0.786572569479828,-0.634922117954963
-0.775129111,-0.499224697344135,-0.649075014815625,-0.723222279856375,-0.807989896412042
-0.892737987,-0.60831851596023,-0.862862283928445,-0.772949222463633,-0.807750989879153
-0.846890444,-0.519408461175504,-0.853400582433317,-0.790871367653546,-0.86120298102716
-0.880914446,-0.569546584845218,-0.761330096455916,-0.787833987914687,-0.757258790632695
-0.638022815,-0.474040577480599,-0.560512387695744,-0.847693247456035,-0.842379115423513
-0.805993556,-0.558519429054835,-0.727260527922304,-0.801293813459669,-0.74759763297058
-0.828346709,-0.584511919452087,-0.694587829911781,-0.761697104158395,-0.784155010648501
-0.819554512,-0.630284314461113,-0.757420517881496,-0.789926483528052,-0.696129687420277
-0.47769681,-0.423040906831562,-0.469883653515296,-0.890232083148435,-0.957475207267228
-1.140588988,-0.739586111298071,-0.913788564864161,-0.781834965793202,-0.682931566970827
-0.83300222,-0.527124777570006,-0.680599093577732,-0.871653196972688,-0.953774175675804
-0.827808156,-0.56939449535958,-0.7251435423385,-0.965159189320049,-0.949432558716477
-0.99394122,-0.537025340925211,-0.684947695944846,-1.01157007714822,-1.0454883794475
-1.286998344,-0.821848759821288,-1.06859091208428,-0.880405022350019,-1.02999361630134
-1.153630657,-0.624775145142018,-0.961794053020208,-0.889001883172427,-0.984745941581874
-0.724184475,-0.46535587746295,-0.674826857268707,-1.06039637592986,-0.964716435187636
-0.737665219,-0.468971864480591,-0.668761275647252,-0.888721561245832,-0.848307406113847
-1.007945803,-0.485114923325545,-0.805736240193973,-0.746125324674881,-0.537230358869003
-0.24973376,-0.221857764042925,-0.18559107019261,-0.755652532202426,-0.873056069384745
-0.816626856,-0.407541578566612,-0.707671969046393,-0.715452422063025,-0.456706365460371
-0.507241884,-0.3944679545917,-0.529302760846197,-0.827794805964715,-0.789745525908363
-0.817333673,-0.481693050770474,-0.678557184378539,-0.657304304037223,-0.728485350669508
-0.947808565,-0.454476127242216,-0.869114724907704,-0.737144546751338,-0.74820699163605
-0.704784948,-0.432090707365815,-0.636760215228121,-0.67702306120533,-0.864783599454649
-0.837703316,-0.471464811789354,-0.757502867305968,-0.76736157329432,-0.686955636254424
-0.536989741,-0.319968444299602,-0.575471404069179,-0.837740841077306,-1.01166016374005
-1.256020872,-0.772250134605756,-1.14905153360832,-0.77430769500883,-0.733260124854224
-0.877794135,-0.553672675818376,-0.771355932374496,-0.998759112258769,-1.04583554829057
-0.891890847,-0.450123379475757,-0.689009167152802,-0.994895487236503,-1.05613219886513
-1.221707852,-0.662918487827846,-0.962483402831193,-0.894940084190623,-0.962911281236629
-1.092844288,-0.693159319575441,-1.02893771331077,-0.906659091714418,-0.922768997774303
-0.625891361,-0.48951238942526,-0.657851583402361,-1.00998677923432,-1.02134348249807
-0.944433612,-0.596785860502403,-0.77987661556921,-0.925148414010676,-0.798943153592925
-0.908913038,-0.531367220605127,-0.772193266584663,-0.919441983250957,-0.879139481706295
-0.788856983,-0.461570813191592,-0.648937244219194,-0.894045600073801,-1.05554343237636
-1.252715193,-0.528444821977334,-0.870615840528017,-0.886609785076732,-0.862041564119423
-0.917443985,-0.459755496689021,-0.756967771783508,-1.00746928619127,-1.05098900884591
-0.866162773,-0.559700610319127,-0.877913789151791,-1.08268317343405,-1.07860102842585
-1.175817254,-0.581729523688697,-0.970592291052566,-1.13809760050736,-1.10674537837085
-1.356432488,-0.732284827104571,-1.16739711495585,-0.954392924471937,-1.1676448821494
-1.318490776,-0.634017362609055,-0.983925560489931,-0.954807158337707,-0.938391031848566
-0.442320452,-0.336638614894311,-0.410524131408567,-1.25698866238685,-1.2533289941809
-1.19467431,-0.647339701553586,-0.903241395423007,-0.979233170835783,-0.86026997278666
-1.245808943,-0.924458660548172,-1.18766234327427,-0.899180328860493,-0.843344288607398
-0.505755741,-0.269206340575934,-0.401728507767055,-0.841703402778122,-1.12958447999917
-1.042381665,-0.450575609573315,-0.870531510984624,-0.865621857511637,-0.803161937713993
-1.072535582,-0.5959904699832,-1.00217454590646,-0.847097781455829,-0.759560543983012
-0.483071863,-0.363019613619593,-0.519118558620136,-0.82528806540281,-0.964289992401366
-0.892386272,-0.381899117669156,-0.731073620292419,-0.755935773047871,-0.656804661942631
-0.794434079,-0.303995531664839,-0.519065538086088,-0.714043136377964,-0.652037120588208
-0.445331335,-0.288217425487469,-0.357938878057459,-0.680006041370397,-0.673275850465461
-0.447057061,-0.242291225132272,-0.377498231496671,-0.772115621589654,-0.798471082154167
-1.152457885,-0.499835352571716,-0.861264204080153,-0.706190266574605,-0.622519661303991
-0.750352185,-0.50187779957168,-0.717652928467271,-0.945371866524794,-1.03230240750143
-0.953425645,-0.513777765848476,-0.855843076534877,-0.962263428898688,-1.08536490024335
-1.428234354,-0.724672447682448,-1.00573165772917,-0.93066570565601,-1.00391284816793
-1.148171997,-0.656535565688734,-1.01321275883906,-1.0373928270343,-1.01741406069057
-0.546454514,-0.442715563748815,-0.511543583495302,-1.25966088976991,-1.3123869775999
-1.489493842,-0.771830690773258,-1.16721090364015,-1.07037338936719,-0.919446861244553
-1.261406709,-0.6982642557037,-1.02305387941319,-0.998109768553752,-1.09912861317858
-0.818622258,-0.546199986772057,-0.746160677764332,-1.07184689692724,-1.10530068330091
-0.91568332,-0.684046898926277,-0.87244180778669,-1.05967980731916,-0.96276733475665
-1.077508117,-0.768338946690108,-0.980180502956124,-0.937907049245171,-0.863637016702148
-0.765075997,-0.678644951906982,-0.868584233618625,-0.943032142508406,-1.07823382991559
-1.163282827,-0.886736901026311,-1.07509143434066,-0.934679624040754,-0.787457480856315
-0.663774567,-0.602775376533231,-0.76923863750151,-1.07609433471603,-1.23018759819877
-1.396227686,-0.881537489609164,-1.13426518977427,-0.942305080994092,-0.910463960065997
-1.096642556,-0.821150346669821,-1.00527813328253,-1.00747779078279,-1.17516170199603
-1.129674943,-0.69000293037153,-0.894315571543511,-0.890515332111992,-0.875598856957351
-0.588789024,-0.451018193558619,-0.484250491972663,-1.01632407293803,-0.978454991845923
-0.824321043,-0.480779658639132,-0.676374404914145,-0.905504062742583,-0.758055339630878
-0.791058324,-0.504279101552675,-0.712756628441818,-1.01078488711574,-0.980162521183027
-1.127283654,-0.567655516120774,-0.65418872730572,-0.870310731872352,-1.06612350226382
-1.403545082,-0.811776454377587,-1.28541397668781,-0.801314685450729,-1.02737962253608
-1.137726136,-0.70902459953661,-0.900913553324191,-0.817047310979443,-0.71261823515121
0.01839688,-0.0795454568060134,-0.0933343422591037,-0.920935164570341,-0.873011862985148
-0.538009175,-0.327345389991304,-0.504440190382537,-0.700065912221751,-0.474608741133051
-0.804901161,-0.338544103597752,-0.659299777717212,-0.609652931513811,-0.591306879657238
-0.677946366,-0.390663246926575,-0.45032352607266,-0.639401422282029,-0.795067499954782
-0.794111148,-0.588812872587458,-0.903699295192628,-0.69352927062059,-0.874209942525111
-1.189907932,-0.689341710942625,-1.23476707326616,-0.721005156155511,-0.546825863943038
-0.233544604,-0.131383550829238,-0.196574937283222,-0.646111478268971,-0.953446051585028
-0.838201836,-0.64679094573417,-1.07209418182634,-0.766972029341171,-0.404436401309718
-0.365428976,-0.280074251291218,-0.51472470671313,-0.63452519414084,-0.818901945142404
-0.938769822,-0.489555630309369,-0.804911722760244,-0.559577095132198,-0.453685681187349
-0.328218545,-0.412251044503905,-0.571693630211696,-0.914759318640743,-1.10650446071944
-1.419395476,-0.659305143685548,-1.13450501002228,-0.568827076865247,-0.686046284430621
-1.045190152,-0.57201623145914,-1.08159657633693,-0.917067082369751,-0.885133487382845
-0.366377171,-0.374392355250279,-0.799675145205009,-0.978578348805474,-1.17611513086425
-1.38573172,-0.390384889389106,-1.01007072740368,-0.793565781366766,-0.55564634400781
-0.816904537,-0.270862716766089,-0.662104382587289,-0.433842656059174,-0.436900533173105
0.359716152,0.259736509989692,0.407594039200974,-0.462176529065017,-0.210079531217768
0.597735663,0.222345258957964,0.544259079361071,-0.508886643449866,-0.0684611513253622
-0.247721643,0.149533801167252,-0.124117147203954,-0.360156710797139,-0.0660387357427492
-0.582078606,-0.352212960759589,-0.528101461266102,-0.497065041311643,-0.637171443386883
-1.184682325,-0.539101079871099,-0.939271133269228,-0.437646014707816,-0.713676640766455
-0.979202103,-0.491513990786473,-0.746039723633596,-0.510770834347973,-0.811170527968949
-0.62240695,-0.244101755062018,-0.425760477869975,-0.707648440720288,-0.527888883037894
0.177291459,0.193775318546055,0.144492370973399,-1.06648210942641,-1.04395170803906
-1.419022805,-0.707957350244183,-1.19247021950259,-0.737212383045327,-0.653300976935137
-1.503272969,-0.694170673729301,-1.45390695536587,-0.471358086133263,-0.858700260105738
-0.609224839,-0.326123069945137,-0.780814448486576,-0.506380963313195,-0.731166911257633
-0.040994654,0.228263073655241,0.297394026833577,-0.689747596560233,-0.267973467275124
0.438079682,0.199164612220158,0.267151225839795,-0.817260433411925,-0.645810342519522
-1.119749431,-0.688289559970174,-1.1801789842721,-0.674198658467582,-0.473228331273697
-1.350275719,-0.895904446780356,-1.30060138971567,-0.74203826075564,-0.947171601020975
-0.976136603,-0.488944035438267,-0.885663961534611,-0.978832313531579,-1.19278349619207
-1.104187912,-0.58301012284892,-0.926644813125414,-1.10117338727078,-1.05870685556979
-1.099041093,-0.403782773669672,-0.515576010474362,-1.00374598261666,-1.08227690576055
-1.136136408,-0.458016846116166,-0.888456545633281,-0.954123785683723,-0.905348514855776
-0.721234549,-0.373846559871502,-0.625589012899693,-0.839330679928104,-0.897177265540543
-0.922174597,-0.0582725169953795,-0.749866490591397,-0.429681613255744,0.00847306087587199
0.652721391,0.276918335935117,0.495582537621406,-0.592485682170568,0.364771320829714
2.121576724,0.86119146416184,0.404991784183268,-0.673111488139844,-0.3659345249311
-1.184083567,-0.310089540913857,-1.01106684926513,-0.531301436814692,0.449402215643406
-0.993568454,-0.340280476240787,-0.900079604729082,-0.50366453372187,-0.773617912403324
-0.836321522,-0.263040062791146,-0.956119513535563,-0.65306348059914,-0.842888460712893
-0.740585729,-0.465401463409422,-0.618120610800418,-0.955961953607865,-0.76931311203451
-0.588752,-0.409705384147943,-0.509238469416032,-0.883363635224032,-0.993224708529247
-1.428323897,-0.797144234283569,-1.20027273650769,-0.587803056796574,-0.354992046732053
-0.047462263,-0.10889258212611,-0.15098154793974,-0.79698772417847,-0.843243523377386
-0.416654366,-0.319072280059685,-0.44697202776293,-0.784874243460326,-0.153490863862151
-0.056174006,-0.160759723098181,-0.190158428177174,-0.676780466570062,-0.389561592092535
