630
3.324438203,1.0139186102086,2.63642287049303,1.14849135707985,2.51645967429998
3.144768262,0.650563560488298,0.664797516676737,1.74869197477272,0.962598330244342
-1.632899487,-0.648295401050235,-0.604960031982442,2.15472990326508,2.7227706696576
2.712570641,0.464631936854425,2.24710768110493,2.12487518124785,-0.52497891809272
-0.624799685,-0.599598697440828,-2.09876092504146,1.28831619150627,2.43905911491136
3.078514157,0.436696220386525,2.3534743957559,1.08976676540696,0.20692275736624
0.443758435,0.174734755139112,0.89374575532669,1.42034610214881,2.10211751137517
2.278913562,0.630085048991149,2.05180293047849,0.880666147846497,-0.679666945307333
-2.730046084,-1.28852112535432,-2.00848409850536,1.85948912581028,1.68121912732695
1.065664253,0.65652024885225,1.15093847115981,1.52823657709108,0.342063894905151
2.828231599,0.866093053856202,2.15517038177485,1.74835608231754,1.27882029527245
1.86830179,0.996401517512713,1.89241977530979,1.54309702869022,2.46625917055976
2.676501604,0.787272206789488,2.0609685935825,1.76786898082487,1.52377008604657
1.050677109,0.6686490153092,1.1761520313172,1.88307038653209,1.92507777832115
1.38611393,0.318250098888985,1.08481308183301,1.81482635577551,0.981444305472787
0.347569056,0.306702200535443,1.18194199003714,1.86576917904615,1.98113590400825
2.937533621,0.728868917000526,2.42816394557385,0.831361997765088,0.568129170808225
0.56625944,0.494889029479964,0.743658934587815,1.5072716261037,1.80056422762029
0.788684313,0.262412234107539,0.639895191628281,1.72392007944687,1.62925244429533
2.429032294,0.987117636036332,2.00437836158804,2.12438116541454,1.48982983622791
2.078520674,0.964586518831322,1.89023215626437,2.3399900975108,2.46745225103713
2.64155308,0.723944225230037,1.75989537006642,2.20491355914061,2.72987033167319
3.597674413,1.24397252370394,2.70052554171015,2.4454686451022,2.30328987264822
1.850344133,0.620789055416606,1.42256446243693,2.77331708577118,3.301853335202
3.312685636,0.653339318186469,1.88924813154276,2.56896947530338,2.19702656002071
2.263539084,0.92285812096799,1.93397165334086,2.81799229920398,2.83410195613353
2.60044426,1.09029393044799,2.32338424887868,2.28297504837578,2.29221892074168
2.386263143,1.05919672041282,2.17616601446958,2.45927570875336,1.82692628853386
0.839959338,0.518091693234077,0.666639322910344,2.33484611973434,2.44229754995618
2.519014941,1.11770195717685,1.97017817470646,2.39279411468044,1.63707645745094
2.038298485,1.0657235231597,1.06938253917661,2.06926085944708,2.70321691575859
3.315499198,1.5459297644965,2.57781523203588,2.26959211742672,1.99102424706967
1.745725512,0.93779966317187,1.24369346603706,2.39695775696533,2.96572919196738
3.001200873,0.966392957483129,2.42068789684635,2.16193162868826,1.8113702021909
1.769007892,0.777306922880297,1.52770958562647,2.03543436578436,1.97452470491112
1.085954031,0.627879994510196,1.19022334133053,1.35586345059826,1.57122093998755
1.443982505,1.00849814234563,1.57693246870298,1.5454539426977,1.66643121652303
1.745463959,0.90699374776516,1.19487758918139,1.89064210078201,1.88537538397097
2.261561128,1.1598691103278,1.64173411031935,1.96985742338188,2.16986424151005
2.729225124,1.22752860182395,2.04806582870874,1.84379372857798,2.14959158945491
2.165715253,1.35579063268889,2.14377840073951,2.65182628089435,2.25923781027081
1.044184508,0.55207113147017,0.736457246434244,2.70604110387156,4.40044889934407
7.415398748,2.35114233906845,4.33036636374283,1.84024342263628,1.47692947774662
1.752170603,0.799694270496073,1.61966171766178,2.51459215848465,4.04766716950046
1.334227702,1.09914150598253,1.89141872866813,2.91795224478875,2.81200940072187
3.284405768,1.52766551007549,2.68843636756581,2.98429643667625,1.98454443656215
2.519937474,0.909891773637912,2.19776538061949,2.00868817713727,2.58784653546989
2.350305493,0.960264879708029,2.17995687321637,1.90605989579819,1.83267130023779
1.123990066,0.292437741366862,0.914284157620932,2.11795539615212,1.57753798721172
0.499778119,0.400510044181263,0.47938552930832,2.07530706085244,1.80245369131994
2.334072097,1.53936150773412,2.06160470988236,1.95097561396818,1.33606816934293
2.05911991,1.11180789708723,1.82325465129016,1.86416853458376,2.03894796790181
2.234647705,1.33061928767004,2.03363869362309,1.89835970567669,1.36845448949512
0.44612813,0.216034150787835,0.0680242548108864,2.04182221739336,2.09104260830013
2.02530028,1.22138742458139,1.93107956751145,1.83324440437617,1.19465979283062
1.648843983,0.949222709884342,1.41555437121961,1.83990890241014,1.83860156964984
1.82261406,0.924839389238684,1.4793870125421,1.7571392327329,1.83719777721791
2.00667835,1.34594241902337,2.08204923909156,1.83197358771303,1.87706503494513
2.035193431,1.19286020094518,1.8661372511715,1.80463281776606,1.7333404897503
1.401754864,0.844336329153125,1.20775115002723,1.90780030627006,2.01120894116402
2.022738947,1.23585767554755,1.87389296274426,1.91225583573994,1.66998428944644
1.787987954,1.24206843765563,1.7439531079013,1.9447711564739,2.05436336766506
2.249069508,1.30999177922431,1.80038617133099,1.70115770380174,1.75022342190735
1.820780214,1.1783616770694,1.66677130610685,1.77999745555313,1.56320470873188
0.822681726,0.560795251061041,0.67981177941685,1.8176905281105,1.75017989766815
1.607377214,1.22548529153899,1.48881457344968,1.78890327137532,1.35352331773893
1.615899629,1.30307250954556,1.85789618308042,1.8095551023659,1.93348254708481
2.439452816,1.37361730631827,2.22880272077532,1.65032580260029,1.73395370371066
1.836343256,0.898920747414397,1.53855827694422,2.0700415869293,2.17840925081685
1.981974869,1.15181519069359,2.01047541213207,2.11496266476054,2.14859940672566
2.435895392,1.22821400056294,1.83523566031195,2.11805267644306,2.04799903560757
2.098842625,1.21559712047678,1.79940546765168,2.08972920500687,2.3199338619608
2.46962904,1.27435292382782,2.00230767515621,1.84304839722701,1.65080168892748
1.302501983,0.928214027971265,1.35642960177038,2.13564184043818,1.39526262520666
-0.001130765,0.116285787525774,0.00585017019270545,2.10662283890307,1.97367462275131
2.53714569,1.12405118244269,1.7483675893906,1.5234131077949,1.17807710244592
2.273744018,1.52716781469573,2.0202988728729,1.60091149777357,1.77436582492378
1.181780701,0.801148097101981,1.10957533678297,1.84109024834486,2.31332998268807
2.47081371,1.41327438860616,2.22230628824906,1.79334784582746,1.55632962411422
2.086844601,1.00541490627223,1.76492020605552,1.3843932955894,1.13504838468578
-0.078726245,0.188579401294974,0.446583735423578,1.63274755974711,1.17743723555392
-0.216479486,0.250790652690191,-0.0132776983340675,1.8817785447351,1.52473374749808
2.846358203,1.45449939994024,2.38939494484852,1.55392376892575,1.19040312579023
2.605403423,1.21294308044743,2.08969717272554,1.68059222338055,2.24104872119709
2.091451151,1.25081371956988,1.97561505057798,2.13376273247572,2.30981451489132
2.095141677,1.28962478116316,2.03859944235784,2.1269873758698,1.9635126882491
1.986304574,1.2078144526468,1.99862249113902,1.92929487337261,1.30200514214739
0.330704985,0.432806797658365,0.523630293573497,1.78784904175882,1.72707004837478
1.414553204,0.907689490937249,1.38479334147262,1.45975661439552,1.11571575224277
1.709632096,1.10192469540071,1.73712476548966,1.35788843543518,1.30014476099256
1.258258631,0.569385065855071,1.02903067901994,1.43928819391966,1.62775153902752
1.441520492,0.849162522374981,1.31513217159662,1.75847434216504,1.93707405624956
2.654802155,1.08068066343409,1.75904519305632,1.53570405338354,1.71496681411974
2.13359327,0.889960619467068,1.79925002696098,1.86182231945805,1.88045158904776
1.04790655,0.668252219945541,0.974499249458559,2.05983616582531,2.42583112039592
2.783308121,1.53303904498698,2.17337419449561,2.09782569670549,1.6147614900931
1.994870081,1.03793125009696,1.62274497168881,1.89385983987953,2.32637675498148
2.184082938,1.42357839352927,2.00199564974804,2.02329279741099,1.86437501145068
1.521349151,1.11441049677231,1.47838170649787,2.27353585408291,2.27614408274876
2.428662346,1.24313575850954,1.90919439077151,2.07099594096361,1.87501919158333
2.093734795,1.15186548208683,1.69643015498413,2.17124336117321,2.32694069455438
2.421219806,1.42500615357947,1.99481868460887,1.97825407116366,2.02465505426049
2.001763641,1.29880475809004,1.8916530715539,2.11633809885923,1.92873706057174
1.4138869,0.884875820866389,1.44141976052539,1.87335229129938,1.95831612402208
1.926298283,1.15269736522549,1.74143472489589,1.67082591590023,1.49273143520657
1.565275559,0.890638544197929,1.52118242495288,1.5765663662117,1.41355596417704
0.820956106,0.843512007969169,0.983327834732101,1.73948537426603,1.68987547771013
1.726391469,1.05854031673822,1.47936042856228,1.64482105875458,1.47722381835758
2.059212027,1.19811427086409,1.85050336245332,1.58387216169661,1.68708398407634
1.787975804,1.08628062774552,1.64374159150397,1.64359271199369,1.81617139618465
1.634328619,1.08934777374997,1.60193393070633,1.80657261899965,1.74757097839414
1.66442347,1.21816028624566,1.64436824213293,1.80022381190203,1.70381582520405
1.746510324,1.13670130939212,1.49174014094023,1.74478641213461,1.70266116597216
1.714988427,1.08302904236437,1.49042295593122,1.70394293285123,1.81180952253304
2.060234138,1.29232023750498,1.92354579857299,1.59408270645018,1.31981589941715
0.818472926,0.277268683558256,0.172098006173012,1.82020057618021,1.75830183893711
1.379432538,0.736984199691163,1.19225329354778,1.60504864534677,1.6158842877059
2.442515442,1.10694527122259,2.02200903125172,1.62572247732003,1.1896165296332
0.886064755,0.534271206219218,0.703867435083875,1.67813011531477,2.15066698871174
2.060161668,1.15466002331751,1.77746884696809,1.75667055378389,1.46611307955288
1.863863705,1.11661288690494,1.76185073497325,1.90261028906313,1.80330534864571
1.758519776,0.809177892209911,1.19897007348103,1.43958478949705,1.591328279082
1.369314957,0.725140589686121,1.04166591892562,1.65594835864785,1.37824648423454
0.813467056,0.751376354485988,0.977647864008691,1.86048182588232,1.68050492860144
1.845969427,0.932111187706579,1.37256387124633,1.84402555548441,1.65883673524841
2.372562543,1.26499399947624,1.90321692039793,1.88849427825221,2.16894993448723
2.715130068,1.42708619979791,2.20091181340672,1.98782555932882,2.21975590253083
2.168871795,1.27479522046264,1.99734233713569,2.30418954125105,2.40283014873691
2.238670847,1.10828041492293,1.81695917406796,2.10971568002559,1.96723953967546
1.772227674,1.00407007361331,1.81128779209255,2.13949607658585,1.74367863254268
1.055236256,0.62343339023916,0.854324568685472,2.20326603755065,2.09233379880911
2.324592835,1.06258479034763,1.89205718905853,2.13861222802996,1.80821956298168
2.386023844,1.26821760109953,2.1753103705264,2.30662988659095,2.45972652864031
2.789548393,1.10190650297846,2.04100570596525,2.15776414248121,2.49704625531812
2.769959005,1.45791535695956,2.27925625072199,2.23194614244734,2.32420392558955
1.900339816,1.24130292676049,1.72562136329288,2.55241283636777,2.41270433159159
1.940491942,1.14778725411846,1.90501257409053,2.6412992442936,2.39144575272115
2.75829216,1.58805567911305,2.50427460772953,2.38918112524692,2.33845592125646
2.777931095,1.28500629451245,2.19463221839393,2.2181940570201,2.52454342563351
2.439939008,1.50883821314428,2.39729101280899,2.44434594434946,2.5033619084251
2.152593687,1.06135496914872,1.80789944016997,2.39804073385625,2.64432780421338
3.02275748,1.68551052798091,2.64252335985407,2.07532326317903,1.87409467495976
1.549918761,0.947569507103126,1.70504054786257,2.19446071992503,2.20975524760744
1.374031818,0.884274790051727,1.23639609438329,2.28320592816653,2.04901234421878
2.264211837,1.18311500037299,1.96554733817153,2.13908332949114,2.119119169718
2.905910656,1.53103541824207,2.62221768252987,1.91834271114703,2.19457853527584
2.260397581,0.965585524160338,2.03788367248971,2.37719850946597,2.49089640545718
2.04798424,1.30724979586762,1.66332599233732,2.62123972321411,2.67011198011667
3.087832111,1.39661701341333,2.81576414696637,2.47692202667863,2.29781005749171
2.530064894,0.851076754672123,1.8888791919207,2.3371700685122,2.64641903595127
2.430288821,1.21960790593195,2.20567400790922,2.31924919466047,2.25747212582452
1.936826392,0.921839581516717,1.52981247027672,2.22787588941902,2.15149982687185
1.833591077,1.16579882453423,1.62447422128475,1.97954932793453,1.97399227183134
2.097716675,1.27830945747665,1.62149425580112,1.84231277845129,1.43200142157349
0.799399472,0.587302422013196,0.853202846476011,1.98500192261694,2.11058474376311
2.202064838,1.21406415498363,1.94934719213189,1.77355871261717,1.45213467889744
1.916099831,1.25330469595103,1.79047988450858,1.92007251937082,1.96643003155721
1.858173252,0.92004239661092,1.27913346030015,1.71038430758428,2.0771690072884
2.306662135,1.25005056478129,2.08927699788417,2.08945319603297,1.80702443194268
1.60778702,1.17655116454871,1.74148598594924,2.22486718656264,2.3813422454625
2.560245251,1.56535115874809,2.09120406885196,2.15920170865879,2.00265592284911
2.393989069,1.50034882935193,2.08614818898364,2.02360192550042,2.10788185070209
2.302880344,1.3617225160693,1.9677213176104,1.79603152194836,0.621833016795599
-1.69104315,-0.9584172722828,-1.60736388814198,2.18002373631916,2.09747123452386
1.865782761,0.957865447290166,1.59549709931221,2.00579962328409,0.426967617296402
1.831542647,1.20184659443318,1.99718565203405,1.73176485934959,2.00199086162235
2.776040304,1.04519540225958,2.02781885245246,1.50256491013324,1.62466661859317
1.373913937,0.695125967025322,1.27839388158428,2.04172124677917,2.3507477969549
2.096572036,0.893894208425232,1.81978115927623,2.16138263893699,1.76156468732554
1.792170532,0.632423259700059,1.02889925164726,2.2603724082301,2.46913061024624
3.04839537,1.58604432098235,2.60223752140947,2.0189006383119,2.01456849691619
2.166939421,1.29665900112268,2.20957653200035,2.3708566375954,2.63723909420616
2.451270611,0.965627958778659,1.96917358987142,2.24913739671694,2.22187268023106
2.19991407,1.1858957205669,2.04381685071044,2.3069140947132,2.21954446793331
2.009448216,1.13468148977738,1.91618321295382,2.1944840707323,2.13917295252566
2.025660836,0.863264948450608,1.59905181350097,2.27905598451875,2.09799654435722
2.08233511,1.03641640344924,1.98402458205823,2.24266420390797,2.28867321521608
2.583963642,1.19872136786993,2.13395225083236,2.3077622909103,2.21029945858199
2.330562875,1.20687745712766,2.14088224689712,2.38033386040026,2.46976015230529
2.752691833,1.40247268399711,2.45664626987849,2.00382293558722,1.48587297240047
1.944400632,0.385128509780056,1.63257851591882,1.50562130312185,-2.11428297928334
-6.494148108,-2.31646936034068,-2.51404051112914,-1.28853120048371,-3.64279769148184
-9.976731608,-5.13848781747557,1.25386366552777,-1.51441548846353,-5.47710207361586
-7.091214601,-2.72192174450785,1.81153515162797,-1.73892817842449,-3.67828302151084
2.317539022,0.555271715055167,1.9962110917669,-2.89431596892413,-3.92090009907981
-0.960083975,-0.912485027479266,-1.00324404634343,-1.06464857272737,1.73390959587143
2.675592863,0.543969415370327,2.0409261709361,0.389873190454191,0.777330776208091
2.397648217,1.13951206451833,1.95757026124075,1.9602774145882,1.76653794493692
1.360873661,0.155352026726888,0.975919524985994,0.96210673863953,1.86436602503157
2.261856705,0.68434952036472,1.91073680174616,1.61131330676859,-1.1051703116423
-4.865219498,-1.78713863874624,0.243682514309167,1.87655070317796,2.45330194887411
3.137493394,0.745131105645205,2.59018615275369,0.363427738297411,-1.60562647438787
0.452618933,0.0746614427709552,0.63081133442722,1.44919482648397,1.77225179539314
1.182173994,0.324312984958404,1.06134536992903,1.5180899349505,1.83215786385346
3.088902026,1.18854203256162,2.09809042909068,1.8182877366924,1.68771632380216
2.267083264,1.34668440145584,2.12052674443698,2.21875219465385,2.52490473376599
2.21286244,1.18436245490144,2.0489404225004,2.37044936495622,2.42924102773497
2.551070628,1.34068237357967,2.08614705660134,2.52352079767889,2.26227779104118
2.311743644,1.32574007719282,1.94612923982244,2.1009446532397,2.34089341985153
2.363336069,1.34181394764824,1.84265945759155,2.11177476387719,1.73536434253453
0.888048055,0.687749136707421,1.11260326851541,2.41718211247301,2.43102435783608
2.546898733,1.25249975772919,1.97617054223287,2.0163456716968,1.67873313824312
2.24638377,1.28604883362851,2.07666060334232,2.15269928210672,2.29599186850606
2.179404237,1.06650837849379,1.87387775453246,2.07599714423222,2.49037505173483
2.981440219,1.24411920459543,2.45298403405812,2.17312493975743,1.72025157451223
1.096029164,0.53458141286476,0.854321460038594,1.76449294222753,2.49005716317166
2.551395437,0.70005552457356,1.55897040589049,1.5628580627409,0.508486225868591
-0.677400929,-0.304879775179839,-0.675687826002677,1.89698357283103,1.95943749581644
1.4815392,0.673466373914113,1.31202809521456,1.54133466281077,0.84549168710345
1.946896924,0.882042366456284,1.75074008154704,1.46391828332959,1.46714711351536
1.743333672,0.621178290040153,1.32117373502758,1.49831378473393,1.67336633217693
1.334787491,0.620564466766358,1.14417353572513,1.61869955865,2.12335848168564
2.790063482,0.904487691776334,1.71923919626537,1.58166085559154,1.09051571107137
0.51407606,0.517366945456846,0.408571453878795,1.86243200990522,2.44424848543781
2.45248285,0.916481393047526,2.12665166599774,1.40056127755263,1.15317911137746
1.660431364,0.569069662343394,1.37717483928284,1.66550831759461,1.33994989086848
0.17825261,0.30062024146521,0.148247662060402,1.63748440448328,1.93865959681498
2.103094817,0.882592087205702,1.72181160211867,1.68519511285114,1.36350113572372
2.474220798,1.02875188023066,1.60438253020942,1.1094507057337,1.62809054127418
1.63855091,0.68857452832451,1.17437145214403,1.21447598485799,1.23583818012584
-0.18017286,0.014576443825517,-0.234290288999746,2.02110808140732,1.68932850964714
1.492637254,0.705924332775493,1.36972472288342,1.67191418213348,1.25545551840823
2.689362747,1.26768706287183,2.1510312987119,0.914120093762122,1.02824421221918
1.174634695,0.597251706278708,0.868441171345662,1.12719094682355,0.482641092532287
-2.183279617,-1.55568341527356,-2.19910199256134,2.1446235270432,1.82714803842717
2.055369243,0.747636514429968,1.35043542830789,1.79207891691311,0.964588264502337
3.85126562,1.78925767218711,2.88896958231421,1.69508704898174,1.76975163985517
1.844807994,0.986403169338436,0.87655841102082,2.24346896307121,3.32139484731125
3.253849361,1.60779226463297,2.47871110421492,2.32292587775599,2.30743078363603
2.86716255,0.135640798973275,1.70568614058007,2.39950956615432,1.82347532965731
0.393690969,0.112138668448905,0.0670424847611415,1.59473749493911,2.22505917415525
1.859164545,0.0612107282221774,3.21752126831373,1.8813894973606,0.286172049460788
-0.743354565,0.177121693939904,-0.358942497991405,2.12214841163017,2.29769760653008
2.623818379,0.298891834952208,2.02633457159966,1.97613189943845,2.04254251004669
4.845812913,0.76237350598506,3.15793276097895,1.73288200082767,2.23242439909364
2.364852766,0.737826026144915,1.74881909752048,2.28726356519584,3.15987471420224
1.800718458,0.522532750914505,1.37736738549713,2.37742098211119,2.48533801783064
2.597162741,0.998756635943559,1.95826541774815,2.32932144608191,1.25222813488342
0.183518894,0.200277296665526,0.0216322897232196,2.43752837775951,2.63711619868954
2.808361598,1.25005576138744,2.39996322061322,2.05733692089163,1.56374425143469
2.766003131,0.940017734148643,1.94279247456796,1.51154217997312,2.05313590797822
1.981470978,0.543233479963056,1.71401392845937,1.57429046425912,1.21242731512945
-0.901725872,0.191931401520361,-0.0992161163112978,2.72998904230404,2.61417084422953
3.049159529,1.40593946124268,2.87584032069907,2.28709064155897,1.58727874633421
3.652215404,0.936896499695685,2.37485843463095,2.35422525956134,3.00461141999361
3.54870681,0.893101460814483,2.78581235068789,2.41549578178214,3.30371492969458
3.338563562,1.18728056335212,2.55116483099446,2.98255952757094,2.72467064154305
1.82511119,0.345379748400607,1.09201051679125,2.54693701519827,2.88149869097433
2.74584401,0.800311070658815,1.99693971612117,2.0112389717833,1.22891106787399
0.143738455,-0.243157422539332,-0.00856482521517555,2.38256909102516,2.25148481596005
1.721470418,0.542529195690878,1.3000579046914,2.06534067591342,1.58354564998958
2.698342732,0.764349902635807,2.17643221846564,1.71949496555605,1.95419540553818
2.683357571,0.913871395903888,2.96532522404498,1.92878329215671,1.55087969161433
-0.007261567,-0.143800382652993,-0.0642389294680203,2.62203459331646,3.27437875811059
4.112574369,0.945299885502826,2.3602918648035,2.16015069218795,1.50732224172276
2.764757188,0.492805251528181,1.91476399314383,1.86214528004005,2.68389250288943
1.901784723,0.412693996055083,1.33404760502386,1.90031703149116,2.09657242982796
1.21054007,0.665041193640087,1.06385914426176,2.37598537261613,1.96089338299856
1.885650676,0.862475096454534,1.54347531719723,1.9119811908345,1.56822135181279
1.792822343,0.767785441981758,1.19031485371862,1.89678620863135,1.8227700299688
1.736109224,0.683412189456422,1.40134062712193,2.0397887457197,2.11892793489835
2.467403026,1.19382218914982,2.02591636982912,2.02786675314725,2.02687351941697
2.345247072,1.11841217731185,1.70685629075522,2.03637833758712,2.23107061298625
2.154680858,1.19715761502421,1.7597391353124,2.18437146218721,2.07918814105434
1.679602306,1.0360312617137,1.3705065552124,2.46830022344323,2.36943007503972
2.508333436,1.33526058133046,2.06305357527011,2.21996077069719,2.28751091093492
3.038150881,1.58743275063326,2.11977706514608,2.18089537726174,1.98882956376401
1.445902999,0.796798928365768,1.34402031698951,2.25733457833665,2.64855155103177
2.607171103,1.38319431466874,2.09998892295332,1.99757426910065,1.29856717408287
1.119342219,0.397881135018076,0.931999069053065,1.75373887819434,1.15132751971756
-0.561887201,-0.262555353255113,-0.649760112072595,1.92277400988472,1.70660826218551
2.089261405,0.678853353301546,1.39420719456858,1.01409465159191,0.913234401100831
2.52890865,0.721096732372178,2.0453406173128,0.495720564128225,0.721858506551649
-0.405006756,0.0798090922100628,0.302680654745569,1.19124593728997,1.38504935009658
0.066736493,0.322922842471024,0.100235109907005,1.56697916335991,1.0201282784636
2.092504402,0.63589973961041,1.76117039980669,1.43144625683798,0.844804207966322
1.597579058,0.500088862625604,1.65290874350255,1.20553109378974,1.80157894611102
2.350642097,0.630105617300205,1.64745362243759,0.940397963150049,0.20464286919759
-1.090344125,-0.348427458565575,-1.12499989905541,0.842143860481185,0.155254490638935
-2.448313105,-0.981456320120965,-2.25486340747676,0.385957125831319,0.203556582828959
1.168121019,1.019014871194,1.59138194924704,1.07010015687226,-1.06869370950745
-0.500614019,-0.615400875555894,-0.447157233765976,0.416309219306412,1.86082964082962
3.169100409,1.60824448358425,2.65141511666706,1.40057002402428,1.03943425384518
3.080477018,1.32930986478832,2.40217583488748,2.08206745775854,0.609060897705137
-2.180141514,-1.09274751001248,-1.94215684557445,1.96939306602261,2.9297171505029
2.840168954,1.51939981688668,2.62430737314073,2.7888283070971,0.732205735008227
2.572539387,1.27168871957948,2.22140988854694,2.60152477464503,3.36385034572008
4.884603929,2.36192593745837,3.91328805008479,2.06003948781295,2.49689068626978
2.465483722,1.1202901296183,2.00342207977349,2.63414986020579,3.53322622359815
2.712050259,1.40202327374402,2.30046675063374,2.54486041947395,2.15913157522438
1.408551188,0.499228433862557,0.951583659526027,2.58472593300708,2.51356814709095
2.446879599,0.870782576194928,1.48664964692555,1.88380966514093,1.55403832103219
1.652106618,0.256767663861148,0.697517260321027,1.59351951103665,1.48810189627976
0.569723436,0.195165036377893,0.235646025514117,1.32228901551354,1.44662066440133
1.396816329,0.44749505135028,2.02806776041846,1.11736901793208,0.218829491261594
-0.585299984,0.291628669297225,0.123111930430977,1.29576260841747,1.27760127781689
1.274024713,0.278075372442613,0.865705838655696,0.330496820718752,0.425674541017652
1.573574916,-0.13903968899755,0.38812582771079,-0.0624743774763593,-0.092567288265252
-1.333594457,0.0813345513415552,-0.143432340665351,0.685014294012396,0.450409027278827
-1.136813262,-0.320410308731185,-1.12980084953242,1.35801912684704,0.79223168562981
2.480009977,0.838070450571269,1.96251572985438,1.49684115587463,0.735435804334803
2.622773908,0.803549446639407,2.20432121250128,1.35787911545844,2.11948559491439
2.485406314,0.953661732345136,2.15267935877878,1.73585181604563,1.87241707269626
1.19412216,0.488411567477214,0.717579289544079,1.99632326377769,1.94228968673582
1.414412728,1.08731016839812,2.7353630655399,2.19274793164835,1.33222421861989
1.033095486,0.434102330256041,0.915257054629462,2.09415835285668,2.03019677030763
2.711511288,0.968242719729566,2.26619890288604,1.90075541320018,1.693997428614
2.33038539,1.01730494663609,2.01874218437316,1.87088345467274,2.29258163386469
2.734786742,1.35542677272961,2.48818207738089,1.31012646635176,0.483293402851303
-1.617016409,-0.534568349060343,-1.43583211570924,1.51097728503242,1.30624068361057
-0.263901371,0.419219837994864,0.669437782958002,1.46879685749983,0.0455796930574245
0.795241024,0.723582063128602,1.50307468897713,1.7738556834038,1.10928263746899
2.629850016,0.849241161672521,2.24036078042943,1.53332199137658,1.48842026356786
2.31633303,0.832815647340778,2.08243008625437,1.88773622488635,2.45646051830855
2.654353083,1.02853046615424,1.92144197423584,2.03889009312699,2.25331845279551
2.240202657,1.50490371830438,2.10619812413354,2.23907654731752,2.24988448944657
1.932582474,1.1257745771611,1.68511115531411,2.17661971531113,1.99041115898072
1.587654864,0.941861524319294,1.32177682706429,2.24648539925449,2.11482647516276
2.208046747,1.23030064125569,1.82056542198684,2.07840346449789,2.0431782456885
2.497900698,1.04235741790886,2.02453180491241,2.01834584915122,2.11399232858006
2.126784378,0.851175987329011,1.75058559954782,2.21935316467386,2.20821695005593
1.917527315,0.504967943529394,1.50296404620038,2.36160172482174,2.2353861784191
2.258701062,0.692614110485322,1.6810541202689,2.2251450507362,2.23400897909054
2.665563982,0.851239884262285,2.01891604187656,1.82669265699018,1.92798744168413
1.795191913,0.903016631505073,1.98864425300489,1.69771467466416,1.68714365790293
1.100409718,0.362262800240235,1.07879050838667,1.54999463707716,0.428344097872174
-1.572002151,-0.660496449905902,-1.37932313803751,2.11334889063646,1.53635651754972
1.565283696,0.470113338314156,1.65251405615525,0.875574323443853,1.15569279926838
4.344399432,1.4959888900807,3.35214285486514,0.263578809815747,-0.182822446904713
-1.971874682,-0.275016578214952,-0.949189650297786,1.08916748885112,2.44414372888416
1.011345239,0.513281582128835,0.975888809700147,1.31475342408107,-0.00764518994303776
0.858709437,0.487726569424192,1.43572572916688,1.5649738711804,1.51844075273484
2.386502947,0.483046524435075,1.73438445328415,1.09809982570341,1.46105366535476
1.992854634,0.76864768130265,1.23208475186532,1.56090161381479,2.38976948719431
2.90610958,1.14183960368542,2.57171174586893,1.69178251071158,1.52689869875584
0.839041045,0.454550689893136,0.896118818488904,2.30579430859061,2.4661830177267
2.1334519,1.08727250251507,1.81834720515468,2.14118117510229,1.7174673952367
2.29839842,1.26602555129188,1.94104401021103,2.03885524436792,2.16510681835879
2.42099429,1.31658159729933,2.08557332226679,2.05354852963549,2.09027147247445
1.817842067,1.06336894416175,1.63133264643276,2.25650115409186,2.47883761688555
2.724822634,1.42776161518478,2.24803483061857,1.98484064348782,1.77219746621205
1.702154518,0.539769811894094,1.25302850919351,1.90310583068856,1.94485040856867
1.241829351,0.596458779617277,1.27644879994678,1.9573815189604,1.6930062672296
1.472773214,0.64406857190395,0.855674763772171,1.93686234237855,1.65556312319551
1.97314499,0.710281629193245,1.73450573095727,1.58467822968751,1.73555468995138
1.982655113,0.353146890543696,0.882041332258134,1.83305229359201,2.06191450203431
2.232262206,0.427781070253855,1.54505416206127,1.70406276521599,2.08965665262497
2.447981785,0.991607653886677,2.04119179838198,1.9821800371297,1.52660183630318
0.580452795,0.33768250302506,0.841311902294094,2.13416011379831,2.42831124361718
2.671163911,1.00070722118257,2.32980925967649,1.75782007435165,1.01502142159667
1.054683064,0.480342544770979,1.06962629829645,1.98107699455341,2.12864039423375
1.85326219,0.917052055172581,1.86841750590634,1.68932169980084,1.57205734920835
1.903252292,1.06214919180334,2.22912247919206,1.9920571348548,1.78235166165896
1.808541683,0.874132005293767,1.6730104865766,1.69231930076837,1.82078151471566
1.854048665,0.932072083819897,1.74116500789885,1.65633725307561,1.52088965835983
1.25755085,0.658746000438095,1.09038327564195,1.75569443457647,1.43530568941485
0.738460705,0.366485760917857,0.366624344254474,2.01953499544742,1.98711340858526
2.468766519,0.653359645004581,1.9477752442524,1.78741586554497,2.17977787074785
3.865088958,0.96450819650244,3.76565892168716,1.83160963106914,1.92661672306357
1.46275362,0.894361871436797,1.79174365257879,2.52438863653669,3.09944750354179
2.596813841,0.754812822418355,2.23063800506504,2.52792878842436,2.1349699506706
2.543836082,0.711114353929996,2.37545895781927,2.46876988155729,2.3093228915484
2.18685691,0.708557714477349,1.84297387452593,2.17107105318957,2.21509214889909
1.926756512,0.986028028578412,1.54631264545637,1.95692664778121,1.98189486412228
1.906907814,1.16392788124893,1.71541993203279,1.95734902691316,1.33326247032262
0.45754923,0.448783009406162,0.370925827718886,1.90583671927137,1.97278159539409
2.115437179,1.33090912170324,2.02759504695947,1.63045688077776,1.1065160818618
1.568388813,1.0491585894699,1.47305392462885,1.4545403217834,1.62856749965201
1.467534821,0.764074942519839,1.06433941657702,1.33325308007605,1.17614818217906
0.429296969,0.1430365097509,0.283261662251158,1.82214109552499,1.97659499078115
2.56195868,1.3559720092759,2.20184720592045,1.72497765516337,1.24555231933059
1.854482659,1.10186216931516,1.67520743880523,1.72910931525418,2.22128603389384
2.400666513,1.46695894130553,2.13103025610454,1.73097812289454,1.41121752525393
0.726864758,0.40775482960766,0.69894161195215,2.11677974173629,2.12540349862422
1.894810543,1.44267107143715,1.9403795586663,1.8966214003443,1.52378068404129
2.112661535,1.36429758164309,1.98973537521202,2.00835259528947,1.82725252293038
1.899801645,1.26909446897271,1.84536990491636,1.81511446304199,1.97405484346419
2.062318145,1.13956902999749,0.364532400588458,1.47588587483458,1.41548125138979
0.946599519,0.501368768056325,0.721417266028544,1.77328838750415,1.36154557787609
0.613928562,0.360622519219965,-0.234146611113071,0.743871890671825,1.08835909786401
2.291803177,0.423994378086677,0.895366964320651,0.247398295388293,-2.5963541625179
-7.215303514,-3.69979431778158,-1.86843601121395,0.249511624248652,1.86730425167771
2.737508844,0.123279498891461,1.50143167556255,-0.932250607918553,-5.05840852707597
-5.504516187,-2.10909653147931,-1.7710325557455,0.931392026492851,2.02113276176905
2.655519899,0.643413821517208,2.37087384194898,0.957293950463277,-1.12396764408591
2.290761661,0.845670997318034,2.06350374555418,1.72286274177461,1.68132786744943
1.774689096,0.687043768476764,1.60374824735366,1.77846599529432,1.97985844134812
1.784532862,1.13843555768267,1.6107327030975,2.00430290072487,1.77683540462791
1.635170186,1.2091548169805,1.51686206129363,1.92169985260296,1.98582072832277
2.22007707,1.54825528740378,2.07891424907406,1.94184838165936,1.80380607922439
1.712683862,1.17437241722547,1.70192469865341,2.11024719054781,2.71012272798794
3.500024723,1.85666719377749,2.94564268193875,1.87615652151991,1.91882320157449
2.135955056,1.13315796104073,1.89660251125735,2.07835080613916,2.44065186311746
1.523763609,0.818452883458517,1.24573339560964,2.19038856866003,2.29955282166348
2.334304328,1.28532548405439,2.06825202616937,2.31235946646841,1.86399671562498
2.054961014,1.23767955222913,1.86549550334353,2.12509558447387,2.25067877817755
2.272292727,1.39540214153113,2.114145385578,2.10531765434793,2.17292884137976
2.28771282,1.18936534856146,1.74825702782458,2.20558471791911,2.18798497727488
2.154729859,1.02625022853543,1.78858794247074,2.02051587451695,2.14332275001459
2.329386969,1.37306708630772,2.14491257323886,2.11092771841297,1.17204053763845
-0.173060269,0.250404172006974,0.0197275925159143,1.50122684581495,2.2115981545995
2.496761856,1.25581641148719,2.35127762907546,1.51007391003111,0.0823967577981734
-0.285176046,0.437283962732879,0.474843298453735,1.40261571886639,1.77146423132951
1.271616943,0.758395113780114,1.4147334714225,1.58089940343366,1.07363872155592
2.119835145,0.912171312185516,1.75874533895821,1.79372047999203,1.43030948693918
1.648653851,0.652078689033477,1.1704701301245,1.34873873409119,2.20397422764583
2.631963993,1.39970323827579,2.35107844492349,1.7561754214352,1.5316098022577
1.225517724,0.651637156993777,0.95910512579894,2.08896152004203,2.33005876813387
2.235058676,1.08683594905975,1.77468001936624,1.61643755654167,1.60334629893707
1.974816569,1.23532641320956,1.94643314693426,2.24683693624837,1.43108397705456
0.360002219,0.193681996877162,0.297196051177965,1.99673486847557,2.47814089888816
3.056160377,1.67300451399422,2.54275385778444,2.04239206409071,1.51275013678124
2.515440375,1.56633407747483,2.2868546712288,2.00186656372756,2.28473381305386
2.010253364,1.37594926857429,1.84177642990508,2.32867746199217,1.84489068151965
0.887958009,0.615578706938432,0.844977152033201,2.30218990294065,2.35697839875014
2.777196487,1.41144088477414,2.35211702960901,2.11016090892523,1.41184561161958
1.638009072,0.950391012387514,1.40819240068971,2.06269214693285,2.47104074227204
2.401870376,1.15214844991493,1.91611154291198,2.0756818448875,2.15005036747089
2.626424765,1.49863286157293,2.38294673034424,2.27470861533889,2.1444107535788
2.090840371,1.27464616819472,1.92506333045114,1.95740805327684,1.97084945749541
1.39540644,0.794822686362737,1.17224114763831,1.85995014105248,1.67229586070479
1.040626293,0.638633123375419,0.806620183531898,1.92586151476988,1.74210693102508
1.921286641,1.28424712515116,1.68637101600736,1.89170743951085,1.69012576984358
2.303659867,1.47529054713287,2.06412070660241,1.82289344055603,1.93642315917118
2.080827479,1.3305506231954,1.8216910227919,1.92914372445519,2.12879193298917
2.094134366,1.16647883461906,1.80884210985187,1.89197188202259,1.88324702759887
1.934435593,1.16485419374993,1.64074549459787,1.7719661766788,1.11223024370568
-0.05431792,0.0120091332911266,-0.206055654194301,1.75852111451132,1.56358969337389
0.970345931,0.511497446115364,0.715280866560364,1.71469874664606,1.26961111851517
2.280338878,1.31293592210891,2.03217425986503,1.85209315357224,1.60889697628825
2.354974595,1.28656698640862,1.92389190719193,1.61284510804403,2.21461602835598
2.413789159,1.53824350275598,2.34703408402897,1.94318133944096,2.18886446676557
2.178956774,1.47966897255262,2.18229061301467,2.06667348181191,1.91160903059155
1.362299361,0.902761000127501,1.331352301371,2.25731911006025,1.99511345538025
1.661332004,0.909591895977957,1.28015513318732,1.91693115492497,1.96499294560989
2.600784355,1.30752217754415,2.08164354438178,1.65763126304464,1.58279795864237
1.510606151,1.08474973342528,1.63987578484049,1.68911450893306,2.04800797070804
1.691939585,0.966116161131327,1.60529629728274,1.69261388720498,1.49899529870335
1.343351583,1.0205945742134,1.50367883021249,1.83867034587894,1.5224216880119
1.241266761,0.862571571825647,1.09162399351393,1.51587882039125,1.7100889953382
2.160449618,1.39981587625725,2.00519177708037,1.4689518336767,1.26207068649051
1.189451957,0.843644379746553,1.05295951957707,1.60242466482958,1.84269611334378
1.598382233,1.19898738177529,1.66620611032946,1.74676628279852,1.66006022619795
2.094674113,1.43305635423192,1.99283480809825,1.68624648385628,1.52697266743151
1.546404539,0.981470003714189,1.41532403383844,1.56077066177913,1.61908911075759
1.068497305,0.865964352689412,1.08626070171384,1.76041499349258,1.86195734728828
2.177976609,1.28292949758883,1.89706881440575,1.68254220557926,1.42889683236222
1.703774503,1.07158067101373,1.51228925385403,1.59677594280036,1.87509611827316
1.75939367,1.2259372784423,1.69095215698344,1.72685400810167,1.64512877919697
1.484329687,1.04014381195566,1.33872187947966,1.87861557739088,1.80176558430616
1.831672917,1.34432917913053,1.88878805333445,1.71310296128479,1.72406841973489
1.989456822,1.14923486585853,1.60255406053237,1.6646974984366,1.66515078093431
1.504469131,0.931355191130125,1.30662671781009,1.70516551494054,1.86510121352749
1.747328794,1.01388401231868,1.36418439510384,1.81399688581173,1.73983477721838
1.844751139,0.893135180612217,1.42589268353584,1.85633652972093,1.9904666141847
2.350892136,1.31617725421721,2.19402322483077,1.63532571121915,1.7849047022974
1.843230243,1.18213077431067,1.68582762685596,1.59148816848749,1.72547780211346
1.139924792,0.818319433981513,1.1151231404309,1.52990151919963,1.65317259003488
1.407473231,0.950365268000741,1.31721588545697,1.45586827995427,1.30218252397521
1.234024271,0.937714133756885,1.18563452071204,1.48541108907397,1.69389336129894
2.098159982,1.30314628205412,1.86355621634445,1.36918485300775,1.36094335939029
1.466477353,1.05239991444853,1.39976332331438,1.48153782766937,1.71550604224044
1.496903399,0.996216455286855,1.36144164639369,1.61893987401287,1.39364646249876
1.017542803,0.652641329869418,0.710929949660424,1.91156751109134,2.01895539147065
2.528127575,1.65457472637826,2.16366442054187,1.92126485772604,1.82930824673277
2.630892702,1.82004355937859,2.26922826940817,1.97722649214643,2.26226843737795
2.309491593,1.54812713475437,2.09945072188068,2.02498538038688,2.12112475401912
1.725176445,1.1819359318895,1.47662177070988,1.9727789560308,1.81767899395432
1.212949724,0.804728271443373,1.06278298876563,1.74026078482629,1.75517757463054
1.819574427,1.26149489635855,1.74805740658334,1.62872643252648,1.1341691629385
0.847359369,0.719234948145102,0.841945108543161,1.62926669588867,1.6852513422909
1.545893434,1.01488937126502,1.40872066316761,1.34493177799635,1.53849084995471
2.365880055,1.50320948185847,2.21981210612415,1.3394905872938,1.01234335104891
0.449120546,0.184040357980692,0.225027450087036,1.39815369969665,1.72131206000297
1.166081958,0.747619743312052,0.973816792570593,1.4629690569857,1.09564708476958
1.42261907,0.871461631366466,1.23743504935545,1.43642113389068,1.43546047591027
1.656702399,0.963156292436654,1.47391849110499,1.5793740867638,1.90085145673075
2.499741727,1.46510568423237,2.14909823804196,1.58875392051212,1.81660760517016
2.106546914,1.33260361598926,2.11030225412336,1.77567499020157,1.94449953822007
1.487418862,1.01163034939633,1.40849989594483,1.77802579646069,1.93189952071976
1.753814364,1.00049826534954,1.56964500057029,1.76640636572235,1.55103398902618
1.458140783,1.06404047149592,1.30224031755842,1.71327083104271,1.78592601650892
1.894018471,1.3518114703714,1.93178204993771,1.45961765176753,1.52687322647482
1.649754913,0.982419064727136,1.44400164223857,1.57664476603049,1.42651256984794
0.802530091,0.730243025119729,1.03540358246176,1.7182716899402,1.95956638353874
2.343442762,1.34362535711663,2.0941789700868,1.7090621566384,1.29923295370881
1.604290991,1.16072592407284,1.64685970881917,1.75119098125311,2.06966615863553
2.051845008,1.20606361868803,1.93994354586539,1.75738644769795,1.7188200134395
1.758737665,1.0866889352133,1.46040288318246,1.88228493944565,1.86249494676167
1.71389621,1.27763242670891,1.65191816228956,1.7645619779287,1.80258808206793
1.866658108,1.14768413688491,1.69510830345035,1.69823498534813,1.61016400741455
1.663949953,1.00105579882454,1.37383671166438,1.63490314164436,1.18940432875886
0.289253963,0.0776518827416844,0.0636314853438016,1.84368828835029,1.80401966557321
1.853607182,1.24617536108674,1.81683725469966,1.86456859812386,1.38727245667692
2.213411164,1.20071871200525,1.92162329979607,1.92126976181155,2.13715429880454
2.656397725,1.65907318664428,2.51898660835184,2.00894166529974,2.28411625387221
2.513544792,1.26519611582243,1.99727979606899,2.05997786339809,2.2975904588266
2.119465201,1.25240635723066,1.98190346662984,2.06229788194305,1.98246963501849
1.625311007,0.943322730689183,1.41995198841789,2.08038795414252,1.29098624958874
0.023454828,0.128932415701269,0.0779290796532658,2.10104673534024,2.12748554164166
2.663813675,1.64789810118865,2.36784431332124,1.71401552416723,1.07869614004489
1.917130011,1.32384181383932,1.74271310236625,1.70130221668591,1.99204121405677
1.651952568,1.04428567035324,1.52137487083784,1.66194239319938,1.90202490527947
1.919746581,1.22757679893927,1.74356070131481,2.01767670240911,1.50649624008682
1.117078187,0.621805371833353,0.759924680797939,1.95867975575228,2.1535411285042
2.490929274,1.75590072232796,2.31948527056309,1.87286062848419,1.62600955470741
2.009071147,1.37505552282197,1.77346524461032,1.96266123644059,2.18996327277194
2.152767575,1.15442941634484,1.8857138098734,1.82417809900809,1.85277862037984
1.739732375,1.05190747233914,1.5006277025352,1.91879743817674,1.64814091376701
0.977500231,1.11125736170118,1.33357503444584,1.91667741994938,1.99160144943137
2.28543921,1.34085285558392,1.93306820032892,1.69701097570839,1.35422493731028
1.575770205,1.13771309574242,1.50756773475023,1.78464129793831,1.9481879107844
1.757628659,1.09878925664819,1.62667351283105,1.78348193795582,1.81008918292619
2.103765901,1.522553373653,1.96097540986047,1.99294451532667,1.45935791521728
0.967092316,0.740453171309162,0.829705672298366,1.92966150208928,2.20648380027028
2.404879261,1.59892269578248,2.17230331685802,1.98960969369923,1.62885138329142
2.099683476,1.3500693322497,1.81029886628722,2.19956149729524,2.25154815246498
2.257206306,1.50520402214321,1.99433493872117,2.31773327349332,2.29450390193474
2.451452028,1.5777791255579,2.01143007964795,2.29504907196229,2.41292795690296
2.699300673,1.79331696097204,2.36225233964837,2.16106381741046,2.19375101394276
2.151400218,1.36972286455436,1.85854501986151,2.14648832073716,1.79393091075074
0.851629477,0.538658300009282,0.591895186552364,1.9980325653886,1.80258882643516
1.244249978,0.910233138986627,1.1474796126523,1.96272073355507,1.59679984787557
2.127645962,1.27791369433368,1.95534534821265,1.5709705692868,1.69885779556859
2.315339583,1.22891463808084,1.91162376858307,1.88098171096193,1.70696030951301
1.245579309,1.11852749717889,1.51399198817589,2.04957521684815,2.34783826790622
2.436592687,1.46622772060364,2.1465863336208,2.26771546529087,1.89240975126305
2.379717011,1.37582045673612,2.12159548744036,2.29761268365174,2.3518347269803
2.420667084,1.38358047879757,2.05506979934617,2.37107350080861,2.39894015678664
2.405906905,1.64848093921529,1.51671730359731,2.45505554959175,2.49839592574942
2.617582815,1.67204581228664,2.18859866522352,2.45718900137083,2.4017812141897
2.417016789,1.42771582315905,2.10709027073726,2.36866877025813,2.43369618985743
2.700160881,1.68982973356738,2.31339375398266,2.05270902173834,1.17504864378441
-0.052637447,-0.0710082173792834,-0.0994446509778813,1.79132876498099,1.17276641528573
-0.79604834,-0.613956380166427,-0.90848935948333,1.64603408303053,1.38000153649827
2.461596669,1.27389460731479,2.00299471177903,1.85503426818834,0.732390519702615
2.070393544,1.30870897847986,1.83118885781617,1.78554811229156,2.0949380748792
2.21230568,1.40363016647978,1.94502432169585,2.05322491011329,2.06531847305668
2.063970727,1.50441194894916,2.04810644756665,2.1108752978317,2.15022852888581
2.163931137,1.41500634134996,1.87795684881972,2.07597319985134,1.9472950309275
1.711998877,1.31117732581758,1.66468951593381,2.25937496383469,2.26424941674632
2.335354845,1.38940486121744,2.03576645020183,2.19050035717708,2.19384543440995
2.62794532,1.67149696204042,2.2405581055283,2.24296186884553,2.37914970825259
2.55596124,1.59789775753071,2.19133594582573,2.23455441152425,2.39899266711925
2.291673169,1.4635061683065,2.0347001448533,2.30315181036216,2.2075633653262
1.804573131,1.21563533907155,1.75876349792511,2.37490160339179,2.24218972746629
2.098024587,1.39444689226845,1.77845046368177,2.27930995829963,2.17315891266985
2.46768118,1.61868027030535,2.18039963969742,2.22940497814433,2.25025154318381
2.469520756,1.37142276751644,2.165460449135,2.1363873866587,2.32210109872513
2.303241089,1.37192547115565,1.89732983976619,2.25653970527924,2.16033279867662
1.739935307,0.710900094495215,1.18195867478273,2.53772163245554,2.43518209573098
2.444392319,1.31303352514521,2.18913153020229,2.38347709306769,2.46661860501796
3.303089541,1.73526287833427,2.84740672328232,2.25323357950459,2.16799916331331
1.892604524,0.760514777606034,1.34538364421266,2.26809371008611,2.83147834318637
2.606827435,1.06088778831683,2.14815358497012,2.19962393065239,1.99694772666103
1.938358312,1.08732168951343,1.85033800077987,2.22420656428054,2.14268048675412
1.611305103,1.0294766681819,1.56910830127736,2.23148910231496,2.30549494699578
2.603140308,1.60662522093916,2.32093587435063,2.29524066640895,2.07491702234027
2.477735187,1.63712648059174,2.31509900929381,2.24491989621319,2.46539417217028
2.472208044,1.32851509779966,1.9245865018184,2.52236071361246,2.45676214733515
2.333058889,1.53403472873758,2.07393288997451,2.61274239345954,2.75213669244533
3.222290545,1.76529971500144,2.44984016858915,2.20236569219976,2.15218831367619
2.131980535,1.41602997756957,1.72713030083333,2.23005705025673,2.0066628373669
0.825279959,0.606785104727396,0.86199380473724,2.11063601325465,1.87062512283515
1.379230244,0.974022814046824,1.1130695419275,2.00053388067154,1.49803642258311
1.884939971,1.34963785823894,1.67241721869449,1.89622982205824,1.83479373163031
2.33208209,1.50855940177809,1.71661708678629,1.86290865166986,2.09612615958111
2.371153624,1.45576580483798,1.99514378419968,2.14118537633803,2.37721990271696
2.518346803,1.49936922962158,2.21685444982969,2.29973834896382,2.38132960978836
2.404052548,1.63234779267999,2.18208038241859,2.38853455614652,2.46605368238267
2.477296708,1.5556061428387,2.07924822609588,2.36646787385131,2.31781902643365
2.191199586,1.40317056119394,1.93193963807276,2.41635256592494,2.41939331639581
2.418331824,1.33972125433057,1.9103531602769,2.19724243844384,2.16589029462678
2.256403671,1.35294398148987,1.9741690652291,2.24604422528442,1.79887665104745
0.953187613,0.535611800963958,0.697880335397191,2.38242412064504,2.46207140965042
2.689745944,1.14196967742398,1.9933729230562,2.21878793104023,1.78014089453404
2.351063223,1.21246922920138,2.13812384789458,2.41476728295061,2.59651137857344
2.774197989,1.70266167156513,2.46556224538071,2.3571571938121,2.4364874003038
2.52573458,1.44391610441863,2.06830215476016,2.46413209556927,2.55279546098633
2.541600515,1.2289180881937,2.05454715489803,2.19256183277238,2.05046469877581
1.854479974,0.908832663182281,1.57119507305783,2.06938955761142,1.17445208266455
-0.578347482,-0.330257174497537,-0.745895889648851,2.31085667270047,1.9693699529289
1.80972736,0.726162190471654,1.52540006673998,2.27795994177148,1.37650854905464
2.998201366,1.27285642485836,2.37952509312228,2.19340993377929,2.09633448867644
2.700561552,1.24949020016759,2.18887316626386,2.35269015324507,2.68286367168312
2.655982524,1.33985089477084,2.26212914365541,2.52842774935743,2.46706318349002
2.317846459,1.35670499275964,1.74426778009999,2.53356370570236,2.17307206260436
1.561363218,0.89894104808526,1.07293930907313,2.2541484176016,2.36711546531356
2.448402256,1.52026704517093,2.18063524622823,2.4003128246647,1.7848550511734
1.766537583,1.06497888093073,1.37218959749808,2.22998708592772,2.45152159231183
2.595864115,1.41829590360572,2.24823504388095,2.25468112766969,2.13582765325149
2.468022371,1.46896020918608,2.21529524374841,2.32028523886859,2.31684729779642
2.171875188,1.23192737842336,1.83236879852405,2.13460152369813,2.24668860920423
2.232536612,1.14032157333369,1.98009801031603,2.14873117117504,1.52574421496688
0.571284058,0.184701961963709,0.373058125873515,2.59427533280303,2.27910905422249
2.045403675,0.659668065669383,1.64962788365451,2.44486371519137,2.3752512477442
4.151739522,1.87251357949101,2.93316932647715,2.02320083438397,2.26850900154192
2.881783759,1.11257753936738,2.37434683046979,2.04020191605862,2.65662317835024
1.564346987,0.953448860366665,1.67681908531285,2.75901559160142,2.09463760564695
0.818099041,0.319039044742475,0.867338859548436,2.61726949955182,2.46848619692576
3.477754488,1.76123291783359,2.68697013801054,1.55664277921112,1.14123608206832
1.530035192,0.42240648506577,1.44674027595994,1.73015573255896,1.61482288481976
-0.217451228,-0.219766961598146,-0.529907216069947,1.89199410857918,1.92912775820148
2.184940617,0.664431642422107,1.76477106813512,1.51636978893576,0.82572628111364
1.578917708,0.374172864450792,1.5580757636913,1.76754238921081,1.7000075912083
1.009596969,0.4218746711947,1.00913350314514,1.63917117291115,3.05337235194929
5.090044678,1.81778042007156,2.42748547027187,2.19521746233562,1.07512543420559
0.517873942,0.442939784526131,0.84079254967823,2.82158424393731,4.27505706413471
4.444809094,1.49559007924979,3.01260001360222,2.02725761574924,1.49009606553657
2.087380872,1.03908997706808,2.10771641231242,2.11258870778155,2.27898894737965
0.771267047,0.374221229207271,0.993206603738958,1.69907487475309,1.0403775766135
-0.56507479,-0.0136587824884991,-0.474164542640653,2.06629961025965,1.15568226658049
1.100994048,0.336213233804347,0.801784465892949,1.42186698522627,1.05267315481773
2.445420742,1.0042646849752,1.91145542124038,1.72246012015213,1.62941652922107
2.301898884,0.897416600572147,1.90840734680322,1.9545727810685,2.49136502950226
2.867647249,0.828962118903869,2.0271679165415,2.36305391773604,2.25598727943745
2.095136756,0.638909033352915,1.51340533140852,2.65362322203594,2.86649648149935
3.054732074,1.02379779195949,2.08969335303707,2.41668667149413,2.28407428832731
2.473885664,0.975524735368278,1.95827919533119,2.34539543897254,2.35361654969929
2.125802999,1.05634603958827,1.91587836171137,2.2206105281838,1.18403702576935
-0.689374875,-0.01034438869459,-0.474932724668743,2.44212604542785,2.4690167117688
2.928875229,1.53164577347983,2.22433702122477,1.82981484654712,0.738510683638887
1.712510122,1.05185364921542,1.59412624712794,2.04641579275905,2.15676106374743
1.763993997,0.873086109358985,1.47496971790292,2.0248407469278,2.12244591955047
2.443156783,1.32894536755688,2.14329021298211,2.21624143244661,2.03653037737585
2.335825603,1.22352038859658,2.06523321581304,2.08575714281899,2.22056430914639
2.070510054,1.05644591707319,1.79766521843357,2.19671874695178,2.29723723460112
2.251067337,1.11826204114719,1.67681569589672,2.27248939519209,2.20090031541762
2.250379195,1.13989678015627,2.00616494597904,2.22583567889959,2.39106226276812
2.580524479,1.40702532854164,2.3507311041258,2.19004081467109,2.24735478510603
