630
3.867467487,0.956274746498861,3.3805988740754,0.581402898071171,2.32328568434572
3.111352779,0.639832170695161,1.38417351236497,1.58441152867501,0.618612286793663
-2.803033938,-0.753726484351041,-1.32359282449974,1.05110720922377,2.39514676044818
2.642568818,0.885884084194438,2.6353230701884,1.76516849895849,-3.12083809752303
-5.689665218,-1.49248368404749,-3.53443966772908,1.34509616370537,2.70487575702119
3.786372076,0.93388413859088,2.9579877283096,0.696628339830843,-1.50286648125628
1.492882856,0.377179912733136,1.14885234317045,1.08848651817931,2.16225352725828
2.371804061,0.838672400691138,2.21084168287309,0.907923207009446,0.0629089538401533
-2.074835024,-1.31379793602866,-2.55638093821313,2.25080423147603,1.93280394962743
1.425204472,0.707481294253686,1.2947346193078,2.30149252892552,0.589301247126237
2.413424298,0.814035748035151,2.31431470907015,2.265537529285,2.33737203792583
3.916691144,1.05255632741644,2.43596622014852,1.67708092509342,2.25810597648047
2.414750753,0.883737014680576,2.15122259168382,2.33354074349643,2.70460191803653
1.718834253,0.816495703172056,1.47597284425686,2.58943252455177,2.26256601813782
1.977059053,0.575698797620104,1.72910564492165,2.56779932091584,1.7364896469169
1.444024018,0.447974117060308,0.853549416204021,1.88918169928825,2.29302084874078
3.105126665,0.811125988256877,2.86966468215349,0.92054123557163,0.721888485641939
-0.093887575,0.462082603316825,0.237246708238329,1.67005547860792,1.44276696142552
-0.487516079,0.216003711176147,0.279592217673178,2.16759390107484,1.61701149011301
2.9102398,1.0689973004493,2.34691668624189,2.1540461735903,1.18564506943546
2.726472659,0.99904844064079,2.18874484520231,2.19860161851365,2.59579279958258
2.717331359,0.841172667485819,1.9190824715881,2.13414285070628,2.88160753046347
3.385391312,1.06788793228184,3.23514240372153,2.22060454515177,2.0395253669192
1.48730193,0.470851957007359,0.800840731908201,2.3118531606081,1.98575391078368
0.271297531,0.465551292095162,1.69954976439356,2.7175598425016,2.40014145092582
3.068090607,0.781547106259016,2.42046434497133,2.31169531449208,1.69809486124857
2.958851585,0.709334108574654,2.63918521561372,2.02731213916176,2.63177890569594
2.793723814,1.20458036253458,2.46542552829677,2.27854696853406,2.14815749113597
1.14830607,0.608556007477839,0.874475979881631,2.72230657408767,2.74968374197676
2.734618039,1.31069176520934,2.35537831063073,2.76147137995781,1.90790321370165
2.216565514,1.2588172404581,1.87479123433971,2.39915422068732,3.04683145303163
3.793192833,1.75448807403465,3.16842951635416,2.5982455803522,2.24919198983358
2.030606715,1.08235024747111,1.58929734779017,2.77937822746983,3.47616467637627
3.550866766,1.61233008081253,2.92313820486958,2.83366524081053,2.36415783160215
2.360328924,1.44630079178272,1.95664806378414,3.08755721215788,3.21715950635618
3.089883705,1.51795847024124,2.03078257620028,2.93553383380527,2.75641653289481
1.654271219,0.95164895726367,1.48274204005862,1.55308137200577,1.30402039783257
0.847629663,0.790829553592303,1.47318191651336,1.93283200740301,1.90407988121018
2.071827161,1.06731184761123,1.78229514301611,1.91198911716965,1.83860303100012
2.748966355,1.15081906375126,2.11772208214343,1.76014969698379,2.19988818334426
2.627475483,1.29194954551217,2.35677101930996,2.37734080530233,2.17957240466206
0.877008843,0.599762706002697,0.782344412348095,2.97948088033572,4.61744670061412
7.268072945,2.85192256005103,5.93694006902984,2.42542360367545,2.00273978904557
2.857087055,0.893633910532798,2.02157616065417,3.06752767331616,4.6326295465037
2.675701016,1.30262257981947,2.50341189331285,3.50761484567776,3.82909217974277
4.533281272,1.79122962840665,3.57251858038646,3.49884314074594,2.80346424878563
2.92655854,1.02569203614553,2.50792814345452,2.86738828350278,3.26135833235427
2.46807745,1.00887045130734,2.22225971315836,2.61946927947088,2.0782058609729
1.061618363,0.454716905617264,0.999446310004931,2.52041676608635,1.70213119564895
0.542503214,0.392299250267117,0.513570006909348,2.2146219913089,1.89837224296749
2.592110218,1.47763912328801,2.37159152000197,2.03607844495477,1.34742018543054
2.038656042,0.964147695737153,1.93914218787937,1.96796501817268,2.17688809014142
2.472875914,1.12347982772834,2.08253065287391,1.86373699947476,0.874224265173113
-0.714997575,0.0472161149529065,-0.0791691719169929,2.11569358494522,2.13487057605578
1.880223532,1.03615517458531,1.95493303830561,1.75376374699894,0.736732231338878
1.706915851,0.828712631357901,1.56491789665697,1.79089291952794,1.67549394630221
1.629771935,0.789541926880294,1.47873819835751,1.88080043315608,2.19017060066859
2.743116567,1.26531353595158,2.22715729627187,1.94039939349217,2.03105625095836
2.547050366,1.1615166352614,2.0226330664291,2.0061031056929,2.15224542854331
1.642113896,0.794883119352872,1.27770285138333,2.08935456779565,2.38010877988317
2.257411157,1.21455169942603,2.04072599399985,2.17436557381836,1.8545923122978
1.917727303,1.23303550141617,1.86436902322254,2.2012272476891,2.09467775995807
1.991768552,1.36529315283605,2.03981915574662,1.91229926383907,2.01487918723324
2.279370957,1.20929729310451,1.88907215479761,1.8749232741502,1.44103802941219
0.69597557,0.57441293544477,0.673161890353166,2.03627257056408,2.13107764834004
2.037955938,1.24425994063742,1.5879860408902,1.90462972731322,1.44497296784118
1.8717451,1.26953427650291,1.6473297031934,1.94862299396215,2.17615520904916
2.611784648,1.19652535216743,2.30016609772465,1.95124693151632,1.80584188847668
1.523478338,0.847971022910713,1.48092277225829,2.48435405186366,2.73389161635562
3.081070024,1.19775505875395,2.10081544352892,2.08891047346758,1.99453534843527
2.325710812,1.19310664987519,2.04887659596129,2.33332701374519,2.57542576198076
2.30209078,1.18249932024398,2.11448490213741,2.17764579698229,2.28542833306538
2.332906766,1.27949861338673,2.23229119320896,2.11691987918283,1.76070442783292
1.377095585,0.979876792381515,1.37508249529479,2.08023567383949,1.2755149867127
-0.16848392,0.0913712823651013,-0.0828567881819647,2.1762960965084,1.97249233614631
2.403077143,1.27639566074786,2.02196900210198,1.61859838294802,1.31599018561407
2.701343639,1.69297301937187,2.32983478770004,1.669293572774,1.864625381526
1.530175173,0.870543064569469,1.16644311023185,1.77106460464196,2.5469466101415
2.652554824,1.52573793356494,2.40510637251984,1.81284746678846,1.6280460302001
1.794151326,1.1285300668198,1.79214569114602,1.71853825187232,1.38695871867281
0.17171832,0.15502937114209,0.00846661958825861,1.86534708075683,1.34957125296082
0.367652311,0.297057508806031,0.136525834862128,1.93282289536884,1.83337005463175
3.427967,1.49062672278666,3.0127263512166,1.52394395231848,1.26111089424257
2.134385242,1.07698318207843,2.10347549884441,1.97298844836808,2.58841889974615
2.170994171,1.14853177361828,1.98836250780266,2.32622197058677,2.33332110621443
2.420577174,1.2915651450674,2.32419457625742,2.31998665430486,2.25657242973654
2.542836908,1.16487043112661,2.1712870810898,2.01990974716896,1.75039472592624
1.006427928,0.435517787248354,0.482574308707452,2.07763569461725,2.12667899873285
1.712640735,0.826766955439355,1.44074129145015,1.79520549231262,1.54417728161356
1.940919828,1.06313695772636,1.86322533623458,1.63077639498732,1.50466747058372
1.350912221,0.623825366132346,0.906771476356661,1.56221691019624,1.68279172703155
1.389684995,0.922714187002357,1.3486614992645,1.73924380526346,1.67795822668365
1.968128973,1.17019808742197,1.98149505729076,1.49574442182159,1.53291939592357
1.760600968,0.941714809300488,1.73802355813851,1.68050630097424,1.51876934671347
0.884999424,0.762736630106523,1.0162307743157,1.80942465388306,2.23273427733366
2.837484435,1.92343873365494,2.55612498451789,1.89616760341949,1.42509842177584
1.699673917,1.1623219558787,1.64839496030065,1.9550600104454,2.57084724498617
2.730663694,1.50616720377319,2.27664761507419,1.87561174944677,1.76731423850301
1.635450337,1.15200968022665,1.46781367050881,2.22693012459774,2.34779956039449
2.110091608,1.14496179295432,1.93946897768261,2.17122366161021,1.9112913362827
1.933640378,1.05829670144632,1.76382866393775,2.2805781970919,2.36193532360392
2.79469735,1.30946109199523,2.08877382175148,1.86673612305374,1.93528396939057
2.015037936,1.20336598932829,2.04012444492021,2.0477990686187,2.01816126474947
1.302314015,0.832156830082739,1.23986965451468,1.78395954216817,1.92633279618001
1.814999627,1.11466449887271,1.91121528647141,1.69429505788594,1.36830337338622
1.323772231,0.842894748512771,1.37697312748237,1.60690446317612,1.50329512306608
1.076715508,0.850656559276048,1.03731499441629,1.82554633459256,1.81134560310095
2.269397147,1.06093996102439,1.68675693027717,1.63069725724767,1.57859594960428
2.081652358,1.17194080909114,1.96022310561974,1.72893560426312,1.93009357224649
1.741491128,1.04730548984149,1.59345020363186,1.87366597185334,1.98350807167363
1.897302742,1.04150017108589,1.60693363621196,1.94416643561965,1.79681762710561
1.766425139,1.21873704262831,1.66313260686549,1.96109112194433,1.93843562702557
1.975451118,1.13759610472794,1.69954620102418,1.95212472361061,1.94542447465544
2.1318661,1.02870783971868,1.73575703603414,1.85029775651416,1.95645461680213
2.251050998,1.27753194017278,2.18153080615686,1.74742792418224,1.22814929423919
0.14528254,0.286378188931937,0.494125403702558,1.93577219262184,1.87731038018676
1.463211951,0.711812948484456,1.25908052905355,1.68963589845527,1.16832166984386
1.999493675,1.11992495260144,1.7483580011959,1.66884494476175,1.25386927209596
1.034166331,0.524663547886086,0.839321584584964,1.56654551379553,2.00266676502088
2.147145121,1.17799511174435,1.9399608735666,1.73206122516402,1.52772279514329
2.001671844,1.16392657831637,1.93480873557203,1.83473394507771,1.63517881107557
1.244055704,0.873176139331738,1.21947700417787,1.61354774474886,1.71212111465106
1.45007403,0.764024149858323,1.11814905765824,1.64567933710332,1.31303949739437
1.179723091,0.770831140527592,0.918668315462634,1.78171395445772,1.603847483947
1.655106792,1.01291699478958,1.51093500577914,1.85003982541792,1.82486725222011
2.41038235,1.32759642604721,2.19220865349148,1.92770804363268,2.07015647175897
2.578805545,1.54278114354974,2.31162689389334,2.08742497187208,2.33957501116211
2.417991578,1.45741210609156,2.24639745321583,2.30638949491895,2.38949699352122
2.240121547,1.22772998685193,1.92854202101941,2.18524329104258,2.35026230036325
2.454819742,1.11360499060359,2.29646538933805,2.16145718616579,1.72922657661237
0.968942327,0.627972849515086,0.961711874636746,2.37292206144342,2.43174948555437
2.439459164,1.15302983817436,1.79632305575044,2.11894699675777,1.80337694673112
2.412976106,1.45013152283586,2.35315700700308,2.36455775980119,2.3532430331151
2.344801971,1.17213407350739,2.26969410061282,2.4258604220478,2.73362915387185
3.113533062,1.55736631956569,2.70236687386947,2.53081627592742,2.61561817802883
2.944575488,1.37139655632224,2.12754115511201,2.79123722232337,2.7559014491024
2.35960657,1.1762009166762,1.97369685531923,2.85764224378034,3.16626703135825
3.466538357,1.64388410116844,2.71576153572413,2.89761038931374,2.66745292735971
2.87368106,1.29176481972644,2.33494728127009,2.67100336354488,3.13560838592069
3.095214887,1.61205361027034,2.78059922258923,2.69812356556697,2.55769582257765
2.016916017,1.08508699383632,1.82471187514872,2.70768795807961,3.0738298893994
3.34248226,1.82323938106318,3.16128158434444,2.22607758806813,1.86957370373393
1.532393178,0.987154858925322,1.7694250701463,2.47197159399683,2.45564717704233
1.549306947,0.918606322585739,1.29443758835407,2.52590139245152,2.31260430528008
2.740888013,1.3012142686187,2.11194808640747,2.39972061586411,2.51799424953084
3.599076661,1.62255566368611,2.95692997650595,2.19721045465048,2.59452544396378
2.580988399,1.03180992823962,2.17758707186719,3.15913736002424,3.14860564055623
2.585235711,1.53017270499144,2.35412383875015,3.16408224848962,3.53962850108138
4.769356023,1.58868256417154,3.3907435506915,2.75295934013988,2.35100580306132
1.98977964,0.808832172656519,1.85207672505309,2.87646037188345,3.5775027962187
2.839613798,1.3327176195789,2.59550959226739,2.75081651520756,2.16738489054411
1.965822407,0.972021887912024,1.67483684370104,2.49212269413156,2.40315261654519
2.037941258,1.23564527883691,1.86558587722313,2.02134713074176,2.06540442582236
2.231102644,1.41601208341046,1.99994611593658,1.96456405770638,1.51709565038299
0.781307447,0.582503860390672,0.634174297329161,2.09049829195725,2.18492823125626
2.188366146,1.3038961814725,2.01581375511526,1.87973764500835,1.51961269487678
2.079011684,1.29640860082277,1.88723211253599,1.90699663805684,1.92998319881847
1.802559771,0.979778697897603,1.45518195197361,1.73766821581938,2.09624398084112
2.184813512,1.30498485217203,2.09449005024402,2.07136242990499,1.80983468447411
1.683178809,1.1810126887334,3.04055389352632,2.20683020819079,2.22187906647874
2.280205167,1.51635542983237,2.35777599743772,2.22836163569266,2.11580377194245
2.583230597,1.36703500476461,2.32980794725998,1.94263391624129,2.05055244084212
2.455651276,1.21393479129372,2.1363373530718,1.84006321504302,0.639278843474251
-1.82733618,-0.976948797889069,-1.54000075375165,2.30538486489127,2.25362289990362
2.019917661,0.960506433817507,1.69290783036102,2.00852754110661,0.488329142837696
2.213076714,1.10514417522045,2.05864332289388,1.56571522883164,1.70033989351884
2.011507264,0.888281806215306,1.83413119223145,1.4894264088355,1.56101974946717
0.824831603,0.712086589336128,1.14734685779983,1.96368744858824,2.04320537056749
2.153654728,0.832155081368931,1.7532473269296,1.93874932356661,1.26688526167628
1.205716559,0.580086325978545,1.34514039316009,2.13639649131512,2.67086247892765
3.546201813,1.50079365909647,2.93204691891574,1.78331385546279,1.81337474458503
2.344651384,1.11931677882208,2.27202496472332,2.5202532563599,2.64548181928354
1.914453892,0.778202955549552,1.70846767123587,2.63903377892003,2.74098467132033
3.107782063,0.874586939554371,1.93074787366809,2.34914048591908,2.21746600753208
2.590590281,0.906645121431174,1.9671925297285,2.35137820519415,2.25201527572124
1.421441424,0.67355353845285,1.27101611145738,2.44321171244151,2.50292290773081
2.301058412,0.854411130045583,1.61450437963257,2.41994248084868,2.15701373728039
2.706971246,1.19269456665189,2.36406890277942,2.58127750061395,2.45995884751538
2.674191083,1.23193414571536,2.29983973193036,2.51732047118822,2.81623415542899
3.241537456,1.12655686509497,2.76887377680982,2.40340765714812,2.15593325489142
2.031218587,1.14633379130294,1.68651820210256,2.5909446325065,1.30282975252635
-1.090676739,-0.864050269712681,-4.55008181441249,2.71715088718355,2.35833554441929
2.439464091,0.785087384480703,-1.06375605016522,2.01103077710261,1.17872659433141
3.136605778,1.3150936427168,0.085317263630633,0.877954354545293,1.95364187962812
2.347489595,0.483817951146814,2.12900948567905,1.45592081080527,1.24174463751638
-1.084335321,-0.800194372098761,-1.17705770019365,2.63947482292393,2.69227512664374
3.101522773,1.19812732745757,1.04352363540143,1.64204283719911,0.750067578909752
2.22810094,1.12168433352372,2.03404786846861,1.83773529841999,1.81681176349486
0.894728684,0.247785145623716,0.801435149129182,1.9679672921994,2.20498293016811
1.982392544,0.728956659686956,1.85225121003951,2.30162379580279,2.04469784320288
2.979554096,0.89268549000835,-1.22649843058595,1.80457699486946,2.44134339249295
3.393615304,1.42706851417002,2.97277417481736,1.62403737969781,1.89772081048412
0.856470843,0.235301933443098,0.474176769776256,2.26580712866298,2.51013856834387
1.552719247,0.708046947103301,1.18272816245824,2.34801238215578,1.92647198496793
2.615553582,1.47924356590401,2.27534687273492,2.17125997759435,2.10458999532926
2.762991172,1.59763863369177,2.4633680763172,2.21082977903051,2.41473214563755
2.366850291,1.39271314435789,2.058806190384,2.45082831301931,2.5874663815337
2.473584102,1.59249652607942,2.25186502277506,2.53449097479939,2.39806563804731
2.428979455,1.44005264674735,2.20869181334219,2.26683863164651,2.27398514821951
2.217197414,1.36764920746642,1.94969968179508,2.14817007220702,1.87714970607759
1.134499874,0.676639553868,0.839914879949054,2.42782920205503,2.30980682210445
2.326862505,1.33209380238032,2.19043404211133,2.22665477027473,1.95744908777828
2.602453924,1.23454514419178,2.27245121313817,2.36529724833464,2.42302823117832
2.458062921,1.01696840017529,2.12725378370622,2.4807114198751,3.21427647158721
4.319187937,1.36523544244085,2.99136348898314,2.18477449778758,1.96534135709256
1.43357259,0.592826566861866,1.07081141155399,2.1500075072437,2.82805662475523
1.87915658,0.804528533666976,1.69175049716911,2.14936437924099,0.96867655478177
-0.203802572,-0.297397986847857,-0.473104591660408,2.31846113904095,1.88843525295379
1.757773979,0.931560156107165,1.58594084062773,1.82166901553004,1.42611947911901
2.867415564,1.36664436079188,2.11683696963259,1.67310367807127,1.78068683543819
2.077725213,0.779697083413117,1.66202199593921,1.85014070052165,2.2823533026162
1.885871954,0.787911386595694,1.48028550021118,1.99085356499148,2.07593115904562
2.078116248,0.924546377647088,1.97377533397582,2.1268125830159,1.69668352741487
1.288635699,0.65902229444063,0.862313712346732,2.04106500277242,2.26221067137384
2.589493065,0.91999318535762,2.32902384605427,1.68899794172489,1.59382517417873
1.872644076,0.611310740893106,1.54742511588711,1.97782239243077,1.84620384335433
1.04031911,0.545317921901466,0.733774634860142,2.13863892867969,2.29873246350823
2.590127301,1.22107414958287,2.24388579452805,2.10297973953942,2.0633106473302
3.145954952,1.27263119578742,2.35092753554374,1.58172180709222,2.10646266652067
2.084918005,0.853429426248421,1.62700594844976,1.79607723248451,1.72283977510282
0.113932838,-0.0235013372912111,-0.242692519041247,2.50767720279339,2.17353115681238
2.024911492,0.798871686517431,1.42265703354015,2.02023348615426,1.54607620401646
2.981119608,1.3860812930549,2.47397869507727,1.22365610642415,1.31769895804383
1.333494056,0.599154579628243,1.12055296965253,1.31270332275773,0.455064770140157
-2.616910211,-1.57571240127195,-2.38418361443766,2.30402159382137,1.88672702291155
1.98203595,0.846618657876586,1.61241019422962,2.00479309477744,0.787518403269184
3.702993794,1.94464791470948,3.30575195405363,1.9630177037645,2.09141405177504
2.648562515,1.18984449274601,1.76554561551148,2.1713338610461,3.49568015296342
3.869288469,1.77046835551103,3.08895799482921,2.288160074558,2.53333471522501
2.412926685,0.85717662452157,2.62124705651044,3.36158128433812,2.72184576086704
0.5573028,0.141001451017236,0.321030628910635,2.96604682621431,5.5293328792054
9.646608488,2.15659234124203,6.9200877042385,2.29694297867283,1.2719643189209
1.486709129,-0.0604123827080906,-0.895840370899455,2.57476905860376,5.5503043070976
2.560150638,0.518151057409368,2.25741397669982,2.13270585640196,3.23871627544308
4.377941322,0.928299155907201,3.34692156342454,2.65246043093165,2.0865575347982
1.579511808,0.584481958228125,1.79123052307908,2.33756196335486,2.97735684465009
1.875282369,0.539957181620718,1.42701890585751,1.990393803167,1.83392169651402
1.863635721,1.00126898138701,1.73586691486255,2.2195311372159,1.36177295119505
0.466792873,0.251002500339636,0.295626219235474,2.037149301519,2.39974813451765
3.0711892,1.4534897964303,2.76813626367642,1.83453878452866,1.41107522295909
2.100526571,1.05430196523218,2.17553569649489,2.01383140018518,2.55642144679236
2.427407121,1.13279633569593,2.04261386539208,2.42940193698067,2.22176927179261
1.771374539,0.636064957044722,0.365104403910177,3.06387223926553,3.68131170214741
5.205857075,2.48699889769132,3.85493044170168,2.7600512483224,2.74975924132271
3.520524944,1.91979053400836,3.29765882257526,3.53903806390881,4.49361600777604
4.45830314,1.85592679482187,3.62473405663778,3.2170580025136,3.49081251751171
3.628284125,1.67846994240221,3.05627657252512,3.32070373488269,2.83661296266266
1.288439055,0.409619853216016,1.08600570606953,2.39692936317977,2.64737844503107
1.829343111,0.861896200811526,1.85401891525386,1.89228654696469,0.840792452300083
-0.241818813,-0.298896660066358,-0.534855906366663,2.06726109754518,1.67442588582976
1.270909612,0.566809275360304,1.23908101530907,2.16481820136688,1.58431020651638
2.897298878,0.958436429059669,2.39793977496245,1.80401482481732,2.68216820475863
4.939568426,1.16467947172559,3.93295110630175,1.73555632737395,1.5654452680738
-0.007261567,-0.119479299460057,-0.207735869489419,2.7362292652196,4.00006367396246
3.618383803,1.12631130247862,3.33230986339175,2.54923675585087,1.44672058961357
2.267324459,0.668653386983205,2.28658871367008,2.37045705725785,2.53434526539781
1.930693502,0.41526397790795,1.41447753105183,1.93426624937068,2.0333592700604
1.527558323,0.690577867535907,1.66286099291391,2.40310343163062,2.21528674490556
2.474141827,0.735683560952795,1.99402352951192,1.95810427386505,1.88561423195438
2.195269463,0.776067432478231,1.82862071939427,2.2415180772428,2.19407723717582
1.879283449,0.758153452470277,1.64180918347066,2.53215643909277,2.60165442870029
3.040499418,1.41929596620643,2.48576700621476,2.35051160498504,2.30358536225941
2.733462574,1.37344727818551,2.42416813970706,2.36016610846801,2.61594336794052
2.406485278,1.66875388369226,2.19492929572099,2.60194500421193,2.41865751893137
1.894878436,1.30392660795924,1.65758426075802,2.91753490218566,2.80252595852908
3.141367574,1.85016423628587,2.57697774943454,2.4921561892501,2.57623931111768
3.441041615,2.0669446691725,2.89949768906073,2.47258002312977,2.31033049384523
1.527062941,0.917685164103093,1.35074105341167,2.50243618220691,2.87036074302605
2.731717494,1.70768488988004,2.56972363319457,2.25465444537278,1.06369770146202
0.406644401,0.399619055444524,0.7587673826512,1.76608761861066,1.22414464970271
-0.444623786,-0.229028358536709,-0.557172433561477,1.7945468397618,1.14683627786695
1.342306189,0.698477561640924,1.54540156310797,1.1888252618032,1.26044509427185
3.258264019,0.825984623107142,2.5306407577076,0.511774749402971,0.614401547148472
-0.068645213,0.0728747133504308,0.186440898218924,1.30339280021301,2.08914980534945
1.103114972,0.452222752547346,0.980622506416988,1.69273212833526,1.20979778034193
2.062867278,0.648313270484202,1.72951179681185,1.52136015259534,1.44550486401486
2.06630641,0.400082127769447,1.36990183544153,1.13367850763698,1.41643397164411
1.137475764,0.489125847523346,1.47044504286353,1.38156609028947,0.898659959010047
0.071330924,-0.202738443283498,-0.722712267112264,0.615755231922793,-0.380042303896098
-2.532095683,-0.90123281764917,-2.45771700422848,0.46428792425301,0.523061967695265
1.004280668,0.957499771014679,1.635639769289,0.942649018377492,-1.25386188926982
-1.039318235,-0.640329117953108,-0.617625013871666,0.723687011418066,1.90398997205094
3.464409161,1.49389884180989,3.03178042273437,1.15320756064065,0.688589565890073
2.907813338,1.41008616644489,2.80940792795408,2.27841414728955,0.441168477955642
-2.904173751,-1.40552468159668,-2.66251807371976,2.08046494859409,3.20395362130186
3.512381073,1.74458769981102,3.12750952406393,3.04929071182406,0.738847909197858
3.137498331,1.48353973458383,2.72940214378528,2.87764072582836,4.15713343474147
6.152100447,2.83352645525006,5.20650587388075,2.40734700992668,2.88134421794665
2.619576454,1.26863060626318,2.3563052612564,3.27267277960892,4.4004915272869
3.308944239,1.62881659905336,2.88132281764517,3.04496169255544,2.5351178786182
1.904049432,0.619525419016851,1.181237160134,2.54696295709647,2.87641943950817
2.935879365,1.32343220686754,2.37724236436071,1.76810506747869,0.995390043180623
-0.25378579,0.0804872883309714,0.226183615777956,2.13455149854749,1.7292529494305
0.266211579,0.147348458898181,0.199346647686139,1.64208892163046,1.50378966748094
3.044692703,0.65626734176179,2.49768710853067,1.11171722043332,0.841031966505695
1.549688302,0.559058026332615,1.0111317245165,0.994094035289295,1.67299984299162
0.694123809,0.298765335953926,0.617084661392269,1.15401642806866,1.28766743332455
0.99112449,-0.10145805994706,0.706798968212002,1.23327311968737,0.496099149792717
0.039672146,0.177419814246689,-0.402119953424533,1.24239546118036,0.857745241373022
0.405112418,-0.305243599132809,-0.963218246781708,1.39942977859957,1.42933893991723
2.631418161,0.888233674611421,2.44853823246203,2.15613734369058,1.6614350617901
2.948231376,0.806722148403273,2.53309876124294,1.72123551800452,2.63220325845567
3.46598036,1.19315312325839,2.79264767414956,2.61808094382022,1.51105192343955
-0.610072096,0.0117235725218675,0.0315104835716733,3.03459111084616,3.98990381667942
5.109030219,1.61621983577568,3.13607996991532,2.3059545718087,0.870362045737245
1.632762968,0.503046290520319,1.12110283016024,2.48258437782908,3.3884993769013
2.45279212,0.915670336653689,2.40572610841836,2.4230008327041,2.18953609954719
2.279000821,1.08232197480905,2.14854767601869,2.68673209099387,2.53872276619866
3.284247629,1.67028773993891,2.96723187459808,1.65775226806975,0.798211412349387
-1.056288398,-0.599132589195216,-1.32309483022811,2.19710778896747,2.23075582920539
1.135851357,0.602153019828043,0.767655999882906,2.03241016867518,0.985879453250126
2.315749426,1.17600270143003,1.77934113482384,2.27994915530944,1.88789602844763
2.922743116,1.56499856986222,2.65977603512986,2.02138193304809,2.35220396760971
2.672629384,1.36278905063172,2.32756305967469,2.42443424284947,2.49675750067261
2.094716078,1.27068139658656,2.34595096655832,2.59297122059635,2.72280691000121
2.853256976,1.77716607285715,2.38386314495512,2.38506762319547,2.18752023156719
2.243119501,1.46962663036557,1.95797256177266,2.2504183355938,2.32312788789415
1.921897993,1.14431038037564,1.56173612967351,2.18192459472979,2.02489606544754
1.691531508,1.20129300907657,1.82856430656257,2.12408942926528,1.96564431470156
1.970374215,0.955394354869138,1.89423876046692,1.93011950655655,1.78426306717516
1.657308039,0.557977219263675,1.51921151495066,1.78520438948665,2.3838678576908
3.117962803,0.409167443550831,2.00384691344532,1.8859662978134,1.45621521061282
0.909454946,0.401040098073013,1.27225736140871,2.2742230099687,2.92108330397428
2.989337499,0.877179410872158,2.67853190887333,2.25978576816545,1.92504509909613
2.797899772,0.905081227890408,2.23060203308001,1.82350685765319,2.23776670128815
2.428077965,0.328814378867837,1.19161872998213,1.40888118005023,0.357523425822085
-2.805243548,-0.858337012289198,-2.18046430228011,2.81348296308777,2.28489321175443
1.687756134,0.581675021692275,1.70159293878152,1.90715574384481,1.17126812679855
5.015521898,1.62938704340532,4.14072680028625,0.907580705126127,0.871700309845352
0.472939799,0.0172845344284375,-0.355368290408755,1.21942791774548,2.91272820134653
1.337585638,0.718696391622617,1.37580405634817,1.8625305314828,1.38428165429556
1.77826326,0.540755201797068,1.43054608624999,1.44148748852551,1.28258977463892
1.353532294,0.381750375531207,1.66427736498152,1.64707791232761,1.24603775405798
0.374204145,0.656021021070631,0.968205418301512,1.8317682639024,2.2625511379167
3.430328997,1.7300704558701,2.99544905215888,1.50063016109162,0.940416545747515
1.168975263,0.506799300317222,0.86263600598114,2.04012765886597,2.69297220753298
2.343984193,1.29062120631619,2.06563857709487,2.25848284983379,2.04879051775176
2.647807579,1.47869590845169,2.20021300083412,2.39757830034196,2.4508325334959
2.748544422,1.50753652399557,2.32301219729801,2.42111457518047,2.47926071863638
2.277913207,1.13971475942964,1.96363604145792,2.46298545739105,2.82928369653856
3.250568712,1.55521701228334,2.70072788721955,2.12242482392487,1.74473099053814
1.169221889,0.54880244623088,0.977291597245834,2.13564452013019,2.06064315934376
0.88988849,0.599186352614754,1.01340137009169,2.05808345591373,1.56437140338451
1.63617579,0.68227039660477,1.2068786500491,1.74007413894304,1.41076124962679
1.97314499,0.734338078879855,1.85922471192768,1.22642714030981,1.33174987065
0.959770477,0.442405280674451,-0.439901334888362,1.77853222926202,1.98986122579236
2.040829489,0.556274526297745,1.79134273124725,1.5106871493188,1.67524371531991
2.542552551,1.10295424548101,2.3095456442989,1.93665519196535,1.24188915613347
0.171550826,0.172910922037039,0.352307154344249,2.36567862803401,2.68327225626498
3.001322061,1.17764422912487,2.50714969206769,1.92090116751958,1.48664269103565
2.535449376,0.77772344603372,1.62344307969255,2.26575737717952,2.33207138340041
1.83122141,0.860675670696019,1.52357253121635,2.15649949298726,2.87294182130046
3.416681826,1.35843972114761,2.6831731394823,2.3608140978406,1.94346250248136
1.915265433,0.913863718250121,1.79359613933769,2.26443872135827,2.66520170286747
2.280933892,1.03294920860393,1.97535038883227,1.99521811090489,1.70931078926273
1.301707719,0.593771265695293,0.885964914052297,2.16724624028648,1.81047529220724
1.070619738,0.396113896137332,0.508682061308272,2.45934521392013,2.24298225291702
2.496197258,1.13521027951413,2.42224334960533,2.71191468038736,3.62845635772475
6.42766167,2.20665104130467,4.96091681170674,2.60775954630672,3.36678922572698
4.735012581,2.2186955754842,3.67730383443341,3.330744562388,4.2968643262248
2.771360801,1.30848738956258,2.56138330456012,3.15702705533814,3.88306371361336
3.095835079,1.30626959163507,2.65162218040389,2.94047933060113,2.34041074337104
1.556164635,0.779345874616166,1.65419054230808,2.64429957749033,2.44068221887853
1.746157502,0.968726363524518,1.63499308306404,2.11052560662818,1.90003315713344
2.232131325,1.17279347847122,1.94708260890104,2.01085063056302,1.26157891468424
0.48657438,0.511283931197636,0.515179330703794,1.93145781581158,2.27250590324573
2.519477022,1.37483038006174,2.26355175194725,1.66882683621178,1.18029787348258
1.744591653,1.07749216226142,1.69641126716695,1.43189411937064,1.59379313282997
0.993309595,0.810064346900427,1.22951868808198,1.51033553967046,1.21405036510364
0.207341302,0.083763385894549,0.142646077938644,1.8875729284559,1.99614974238431
3.025299889,1.46293421861201,2.52775667940685,1.74548716868754,1.18311073190062
1.96537717,1.16618636442558,1.87170224824031,1.69503108822042,2.4847783815888
2.639617186,1.64234750715428,2.36237296520296,1.81736778457048,1.37211030292515
0.449633861,0.341302002632068,0.459330093614692,2.31529419187324,2.27015618590631
1.959727091,1.50810501295195,1.90865176410424,2.05167505989511,1.45226796174973
2.345398493,1.23878016933923,2.20890381209784,1.71287153048951,1.37501212510182
2.187694109,1.0400905031413,1.97473979265651,1.15890937748849,-1.83677066943063
-7.054111263,-3.38316722651854,0.155889465340877,0.952353424556507,1.307554881545
0.968568048,-0.409582387768708,0.793318989116666,-1.66325161920443,-4.1908837359153
-2.71644765,-0.251726387952022,-0.58169365690986,-1.53414691988886,-1.36512279195166
-3.66121023,-0.659283965107619,1.78450255717033,-1.15519282626084,0.206320551197138
2.843578464,-0.888009008513193,0.026496768250517,-1.65435000658695,-0.700313635925093
3.148210116,-0.377301586828768,2.35467322265056,-0.993327960565902,-1.108494420724
-5.504516187,-1.35428575176249,0.510015011128224,1.54316732057312,3.36119412471934
3.998922204,0.513940776215924,2.86033993231955,1.73976180533796,-0.911337330264476
2.5237468,0.698927275858538,2.28570100000583,2.11108904597046,2.27266826996015
1.752015717,0.549633293455806,1.65436238498992,2.16213778442022,2.25355669884961
1.939289099,1.09822601168638,1.69215996930058,2.36885756386263,1.93151892439907
1.87621005,1.27837725952271,1.66147512313182,2.14074793086267,2.28148117162386
2.68696023,1.79920413520545,2.28560248364465,2.21728345288506,2.10806523532894
2.04106381,1.32317301565332,1.72000185940302,2.23324026958081,3.27187112197189
4.384401999,2.61572293402933,3.60985515728518,1.96857407559409,1.89443784771411
1.699536918,1.25167742398949,1.8193988513273,2.36677686243185,2.77063187819602
1.369088016,0.911267239728151,1.28447171762781,2.27312431829122,2.13451928822384
2.225387414,1.43720304622488,2.09860286518537,2.4569864261828,1.82295532517546
2.116620121,1.28415009942935,1.92105875341966,1.98884107481809,2.30722095098912
2.553614357,1.51273943498164,2.306290107994,1.93322215476918,2.16337668660906
2.307368586,1.19324034365186,2.03532689164572,2.21326795050785,2.07554484874373
1.488073107,0.818337874735755,1.72581767728151,2.28202654868878,2.49519016030671
2.892150369,1.2370609207175,2.59593980199437,2.19132972626398,1.4658429675176
1.105764036,0.45130048205369,0.081451047704173,2.13116001535743,2.60612388186552
2.643750289,0.952677726266253,2.44924862835655,1.91092086477968,1.55399217846734
1.790463651,0.677326411296013,0.57955041701548,1.87094415491908,2.02819056741825
1.598406343,0.582786718649342,1.58276102524493,1.81652154238997,1.77411337368179
1.716185165,0.767511475792133,1.72959065536774,2.17409868867431,1.48867152316161
1.081125298,0.576256714703503,1.31360954093455,1.74965912106687,2.24010020646213
3.039177767,1.39547110467244,2.67316234912296,1.66180392568565,1.22710468574325
1.097122314,0.616696719947361,0.891438512801187,1.99242451041731,2.53663156035771
2.388028472,1.06089000156768,1.86937798524485,1.51951435445611,1.61959082473483
2.147844753,1.22127684723315,1.98167611990744,2.4090501587897,1.33924608450778
-0.03154098,0.192965417759964,0.171947908107523,2.075353075036,2.65906732834954
3.241122731,1.6536436964702,2.71731673889089,2.2365894517792,1.49055491297384
2.756618006,1.61228737699839,2.52718120579422,2.21632536796833,2.53551971350411
2.458248226,1.44595579740104,2.22613293056262,2.432575973803,1.98833427591745
0.956262471,0.640156458905849,0.922636551086412,2.42595747438099,2.58788057706371
2.8872529,1.49846056380114,2.64284272307763,2.15606797165951,1.31921039973512
1.379425731,0.863509847226055,1.17381575914139,2.0890027368309,2.24139357049536
1.651843939,1.04962671989204,1.80539685648876,2.22885238137799,2.27077949479292
3.123367005,1.55428190932831,2.75772270696552,2.19135527958525,1.88414498345094
2.265047562,1.24418344024138,2.13097440450907,1.78122840941911,2.13010011922647
1.421652329,0.818358427410186,1.24987554780037,1.77760126544979,1.68390323521755
0.807593105,0.643247504591429,0.832956050858899,2.103571747495,1.85102417391093
2.06656881,1.47855817437511,1.90839551319023,2.03021543158007,1.7368201446007
2.591353632,1.69793512860909,2.36435168356767,1.98236175644818,2.11435170970393
2.32199322,1.50538769287593,2.09660351817544,2.12220593287544,2.44432101834466
2.503585404,1.28627294672468,1.99524334299977,2.07649023183305,2.08598458293678
2.163815308,1.30394066823654,1.90121417274331,1.93966608236823,1.19365119748923
-0.282453184,-0.0373808552988037,-0.292931077352438,1.84139314958944,1.59712872231376
0.756791403,0.515694110711449,0.723425095553495,1.89042946546626,1.17802320413235
2.1641483,1.31061754728367,2.23285357964536,2.28057331267951,1.74522759191329
2.780767577,1.28064054836567,2.20886662020661,1.69756067391966,2.53541287641191
3.279929476,1.47354605928189,2.56169462477033,2.02136513675742,2.47644293965512
2.417580347,1.44991893638375,2.24143762442838,2.39209797488654,2.40482653752032
1.559015699,0.893564377602528,1.42624978358103,2.60044002762147,2.26091569762705
1.891196822,0.991460813114178,1.53321721750017,2.3375677276986,2.12337409600657
2.597602967,1.44535524323244,2.36923528112802,1.98930037174849,2.0436479287856
2.312614085,1.17798082907873,1.81831282840796,1.80220711532532,2.10449590214162
1.758432647,0.999271622175271,1.50875369262352,1.99530241397616,1.92578090018519
1.5164639,1.06032959885549,1.53671253873413,2.13998047265607,1.66889461863611
1.353504546,0.896685182634355,1.13289651700767,1.77619948936141,1.92249724915086
2.426572211,1.51846090819527,2.18287860206897,1.76821409693247,1.41436812390463
1.290139199,0.947655476102441,1.20451792355045,1.90422818758214,2.29148846786565
2.313821527,1.40049501150926,1.98485589482402,1.89974940893392,1.87129479124767
2.453630456,1.61320175738461,2.26896119199631,1.95123753618618,1.82415827592108
1.496126008,1.11471844052241,1.56827284251554,1.8956572781554,1.85407610221039
1.07608876,0.88689992726179,1.13785757468088,2.0073842187268,2.08538478909612
2.654033615,1.46734775773363,2.16560398413955,1.91552281817184,1.51679863123271
1.790298108,1.1381170584684,1.60637254375152,1.84226112345436,2.38895490461492
2.445001304,1.52739708139602,1.95379947085428,2.02192464513632,1.84190424585584
1.711854676,1.18072528188056,1.48591941125274,2.09425971800759,2.32217624117262
2.43462133,1.62000375785271,2.01772773749655,1.74635936367539,1.61714028964188
1.399371326,1.15969604517075,1.60313243823521,2.00535136770656,1.95577163734788
1.580268843,1.06677408139258,1.4013716219214,1.6419646892352,1.52822088619435
1.559264227,1.09980770015612,1.3979692560016,1.71587967422716,1.42232695553018
1.052037717,0.814627952239497,1.23066267806075,1.78877838864062,2.03462607253088
2.592777167,1.50997706063489,2.3650159136561,1.51186988825432,1.57722404752039
2.149722316,1.42298669373632,1.97619030152055,1.5547115353527,1.84903463123343
1.261502425,0.893826651374271,1.1950798862802,1.71561157764666,1.93386574385955
1.675250567,1.03996613672289,1.46667847878357,1.67918196498879,1.56800115321547
1.668649172,1.05572029410465,1.42750536909334,1.67131930729517,1.87675728132704
2.216848099,1.29512484014941,2.01662838221835,1.52029956451293,1.61612727311602
1.609390769,1.12669632293187,1.49303478966691,1.61775521761679,1.73638728820657
1.374450892,0.982120148887345,1.34488928627509,1.73050371882764,1.4130448373279
0.92760269,0.671699839258812,0.84075791059785,1.95850645205042,1.87614286758997
2.219722897,1.49567335218734,2.13597784310078,2.0561829980582,1.98085471158899
3.069920874,1.79256133840115,2.67562838224168,1.94643436854303,2.18690667143961
2.422465921,1.44031748716573,2.12810777607427,2.07410144632395,2.38294300631562
1.962549924,1.15369958372895,1.70414466321535,2.00387420548354,1.8573044768005
1.106350735,0.829125468945062,1.09194852886705,1.98802218748322,1.94723357529449
1.956310369,1.24969334720221,1.79342095453557,1.76336988028331,1.2530456231446
1.157017609,0.809497012915701,0.927712227385408,1.76829046819378,1.84440243030967
1.719699756,1.0620468158729,1.56147481693773,1.49603837613832,1.88763908258191
2.840214803,1.66561754742984,2.53612470038025,1.50340793604479,1.15973846295426
0.556956878,0.233806437796083,0.375733969107723,1.60597928768962,1.98218163125587
1.260629144,0.854801309910172,1.14927108698044,1.55919971317712,1.20629824419141
1.525769698,0.950869890701487,1.35742299805093,1.58501263667076,1.4113618216609
1.357923178,0.946674278233514,1.39433393573598,1.89679674516907,2.29236560278146
3.216299523,1.85175256243434,2.68085028300735,1.72149779919124,1.93305793159816
2.635909047,1.60031076487549,2.33918918162364,1.90779005487331,2.30257363898515
1.648407375,1.04872390041848,1.51135937911672,1.89518480951079,2.21993885265146
1.762957884,1.11641862485299,1.68495027949353,2.14027446499878,1.7674783556555
1.609630324,1.17221733696635,1.53082255634274,1.94204557828946,2.09577572965891
2.54148575,1.58544086920271,2.19653745537939,1.63494516557399,1.69086376415816
1.796061849,1.17379288691836,1.6216462766678,1.83168005852772,1.94093570868209
1.276841296,0.862202371007516,1.0768606999363,2.03335880353449,2.24821366276471
2.700235691,1.60763327300582,2.33716936562971,2.11276074551136,1.73020386723226
2.085708401,1.33145207804091,1.83445398527568,1.9000902727436,2.3140592278722
2.233338103,1.4023260613274,2.05954799428298,2.02636199971631,1.83772565550724
1.429117417,1.12308289231596,1.506316075553,2.21015252067447,2.15290736122105
2.096958239,1.3630324258589,1.82913021577408,1.91415945180008,1.78348005775031
2.090432183,1.14475657285591,1.85954061044234,1.75350603463697,1.81519892484712
1.824440121,0.912542796409834,1.53677799331614,1.69071214218031,1.25626558401719
0.113828105,0.0711533681510907,-0.0158738802679134,2.02787589977217,2.0542984546255
2.280107744,1.12091293382105,1.6489511977674,1.88777626832394,1.21420647691768
1.864759286,1.16352976318089,1.93545701230206,2.16043291188397,2.55478702460996
3.23835615,1.61840248803803,3.15475887914654,2.04342615143814,2.1501483404737
2.447974058,1.22358879217573,2.25275606122882,2.26032280435291,2.6352324385834
2.349427369,1.28830707640939,2.23717854562977,2.11572814533424,2.06171683898522
1.754966829,1.01223398785981,1.59502549849657,2.3048342905842,1.50740443135984
0.239137264,0.0983551218187075,0.0015488415348595,2.22771075025635,2.37089253033371
3.069694759,1.68304520208923,2.69413641348669,1.83803122147002,1.18754063250362
1.94093605,1.25139790124005,1.91278731083526,1.75137370454347,2.15693113447792
1.651952568,0.974388375608045,1.52088928358163,1.68610926105205,1.78746373753721
1.565197698,1.23919039620025,1.82379316023346,2.15649778466114,1.49780965645897
1.040115237,0.609690726039288,0.896579059094294,1.96260637509031,2.12587460333558
2.763576596,1.69659371303227,2.57633245843207,1.81532445171663,1.61273839962284
2.10191654,1.33848006053228,1.96809460665199,1.91983860367059,2.31403872132246
2.182644072,1.21536520644699,2.00106706559653,2.03615673692096,1.93366071982364
1.624635577,1.04579866868308,1.50528547253033,2.24048857665497,2.16395790095711
2.13018343,1.22737881853978,1.44774378462111,1.99207888550987,1.97833048097909
2.301416224,1.32866031346532,2.141446729705,1.97116624930154,2.00861522926438
1.933714661,1.12380388028977,1.51284428455321,2.1136141862262,2.15531704130768
1.972780943,1.01261511950383,1.76537360538179,2.19158586355697,2.21707358969329
2.57111136,1.30518015901772,2.1339195166919,2.18088766639427,1.87091872423316
1.628313574,0.698183208032793,0.944014049988478,2.17392075372843,2.51911718827272
2.638883626,1.41581065988353,2.34024259152485,2.21929029399001,1.92316902047551
2.033812885,1.23880288542939,1.90900172998262,2.42609095280704,2.45732358194409
2.381975289,1.45200730448167,2.16148834247035,2.48058975856386,2.33034642668972
2.468133301,1.8120929795003,2.23816655439543,2.49330583521415,2.69712574370199
3.203426351,2.12280772461538,2.72202397808041,2.23530112918787,2.32729531181092
2.463175936,1.68017905881403,2.15029086164634,2.30459365620654,1.91805984819105
0.583568795,0.587269710523433,0.622395495035043,2.32960985562458,2.11151078856323
1.490809529,1.02320053648782,1.32297055564654,2.0814326866091,1.76862345928813
2.790122164,1.47930222993367,2.21856168790654,1.63024117303404,1.65321807121768
1.937884151,1.34819692175868,1.99311263070735,2.21679338464749,2.15803637596921
1.560707269,1.25093517905101,1.66053820924685,2.23406866577425,2.37737297204501
2.753768594,1.61819584910299,2.36786402398139,2.31471563707654,2.08144257203091
2.524798514,1.42557024275457,2.24946135677975,2.37114057242627,2.576621829779
2.628917245,1.45480638715596,2.23398797994078,2.52970186798861,2.37659559078765
2.14339563,1.62166966200044,1.99480848735784,2.60588486501445,2.63109904150697
2.684030171,1.77428334799339,2.43594172848655,2.60921941381604,2.327266076618
2.418510465,1.56597543734608,2.19312641955452,2.49936652488824,2.58903336368893
3.063731839,1.84118153768343,2.66946992183214,2.02722863729768,1.09135191522927
-0.245585,-0.0838790496995955,-0.21326303893674,1.80285634610654,1.29858323244148
-0.801887325,-0.634723936040992,-1.04319482740684,1.56058671055846,1.14364538364128
2.056066343,1.27333322038116,2.02328962077215,1.97858631538987,0.686420321452311
1.944330653,1.29417250986838,1.85959600712867,1.86615738420579,2.04684015233467
2.457645943,1.36987969740585,2.1676074464436,1.96853778699851,2.13022551851149
2.428393112,1.67262674512989,2.18558119360144,2.10433650056517,2.17397055314235
1.940174482,1.44511387286218,1.95333245119519,2.220571124619,2.29297994165839
2.15181972,1.49619357780227,1.82692563724035,2.30618964902624,2.12779711718249
2.144156203,1.37832018495283,2.04449958869904,2.39345396933466,2.46776615306351
2.810186283,1.69908735691077,2.5510078504116,2.33489952333658,2.45765856996028
2.834022174,1.73775729574549,2.52608370694274,2.36939302859611,2.569021021415
2.527094794,1.50940985597701,2.16234495154046,2.40265887907533,2.34107153433802
1.756431729,1.24099410980426,1.57605955205602,2.66397833946984,2.5308476014962
2.423417039,1.48157569057917,2.07243130270518,2.48153792183278,2.37735102082022
2.920858944,1.78153809114155,2.5510742403535,2.42958824590888,2.48264562208464
2.664425074,1.43874859112261,2.32831434621766,2.29143577004429,2.61272986158075
2.550190991,1.45534482264869,2.19277643505292,2.47078505924519,2.09095185857627
1.240085471,0.684243434717013,1.25243196951607,2.89303159808914,2.74561615261879
2.812316963,1.28067293266119,2.39729524657716,2.38742806390918,2.48497078250104
3.949416443,1.88922097550437,3.65798462438744,2.16492924680866,1.88037637218621
0.923920468,0.670960820768328,1.29047961192634,2.25471867572907,3.10435187753557
2.591421954,1.05902001971688,2.31087852864748,2.13945815120751,1.53354990054152
1.731811934,1.04813382704394,1.77367198530226,2.07778444518644,2.02807667559621
1.464218459,0.92836163507966,1.36986520034753,2.0926372845517,2.27257626658014
2.681574398,1.70361611382553,2.50281764429452,2.3825003407356,2.20304739753267
2.947241311,1.81040041854782,2.52867590007979,2.27826880427125,2.52483792614158
2.499245179,1.51130355137775,2.14037969550706,2.72155923828951,2.83427076409383
2.743687118,1.65180045684909,2.32717033770642,2.74926859697728,2.79496225648497
3.184611578,1.94698135900696,2.91118066224968,2.44958275826232,2.44583631862307
2.416442149,1.46784592959718,2.11386071119222,2.29457500846145,1.96391401218761
0.690908739,0.60527668258733,0.792369184459968,2.28963534306868,2.01492483833983
1.394942994,0.936635526607616,1.25925185654561,2.07534618637115,1.55978883864602
2.105362361,1.30259442412562,1.83517668331354,1.98906190038428,1.88112592533324
2.416390865,1.6549275639397,2.10572732842943,1.9777100466385,2.25423748341134
2.459124971,1.72367211931961,2.1887126794832,2.46868409808926,2.60657698426747
2.824832251,1.95156182760341,2.53117341562842,2.64606646169683,2.75419311497145
3.108281067,2.13020386977484,2.60170010042125,2.6894404712611,2.79424400944216
2.859142956,1.99023698820579,2.44419345884883,2.69301254815688,2.8302500137601
2.632530052,1.76903857293048,2.21010850985322,2.78431798667386,2.66289521561393
2.429803684,1.55784722985122,2.1880101280437,2.63753511696661,2.57424225569924
2.696880263,1.47781445961239,2.25729189514602,2.41250925254373,1.8501091822187
1.01911055,0.556871325454485,0.705009681407415,2.53136810218462,2.55812892512026
2.42728694,1.12365677721531,2.04640551699797,2.52718349090227,1.93544845974511
2.440521735,1.20210995462296,2.18341522635358,2.71120558972424,2.89598352508975
3.686957724,1.6680038439163,2.89670106804377,2.42027537377067,2.55581118503609
2.714596021,1.47718204232784,2.40782060277733,2.73387953906262,3.05409655552017
2.726672673,1.27412523209721,2.34143526533379,2.59691214311152,2.39815618496896
2.289046993,0.96773328758934,1.79237467679669,2.30051677195113,1.43420397088152
-0.055292118,-0.263967585141587,-0.717856917658589,2.30944552856645,1.75524944453405
0.84152585,0.627658894189054,1.24017981886579,2.47807643897535,1.61383498688283
2.93000302,1.38009861350576,2.55660048893966,2.21116474387205,1.81635323384394
2.876518014,1.42300839510302,2.48995814956598,2.3527771159911,2.72406985913997
2.937371822,1.38094276548168,2.62672011566093,2.44263107130602,2.57348861818507
2.406285752,1.46074578143775,2.10236296389973,2.66863026049008,2.34747398329987
1.647971964,0.906254533832472,1.08160949181052,2.34991502430665,2.4821752558316
2.584255,1.56778727323724,2.34566088966889,2.55877203880937,1.83306945510372
1.737799235,1.12526967581846,1.63534402645687,2.40386666266885,2.61635782242663
2.745957052,1.48153534119895,2.50499247087052,2.58752872608469,2.37674545522765
2.930776566,1.72296535316475,2.56778775507186,2.60285992591415,2.69226984662148
2.845643949,1.21147220229737,2.20905321363349,2.34162422636707,2.62381881491334
2.647910873,1.00990218279557,2.04221141742687,2.54560996867364,1.8056050182182
0.334331011,0.114477282846751,0.0488532868508667,3.25498582414474,2.92512001086211
2.889769605,0.709009010807689,1.87541020063419,2.81005952688276,2.728212898078
5.16103231,2.01672929612119,3.95431629188343,2.16451741684896,2.55764132489079
2.759381125,1.18816382974626,2.43758954707571,2.43454226089788,3.08697223519039
1.401219895,0.972585823031351,1.46398585879037,3.19473428508271,2.23736804992289
1.038462419,0.479517618492114,0.963599845873432,2.65670426507944,2.59491565750201
4.027889565,2.05929978861717,3.3165282097644,1.4519596063553,0.951120014669174
0.817681851,0.4117244853302,1.08270737187965,1.81969263975443,2.05396089413287
0.273697273,-0.163211869579899,-0.152463004191798,1.74081285718407,1.55682536636365
1.982347079,0.798189784773782,1.73199246757271,1.2913663942431,0.858982587254979
1.298328362,0.366476639596807,1.28120549595413,1.43744970313617,1.5302762216677
0.840465368,0.430705102619655,0.724802173752741,1.55018020525432,2.6777459428122
4.487536156,1.79203030630514,3.62898590919528,2.09081694547829,1.04309095288215
0.654535121,0.434689732063459,0.841372884478971,2.7090973285017,4.01228950573184
4.373310824,1.5233639477555,3.59367899285767,1.95947237507744,1.75684638577018
2.714850072,1.01610846535554,2.3033493630447,2.01908690258018,2.13424162455152
0.364038046,0.377931388046455,0.768514165242996,2.06081934462752,1.67658654502283
0.28773747,0.00700219035821446,-0.234936090508105,2.20885597461319,1.09637955454805
1.218080893,0.463144308692722,0.851524501999801,1.78484956876278,1.55912101306754
2.844371558,1.26448104563666,2.2893003630303,1.65231431314853,1.69338981213088
2.37810286,0.971224877433044,2.05087514289303,1.85417335306427,2.21249036910561
1.957993156,0.897025680281087,1.94756947317393,2.02551772140377,1.80283840263512
1.032320402,0.563172338947295,1.202400204553,2.24151448794492,2.07887479417048
2.16681913,0.984587779518072,2.08116047104849,1.90406033505549,1.55821307570317
1.961508587,0.933755824522278,2.0221444924162,1.61717811617447,1.901975452534
2.150770484,1.12931588628941,1.96528727076994,1.60944195789815,0.840940864265515
-0.802567557,-0.06418581514902,-0.478601425144204,2.16048836193537,2.37583616649827
2.777154215,1.49491905815264,2.59417326946771,1.59615787080116,0.709463878319558
1.823030658,1.02775351006285,1.60490905885491,1.89790550877721,1.93014000240683
1.351852485,0.933628809688095,1.45112855494523,2.14062736899662,2.29826601698138
2.720110519,1.54413890080936,2.39980199489866,2.27668339794647,2.01330258668452
2.660450765,1.54922451288578,2.50311651503063,2.08001525225775,2.36972431070505
2.355325789,1.28071773736337,2.0721928075817,2.16731830445635,2.02072442618144
1.193336902,0.961247138690658,1.36413672462591,2.56195340768102,2.49263907995948
2.519979078,1.33237449888087,2.16617299361223,2.26617905819309,2.14491383478178
3.051789592,1.84481016251196,2.89886135578811,2.15564865663163,2.34815925605293
