630
-0.690099715,-0.286786492523132,-0.487057368363002,-0.714831449319423,-0.0490903071615282
0.293313687,0.0766477069312601,0.0318146557823503,-1.21078134345772,-1.39227971956313
-2.188217532,-1.03338821504403,-1.40404008187245,-0.294788804145842,-0.353561110455665
-1.037527019,-0.0607624876387746,-0.501049445937063,-0.63237457738168,-0.847846669998606
0.252578596,-0.0628184084434412,-0.190835910161757,-0.672111229774119,-0.817754758834938
-0.66779049,-0.145285029949214,-0.0802037558487904,-0.476316290947518,0.320031411294231
0.761674926,0.0797804259904001,0.685815576407524,-0.407162071032769,-0.442358561113385
-0.438133518,-0.0108585690010626,-0.194457754602921,0.0763705006320716,0.445494575224181
0.370506254,0.0291003264103414,0.699229440690868,-0.0481067860934723,-0.10110015575108
0.132803144,0.234325830630153,0.314730838166967,0.117954672536238,0.0453378694366463
-0.270253242,-0.229801219903631,-0.26583281359879,-0.0587795425748947,0.238577827107565
0.398582428,0.248541977240858,0.313657809434138,0.0981316419022849,-0.154389959245406
-0.253323267,0.0435852600545813,-0.383489272076239,0.34689079958313,0.531478681283
0.666486751,0.385312812127287,0.633409899543235,0.150668903540525,0.544164968235237
1.555576134,0.173035271997882,0.0594218802692131,0.0754974998673512,0.0543963833150578
-0.526728364,-0.2158264007964,-0.309246808642709,0.487250954766449,0.753086197212819
-0.051208985,0.176958497646402,0.174506260384696,0.494889177573808,0.368750909882333
1.151589793,0.463055165181942,0.417760766117984,0.109014736440872,-0.053591163848306
-0.058351345,-0.118344799446433,-0.00518507884339825,0.166926457631486,0.555367001235635
0.130677563,0.0939678804761166,0.0567912172509974,0.182448874321784,0.156324941975308
0.23224785,0.0521492811081133,0.150063740906911,0.188305532942789,0.128672899507717
0.140869877,0.0202497560666254,0.0892907409797348,0.0777230981283432,0.149003520488325
0.114659083,0.130909388383242,0.16126064751611,0.12237484063011,0.0236842473712365
-0.136628786,0.085896628456063,-0.0164659092731264,0.118708408525676,0.0980599484765542
0.106071215,-0.204072799534784,0.0219406732355772,-0.101161848932369,-0.0966252643308876
-0.023613672,-0.0817931168457696,0.244028964184787,-0.128549807383837,-0.212375907973927
-0.590708369,-0.100259670530957,-0.455713264029913,0.0498793276126834,0.00212588708582465
-0.13213835,-0.128102806541775,-0.242719920865591,-0.112423440913067,0.166241256656157
0.973576256,0.271026809336485,0.906238310545019,0.0315554391792017,-0.0661861897426217
-0.036975411,-0.0754891628742608,-0.00057753754550927,0.11004571318193,0.689516792417182
0.649161069,0.429859594885393,0.560301175475712,0.377901133453802,0.136939603172696
0.125421845,-0.0382316132372249,0.000664902094469021,0.193510085931121,0.545291906450038
0.659201854,0.387979500786339,0.876655819582058,0.244925425050123,-0.020442298647037
-0.353267006,-0.0925299541493739,-0.3069659455542,0.431094562956831,0.521314596714476
0.427799294,0.328112325362596,0.369058943606686,0.322281846429711,0.193747146016833
0.605640828,0.442812016503995,0.593124071380353,0.519734617307699,0.448260862885527
-0.428588427,-0.242724766422596,-0.326663784118468,-0.366041893851403,-0.26235011992566
-0.117469091,-0.34038441490169,-0.144493368768834,-0.388565846386828,-0.343047502321765
-0.215144766,-0.251161475737833,-0.205737151476739,-0.407689204194761,-0.352019273494993
-0.554399558,-0.29438851181632,-0.354188814316603,-0.307795721315976,-0.335855192051445
-0.533116382,-0.23160618417764,-0.351822104877033,-0.294501186078326,-0.288561726544336
-0.066339549,-0.206625737187984,0.0346120804625563,-0.328359677117029,-0.325611257176503
-0.098217202,-0.114209134966647,0.00823444906848024,-0.408597444001297,-0.198690352723934
-0.210571279,-0.240669973322743,-0.120205264771033,-0.369827116067524,-0.328302162080395
-0.5848244,-0.265603264122201,-0.446125108108911,-0.273265116940651,-0.282689222785186
-0.350818706,-0.248689513658317,-0.254820862192946,-0.401140051523786,-0.505226583046095
-0.41480587,-0.224143844994317,-0.191981414705903,-0.694734563200326,-0.627174361953005
-0.624795332,-0.0768650356935616,-0.58568322721491,-0.648580620821054,-1.35841495939784
-2.735259062,-1.08781576285274,-1.27927758952525,-0.284206423174194,-0.238178136001201
0.207032097,-0.158852645183723,0.321700644589559,-0.930872966196942,-1.40668485740576
-0.384450736,-0.0864643009673805,-0.344219469603752,-0.664472668482309,-0.334927312012371
-0.441564804,-0.111404618047491,-0.305732689703231,-0.689267754376334,-0.538842783846168
-0.66267706,-0.193253746107168,-0.444696176555471,-0.460851387526569,-0.746615541357967
-1.144321365,-0.484809897552669,0.643943395970452,-0.458896323971938,-0.620390235440371
-0.6835208,-0.27755152401116,-0.592956416141776,-0.481927359227787,-0.640649912269784
-0.181164375,-0.24258470951401,0.0128710954181846,-0.573385914451936,-0.572556382996092
-0.385684249,-0.292312178616376,-0.223653957810376,-0.484507332498558,-0.386666112803816
-0.512959324,-0.277417057024139,-0.425827616601422,-0.416368075917807,-0.424430286236937
-0.549882482,-0.34632359501974,-0.409892677018494,-0.274357790170706,-0.291714959798978
-0.062805679,-0.278800015123206,-0.0453413470962078,-0.415567887670688,-0.400132571494419
-0.222353459,-0.24396432798689,-0.167266717203569,-0.468462079614553,-0.301301962119198
-0.45127951,-0.205529481074326,-0.244372301202135,-0.342621672429305,-0.386346727281799
-0.629369245,-0.208651618579147,-0.459855859223202,-0.226572072854135,-0.302657596160317
-0.247022022,-0.265950827023549,-0.274314446392768,-0.276401576036883,-0.233231727650934
0.167352038,-0.0844336827084788,0.362324603527725,-0.363924317369389,-0.188217778217112
0.01808664,-0.0317461818865186,-0.181728990863153,-0.403192659365547,-0.258999189507449
-0.617975006,-0.116148713101533,-0.448540996461753,-0.261784416186338,-0.285135832133843
-0.636670378,-0.214605956404031,-0.579200029771438,-0.325404148920964,-0.457332345886498
-0.387604871,-0.299885067869586,-0.275015980766073,-0.392123499735628,-0.524258663412292
-0.445300847,-0.348060803438233,-0.37588196653743,-0.431555014362525,-0.380081199559534
-0.328513284,-0.333706464706791,-0.184002273045203,-0.439049384194808,-0.416072251445373
-0.388448318,-0.229206311432831,-0.169788986136381,-0.343625045934258,-0.372949499609021
-0.47985536,-0.104459097995142,-0.316902864192967,-0.256640414880058,-0.165904333067091
0.002442052,-0.144133579798931,-0.0922064996409619,-0.238948020260183,-0.0722614635796776
0.379936892,0.0663241121855857,0.670889398076117,-0.202161524792509,-0.0417440977908496
0.026407441,-0.182678852956015,0.0330301318798026,-0.188180222496472,0.0287719798728223
-0.235292913,-0.0170431789696492,-0.132082239447087,-0.0702107179108539,-0.149638708092067
-0.377427344,-0.234882004016189,-0.113565465345672,-0.162161848176138,-0.254213879703349
-0.25854837,-0.175728614868711,-0.302191311531755,-0.389234438321544,-0.504957160963755
-0.695764736,-0.312092527946171,-0.410814662791006,-0.316378696994004,-0.366949501869422
-0.519381871,-0.287880138938875,-0.66984880296105,-0.322231055334998,-0.38367623741269
-0.165685416,-0.147507957419625,0.649947235797906,-0.394141032560149,-0.24908700695279
0.140996072,-0.235650010275521,0.0342777397676552,-0.522275891026815,-0.382794623520364
-0.54638109,-0.195635427267222,-0.479443210451346,-0.418749379565983,-0.222870583061401
-0.520741641,-0.2436573352965,-0.435011722489295,-0.507212371734553,-0.524997671904525
-0.577045349,-0.256653899929634,-0.421491010494351,-0.405829885723695,-0.615259289216246
-0.909449229,-0.334939275198996,-0.64724248132754,-0.389238643053667,-0.107182761055711
0.457261791,0.118140279473282,0.478856030754028,-0.451298860355142,-0.549274902548355
-0.24065013,-0.100256284549898,-0.0604595510436509,-0.204772510719022,0.0103509609664941
-0.283559567,-0.0770217106147981,-0.19343401064275,-0.186513113408613,-0.0769222749456995
0.041751309,-0.10734582198957,0.156286567278955,-0.116273788032492,-0.212324277574896
-0.083924138,-0.174625453870947,-0.0142096780533127,-0.315825924320971,-0.293809367453985
-0.57306302,-0.294691561346396,-0.435645684589895,-0.269979128963361,-0.356524951498122
-0.699602141,-0.314250503308192,-0.572611351575271,-0.270650724196527,-0.403781115020611
-0.301895348,-0.327619646631027,0.039218215344631,-0.356613958827997,-0.511366356693568
-0.345374,-0.337308084433435,-0.169374989558111,-0.516653548791353,-0.377848171616791
-0.370635184,-0.354247921973038,-0.265339229062485,-0.506586366323535,-0.452420237538744
-0.568981607,-0.384667826759484,-0.358952373067675,-0.406779240969186,-0.430417488232984
-0.491721779,-0.443323442619317,-0.340891298990836,-0.492534142894819,-0.521788321626774
-0.474339873,-0.468055926282759,-0.393691270921405,-0.567668764866249,-0.58826908223326
-0.687905697,-0.519426441407145,-0.553976091339509,-0.533933354385076,-0.549106994072829
-0.646403442,-0.490603833657097,-0.494565013754397,-0.51544605429956,-0.564000024758805
-0.499113481,-0.39715378840799,-0.342718271764524,-0.490918398758761,-0.481634656124351
-0.333457945,-0.326173751719382,-0.219379496050708,-0.364073999203922,-0.3670553749202
-0.215241365,-0.263930498473137,-0.316110966998636,-0.377324754859526,-0.279921414308066
-0.183054384,-0.266509619611238,-0.176344808623976,-0.331344453613132,-0.260609622033365
-0.27028401,-0.219206171939268,-0.000550702548829276,-0.295266983202675,-0.276553774749074
-0.370022856,-0.319840732316073,-0.226036263173137,-0.267788100061032,-0.287314125344911
-0.321333071,-0.252630521778161,-0.250508786753593,-0.265641903523484,-0.320280912477593
-0.297771404,-0.266661849463392,-0.197465718522507,-0.298577093068864,-0.27703783699767
-0.217601827,-0.246882736992294,-0.219494650678015,-0.298971511275983,-0.29401285040508
-0.302476649,-0.245658408076134,-0.185154451964361,-0.238603741194169,-0.211388783905648
-0.203502928,-0.249237637879592,-0.0435942116836787,-0.245410014289409,-0.211095712877059
-0.121010325,-0.0585676102087044,-0.0388676721056871,-0.190217571778864,-0.200300017100791
-0.393125492,-0.0829233639342859,-0.332862542323603,-0.0943078767419217,0.433219641093204
1.206851995,0.212016707023418,0.98275833942493,-0.314981378104274,-0.257707363475957
-0.07454566,0.0293588128329129,0.0397240350370883,0.213849798964606,0.161131523364192
-0.97363719,-0.123835151809603,-0.593531768457984,0.110041495108168,0.632075567707769
1.463202855,0.298484734427853,0.904959408300179,-0.155852127657729,-0.615101187309508
-0.418866748,-0.0667169226058823,-0.292007724424343,-0.229693837847911,0.364432476283552
-0.502706129,0.0984040385359539,-0.335647588911554,-0.104290848912578,0.0214871803462233
0.121708252,0.113186837856596,-0.314263645152301,0.152715349450902,0.19655866663044
1.038202756,0.0828560005715281,0.27158018719522,-0.267703675869837,-0.0952465828405837
-0.204998921,-0.017879201227227,-0.0323952986388806,-0.116955997468448,0.272693414401374
-0.294005575,-0.171983734433736,-0.233674290074085,-0.0866914741500655,-0.329226167089217
-0.683277842,-0.238877070735291,-0.519990130254492,-0.0536094789143639,-0.249483870440275
-0.272649044,-0.200101815495462,-0.260501391160916,-0.283550204839302,-0.346843353432346
-0.043705225,-0.107189152421723,0.0183804241596155,-0.3641802238118,-0.286895817660638
-0.223165913,-0.1551796579411,-0.117801109129673,-0.269198498678737,-0.24113071368919
-0.475007251,-0.257595967862319,-0.170449638049435,-0.219962940171909,-0.0767331606048077
0.182708751,-0.135248477484296,0.256017726976981,-0.395328508357084,-0.571130971985557
-0.717624491,-0.278795461362045,-0.557669489341582,-0.332141169248277,-0.281935255178232
-0.686534002,-0.302758467082417,-0.63433975558716,-0.572341982999977,-0.533373465406493
-0.368151205,-0.267606473459712,-0.354828799124841,-0.57817099082491,-0.861012835980738
-1.18370664,-0.533181560003027,-0.701768451960248,-0.502967601046227,-0.349532681081712
-0.238863625,-0.350830988701272,-0.0966806055918644,-0.713431775103976,-0.807979703191182
-0.55574424,-0.340898998449363,-0.452350748377651,-0.506316708006596,-0.432717335052125
-0.518847026,-0.354746441933815,-0.497990946112714,-0.674280065817911,-0.467055798438697
-0.364086288,-0.25750364658517,-0.306677182872317,-0.517762806473246,-0.585796320860472
-0.666839571,-0.387699977141062,-0.534942747168827,-0.566341711186792,-0.476155052365461
-0.522874766,-0.342543955043497,-0.430343263277783,-0.46731942054041,-0.713742715820142
-0.926783921,-0.297446294520554,-0.544266382261158,-0.313446698581673,-0.318362402320055
-0.136918618,-0.226137629840462,-0.127321512155224,-0.437706294263132,-0.374845210805027
0.218050607,-0.142378644743498,0.0700941893256241,-0.469508669777274,-0.345185533782296
-0.433867879,-0.231649530833639,-0.288642455272116,-0.301552746488176,-0.175664717784796
-0.521646401,-0.338282041612005,-0.486187293501536,-0.245922865668291,-0.360765084325901
-0.340569666,-0.282203993795066,-0.248671523545403,-0.344607490711959,-0.532758127523295
-0.5831704,-0.376669991191235,-0.355679526728598,-0.474349520624291,-0.429800469433817
-0.509495447,-0.318704925264303,-0.367232730010699,-0.222102401463452,-0.484201937047747
-0.558053833,-0.349294119551698,-0.470567825125021,-0.174381619452683,-0.0702642405732198
0.456891795,0.129671471235379,0.160165879970933,-0.213906097185783,-0.320088817492089
-0.183104463,-0.00406458351386118,-0.0102441653980217,0.205935486866034,0.376718430454569
0.464305853,0.175820476154987,0.130075336298926,0.0904679851397862,0.122206433658593
0.409939545,0.180670946469752,0.246832201779115,0.136048570100061,0.208083693303308
0.083759375,-0.0283404863778888,0.0921382520631094,0.0615055370308534,0.091645727706672
-0.252284256,-0.00691411200025101,-0.25997982317702,0.233060843639004,0.0409273608428018
-0.158763635,-0.0194413786425914,-0.17961611135686,0.0751591493590692,0.185224556460331
0.737122548,0.268468700235033,0.442176945478191,-0.144824100742031,-0.286784271783244
-0.473517289,-0.182852315933385,-0.362203382248288,-0.0929440735368493,0.278209475188382
0.014278748,0.0451004329245506,0.0182851898035095,-0.14726253149619,-0.348450420952194
-0.428546189,-0.0804959169545832,-0.367129033360412,0.0661990257283541,-0.0851022125476435
-0.312332257,-0.127278919713843,-0.275796937461481,0.0258660498768382,0.248298493865886
0.868531039,0.260394814932838,0.530866709898981,-0.215029979479373,0.265486392719633
1.06342216,0.43910548688359,1.08767564613472,0.0349524122236924,0.171252820745629
-0.446240741,-0.154474584383098,-0.0963155155433418,0.046928218507475,0.609283344160144
0.461244236,0.176858811794427,0.494265311950339,0.0784151921983645,-0.717623961088856
-1.426487223,-0.586546370116813,-1.1423633378691,-0.130724795562693,0.197366245256512
0.186953776,-0.156333112669316,0.089319140469071,-0.599413510810628,-0.986530509720042
-0.811990225,-0.254733118505795,-0.5916762837979,-0.365388998753121,-0.420500458313791
-0.935045495,-0.543256501986748,-0.592389586134457,-0.562624173208115,-0.450057656407935
-0.143186262,-0.0934359880058086,-0.192503625524682,-0.585150370677565,-0.735597549125764
-0.564665431,-0.224270936858381,-0.481721622896064,-0.43950377618966,-0.436693994176317
-0.760971371,-0.35968770277317,-0.720266184143794,-0.132217318387161,-0.15916402142597
0.13430616,0.0251854026216714,0.0485988815316482,-0.214853554337456,-0.0760777407753784
0.766821865,0.22745855674814,0.319351520446725,-0.391313803718308,-0.261813518971645
-0.526708437,-0.339309335245415,-0.6896978356414,-0.314064965992449,0.0550376433139926
-0.560199478,-0.174023672595107,-0.394286365364353,-0.179253761718383,-0.396129414584876
-0.464695391,-0.234208853369492,-0.382943530433788,-0.214947867284391,-0.424538874182368
-0.3474463,-0.221923591192139,-0.242990987781874,-0.311037231910073,-0.320823484564719
-0.231614629,-0.121792540938769,-0.25839503688739,-0.267399954106707,-0.0849757248425813
0.248556588,0.0898159671438409,0.123081172716972,-0.587017638692064,-0.174858738538527
1.390150691,0.242552483324401,1.34443613609411,-1.47384877594628,-4.17838396899393
-9.976731608,-6.48445231354216,-1.18223057494057,0.0946946851813488,0.43906368053876
-0.349645292,-0.521824855772898,-0.38346647873045,-1.075111472177,-4.25786564860659
-0.406601716,-0.194010787118826,-0.416680676540042,-0.781379460274933,-0.339215844612703
1.070235877,-0.198305545584703,0.68232908894555,-1.53998725796844,-0.442050992942714
-0.345920977,-0.209439378144665,-0.510854890725777,0.0389043896024946,0.367755963478894
-0.157389817,-0.0939805377769191,-0.143838982440323,-0.118730254567665,0.0685030596144612
0.411247738,0.224732074635986,0.442037724065689,-0.0810082963604727,-0.219213024319959
-0.264138706,-0.146947658671422,-0.123294903088086,-0.168184040023931,-0.0209859219199824
-0.327456949,-0.41937312459039,-2.17219255377961,0.0537160405707029,-0.385918245367796
-0.824712549,-0.109463486107786,-1.29113305685348,0.0114843170261219,0.197095761895235
0.909809775,-0.19218144543807,0.770707552613023,-0.422327541688341,-0.621509954364904
-0.526548902,-0.235774977917101,-0.353771083161897,-0.0697345300804275,0.168502189941486
-0.329725626,-0.140282644216693,-0.113172805433222,-0.209966187594286,-0.321235257909856
-0.304644281,-0.077870896773261,-0.252319129621702,-0.174332201747591,-0.283206910421523
-0.256646417,-0.158081947600138,-0.234333480112985,-0.213744588366901,-0.20687152144856
-0.140168716,-0.100444517482299,-0.00496947220845073,-0.203578972358322,-0.0847532799613168
0.125784255,0.0369011892443144,0.167100085007609,-0.172507685415212,-0.119409544479745
-0.093620076,-0.301310690861336,0.178190966345249,-0.119239546562892,0.040347536851082
0.05011187,-0.0714108507300602,-0.0349961607685321,-0.0917471620755105,-0.183392359344048
-0.36301857,-0.0368048792171948,-0.152005983789133,0.0618846054253227,0.0458068666913283
0.060217747,0.0718748185387464,0.0963457511513592,-0.125059869770706,-0.125477184873856
0.049865238,0.0488786583343903,0.0188380225445785,0.0770873594756482,0.0372109643299313
-0.085753059,-0.100361644820146,-0.000557747267999579,0.0157611692857405,0.494004432275918
1.187817289,0.373345644284527,0.927446456963685,0.0316666156728532,-0.249521305911405
-0.593188546,-0.0902724086498658,0.155429350803078,0.175247173252661,0.738767612593717
0.613348692,0.0288358023360522,0.651008480472006,0.246614478735982,-0.322683508414547
-0.463153647,0.0890034892777174,-0.211547852212353,0.513064502892096,0.5764290394449
0.685786387,0.239965817982209,0.269110281118935,0.226897038054467,0.176914727705782
0.684427129,0.0864823412928365,0.318401136990668,0.222832811928034,0.5855209487822
0.855704014,0.23719623352028,0.747089115756777,0.398400377209136,0.0282915043781565
-0.894744496,0.0584265622932831,-0.0422504251143514,0.580197202060782,0.930905266658486
1.352033819,0.43551077158952,1.14328286655982,0.121188343700362,-0.698810719065567
-0.875343041,-0.0970521388182195,-0.598740569482269,0.200926873971524,0.470734226238045
-0.15820876,-0.0777854498052195,0.132505908052593,-0.0991092215638937,-0.219033347788164
0.173642628,0.239405778299987,0.516526396602038,0.464295296132639,-0.110020049061513
-0.208095698,-0.00558357836463388,0.0886171671831172,0.140399161809576,0.654718347276452
1.270697107,0.553166859220834,0.924968859518569,0.383646457041891,0.303974497819667
0.689669915,0.395293355059199,0.662394639003384,0.343749249498307,1.13287435298499
1.491725299,0.461439060285291,1.07348274239172,0.256933857361816,0.177545880803866
-0.466255728,-0.0213221703342187,-0.253967337747969,0.770922043564975,0.711806900111773
-0.132879362,0.0934198058402823,-0.010756620318242,0.536478934709362,0.428100899904726
1.124203152,0.357031140006332,0.831504103870985,0.272447311741054,0.229128933966436
0.751290215,-0.157619202960975,0.39183779639652,-0.178061244907488,0.33706876874183
-0.034629611,-0.0932431476944605,0.0909067190128878,0.243034469682354,-0.379664800257655
-1.931335572,-0.62519236364074,-1.72392646556592,0.407968234114968,0.389042748647056
0.822891533,0.315033489222976,0.750549882188689,-0.21820573095009,-0.842860204762136
-0.096874674,0.0364484606153196,0.12229653782091,-0.0472601546297011,0.311815966864051
0.040269137,0.0107480577457431,0.293855974177039,-0.0461098851173877,0.439879660068218
1.129944209,0.552109713343675,0.974531013654659,0.771946973842368,-0.206034510599386
-0.846897057,-0.649577130353435,-0.720728092930965,0.526536933124175,1.40190013096268
2.208438834,0.621461218622607,1.36211362598589,0.142861863767479,-0.416935208698583
-0.092671935,-0.024008311925801,0.00292799651916618,0.273895109378477,0.295536829832362
-1.425894375,-0.28725093247355,-0.9759776233782,0.240741471093328,0.135352915255577
0.121021457,0.0272820374359274,0.13123153890971,0.0165590712943191,-0.665263196873319
-0.257245494,-0.239114020213991,-0.0975698164018166,0.191778877908783,0.201872033885544
0.319054435,0.166738003525176,0.129432692836877,-0.0932542995235091,0.576218932156757
1.709543228,0.657723257333102,1.13286835671576,-0.0104183366429304,-0.118386720548754
-0.597446077,-0.138413500244245,-0.550951214467754,0.317100922163892,0.85936600337464
0.245371245,0.292049955726987,0.248836531071412,0.403084799721358,-0.0709642966751797
0.016827779,0.0545385734297972,0.122455388256188,0.362818722984123,0.510247375158471
1.12983044,0.385915236064592,0.858424979373079,-0.138641588620998,-0.333503343682958
-0.826734059,0.0423583355660275,-0.428450272415694,0.138349505911018,0.471466703283794
0.114131731,-0.181352860621861,-0.119294112898472,-0.314047093154455,-0.680132818568324
-0.800700995,-0.481699065594404,-0.469797608079668,-0.313624220088789,-0.398634204068082
-0.712441501,-0.137327524207328,-0.216507423827505,-0.763016875476414,-1.02276342053937
-1.465200115,-0.507833208778882,-0.779751516500422,-0.412051385857735,-0.758095730411235
-1.04089623,-0.165576129645256,-0.69212947430252,-0.244503527485678,-0.422191893835651
0.41768704,-0.241892366648892,0.313686144974882,-0.402146594556445,-0.0364676692959155
1.217902458,0.243614927353409,0.61046167817315,-0.379704004090543,0.0269112464398181
-0.261129942,0.108153634208503,-0.116253981917646,0.320257133706321,0.811569235733598
0.591433914,0.147594483257892,-0.0547786477543786,0.144854109812664,0.156545980257418
0.602710079,0.0952778754584172,0.846917889342047,0.188215941207519,-0.209728723045144
-1.033823944,-0.108935833009098,-0.872752875628802,0.00905004022516831,0.179298496492333
-0.231017447,0.0454001327552906,-0.0113895679097153,0.172128804733775,-0.500197136185027
-0.394398352,-0.00766954413188274,-0.153305412898943,0.11486133524335,0.261680905817672
1.006239418,0.356066872283015,0.584952479191812,-0.376083358803507,-0.247542922942647
-0.07383085,-0.044463889435681,0.231517506427579,0.11191900824246,0.232996263210635
-0.471795353,-0.265270152469746,-0.096767158279822,0.237485809376594,0.258855154899605
0.485526198,0.128881545255811,0.29475160681795,0.229140359800843,-0.0358664472293049
0.298559198,0.22455780665561,0.33031147175307,0.239520283918527,0.400011774264136
0.46798581,0.22027633147824,0.324547320496517,0.267953409299186,0.314669261217096
0.309177579,0.313213104209408,0.411634069069991,0.387572906494072,0.420683977992248
0.421582421,0.244503719552179,0.396173522630803,0.269017717102732,0.294980838154579
0.308153813,0.1007879889289,0.181549342373102,0.301653700010148,0.199514453753747
-0.093754448,0.14565829728349,-0.0486766468554928,0.361497014582781,0.398220775106694
0.547346508,0.215389794198392,0.497109971617203,0.0503593336439126,0.0108688986989948
0.319669068,0.261662121295286,0.270664753500903,0.0710919567216688,-0.49871423557806
-1.891966581,-0.437829956639179,-1.17233640956058,0.628697563942047,0.671699972540591
1.01383995,-0.0286470839611005,0.842612720850383,-0.156114435358084,-0.309462620664413
1.365544796,0.187876561196827,0.993273074706574,-0.157972492971168,-0.4275766620174
-1.890126823,-0.00881642189416269,-0.19052990785488,0.562495017171111,1.03866270906826
0.775690905,0.0839894791787792,0.574400636884906,0.453574963395574,-0.166096575292401
1.330804184,0.14453047630522,0.831156282167131,0.0686878967661035,0.0734664653628686
-0.397013966,0.0810506707039014,-0.149547709807013,0.109852339213269,0.725175361519198
0.289048534,0.159072353698282,0.176316847241612,0.203976927050804,-0.0577978423000621
-0.069338913,0.0626687191547873,0.0260347216299376,0.244362596649684,0.448057042100257
0.78973523,0.328126203795621,0.542803925084407,-0.0967313090533135,-0.0032436788369284
0.07912799,0.166571982674682,0.456654916568776,0.448988214107687,0.173267188715032
-0.53399818,-0.0661658914007198,-0.434848698831498,0.179358060052851,0.526888582818378
1.074687704,0.219306480236862,0.829926145069714,0.164995208264342,-0.304612186181863
-0.287105732,-0.00291412571459307,-0.228019950086611,0.297105393227034,0.636695863576604
0.313933964,0.0970222825318331,0.0950087497283383,-0.242542156103209,0.466044351681077
1.34348204,0.630455768861446,1.41342159525298,0.207432031260559,-0.18640744209789
-0.747872358,-0.162651632933316,-0.0656699366999352,0.0809783112576219,0.634932482655389
0.155770573,-0.0244582737121308,-0.0813969839098189,-0.109234963631441,-0.369361800556742
-0.314718523,-0.308430622739384,-0.0833808890025352,-0.0845702225172957,-0.00952808762874758
-0.002963322,-0.078535298254062,-0.16341256799784,-0.411031364534232,-0.395520215891529
-0.515341604,-0.106465988540481,0.126203787534475,-0.0601338736372562,-0.337295799617115
-0.75159846,-0.422629969998726,-0.964125818734841,-0.0979951509273403,-0.203632725586962
-0.028211525,0.112633036619005,0.285834480505232,0.046550767671196,-0.149321778037068
0.239347211,-0.110337072675883,-0.0512048123178847,0.136423216073235,0.613023110281879
1.639679377,0.333842614753834,1.07105689212679,-0.106205128646753,-0.0350307160888105
-0.307666486,-0.0300207583093541,-0.290856417930667,0.277912566046233,0.735775627211964
0.149619731,0.184050770412689,0.156629816816578,0.122854591018214,-0.281107277724829
-0.494965923,0.0580186410624744,0.551468089606695,-0.0221587381777308,-0.250584915279515
-0.418261726,-0.212700888080503,-0.241574943781667,-0.30199731079313,-1.08659210335668
-2.194174862,-0.384183459490219,-1.43343342750376,-0.0523951832255017,0.10792056259079
0.78523993,0.176643187338169,0.750467306447456,-0.661949766550613,-1.08271396694758
-0.29580673,0.0280731284018602,0.111161993822578,0.00399531225426257,0.235111908049386
-0.008782186,0.0382792236563257,-0.059897164759581,-0.0287251218426037,0.233657899871911
0.733594254,0.397262131835301,0.592169368132545,0.11128439116714,0.109594651226319
0.222632945,0.127133241088516,0.22363574128718,0.361787135752172,0.531320779536824
0.394321124,0.330605461849919,0.25861462826507,0.30008441661195,0.50557337509097
0.903519096,0.453713579996743,0.794732587903647,0.067896543362782,0.0590766099439542
-0.231839255,0.0981732982930675,-0.153303660999434,0.281517018904035,0.204785388871579
-0.741269996,0.00949478387809376,-0.439275908742003,0.501258629599645,0.67990761558179
1.540994023,0.767450231002758,0.528033382215012,0.275546299707167,0.0902274720056636
0.701089045,0.183954865753896,0.649555991498398,0.470324077040155,1.35900379580452
1.860546032,0.575571377298192,1.06064823862698,0.0432704004991534,0.131237196631037
-0.532367059,0.108062389293551,-0.28571520291069,0.529177996624327,0.639163259795243
-0.484717454,-0.0600716612460135,-0.308669903462792,0.0439547655417429,-0.125020531374788
0.000406731,-0.00209018757978536,-0.0722476471066539,-0.155695002394656,-0.39613236932664
-0.413189938,-0.250278859143098,-0.14858254566941,-0.157522605849713,-0.0309482955688632
-0.008940375,-0.0167716471827544,0.0186715867583161,-0.112603469180807,-0.14174807963643
0.039785356,-0.0386716585154274,0.101438368313609,0.00367398650649292,0.115487006291925
0.355730188,0.092407082782725,0.401214323993097,-0.11131662209097,-0.0194426945653461
-0.012297982,0.0231354088120539,0.0269760167687123,-0.153534515917345,-0.02366989403553
-0.314003859,-0.0582527471031249,-0.285072519706871,-0.1609662977262,-0.270766923348248
-0.825825849,-0.154536409765482,-0.527674305701153,0.0244152551960278,0.286095722942058
0.978572824,0.0908576821274114,0.624859066629622,-0.272790713000908,-0.364130190622763
0.058085626,-0.142326457242525,-0.231886168959288,-0.319054876550583,0.239052030760763
-0.253536934,-0.0173055005863808,-0.226939046192059,0.06323341735365,-0.0115628017153532
-0.353467783,0.179386073133833,-0.197594069111022,0.310170901955903,0.303783282359816
0.873151189,0.246123653222331,0.872955327889745,0.00173796468589874,0.0263785163826831
0.43772457,0.140900039195295,0.518596251863047,0.0170395677394012,0.37945979734265
0.185857295,-0.057462616500656,0.0415615791277814,0.193538590663349,-0.0687145207017707
-0.809821109,-0.0079866738401581,-0.619617881974404,0.590142398586894,0.364668148081811
0.441927353,0.11186977917057,0.490294665830535,0.244905702123064,0.0872747335349163
0.978721199,0.376356064540728,0.818589491337725,-0.0720147821257759,0.127429215926408
0.059696378,-0.0261851319069353,0.0131257086134575,0.0236446168911486,0.191867833405173
-0.548317322,-0.225162104090404,-0.431104848816473,0.194474849466706,0.011678996372477
-0.180073193,0.134261906765625,-0.0656085150601004,0.169795808102413,-0.237057472245677
-0.134871986,-0.06162140756491,-0.249743198165955,-0.0112836051944239,0.15526309493841
0.6190849,0.00364915980310117,0.304208756086166,-0.271929135676744,-0.0631771059416749
0.10816604,0.0629151158865486,0.089696187559474,0.043929149092846,0.0160721773777952
-0.634947827,-0.204016826686717,-0.444620306461904,0.259096412105325,0.309653950569482
0.471384522,0.195031420493858,0.258009637165257,0.227376086572804,-0.0868873463592239
0.263699312,0.206358062068265,0.270087396117491,0.151582744425088,0.550479857609892
0.913428585,0.410172259840899,0.328651354278306,-0.0439357454746537,0.139504135515469
0.110623894,0.114998282753078,0.146008506384035,0.34744619812153,0.116303431686462
-0.852419501,-0.159045355928279,-0.600042482734968,0.278289585131494,0.57448328228605
1.163168334,0.475027871269242,1.05172484994207,-0.0373672343976655,-0.533965823285539
-0.429183031,-0.249608981159051,-0.342069707777793,-0.000324154276594879,0.405660407327838
-0.124051966,-0.200079684882068,-0.109367637215781,-0.0874003613182346,-0.0103076871331812
0.301142695,0.0360976873782767,0.0396052397027514,0.165543630715766,-0.218562960627478
-0.462696228,-0.18038987823734,-0.23404622533207,-0.152895536050734,0.439239091632214
0.843654063,0.219565037768189,0.553154742819737,-0.571804580679846,-0.424509047695478
-0.284992006,-0.0921818849404913,-0.236237645716162,-0.390415623334974,-0.497475757105299
-1.893783974,-0.676744016773005,-0.946750550924742,-0.0940099818093522,-0.232961744350312
-0.386632003,-0.075050514338596,-0.249592848850423,-0.288438047955574,-0.797131993461561
0.123626655,-0.0804454117961961,-0.00474706426358268,-0.533128041726661,-0.51379723055603
-0.497292595,-0.226771346492873,-0.314268968992214,-0.364703901909212,-0.0955747240654709
-0.308462022,0.000498024135692419,-0.132182211092102,-0.110277041402721,-0.0367760748853608
0.228143826,0.0779679596552918,0.0286612725082459,0.0211590224873875,0.345420451315167
1.254493488,0.309401689883292,0.956141944632613,-0.236484832585608,-0.0954696696117569
-0.294880445,0.0446588357181807,-0.122734794418365,0.0288905227778221,0.258819655048262
-0.675610057,-0.153166215518796,-0.443714382537345,0.0810179208968223,-0.0311949607091239
0.109411951,0.0639876875294206,0.179386605502454,-0.22039686916347,-0.520205652902678
-0.393586282,-0.236899038917625,-0.348707580932854,-0.592652612019557,-0.392250511386304
-0.860971886,-0.319865617911128,-0.615182989620011,-0.27722064338931,-0.358777526678638
-0.509581077,-0.24839503035564,-0.447144409130851,-0.17940757970998,-0.226110848780513
0.374045511,0.0793361537435248,0.310593093330482,-0.202768380796736,-0.235743056440182
0.033732052,-0.00475921430630183,0.0278496923603498,-0.127694913138472,0.285353394919767
0.438199131,0.179830216844846,0.372889165829397,-0.0588571754736016,-0.0922167093427726
-0.288599888,-0.0239626055178844,-0.22648990169567,0.107350603416981,0.180651303913599
0.003212031,0.0902266654617987,0.0944566567309873,-0.0482165303320669,-0.172498474673001
-0.140985878,-0.0136190600181545,0.0379050200319904,-0.0252205075510797,-0.136767663100007
-0.198207324,-0.291254749499688,-0.00318874814322455,-0.266464187819071,-0.327340583879684
-0.53940057,-0.229467770225627,-0.406051717508717,-0.217117512026804,-0.335172728580469
-0.540550731,-0.247367761487605,-0.300632742680521,-0.232851545430733,-0.322744291046198
-0.125383457,-0.191300918713256,-0.263202116364709,-0.475425075427427,-0.440648356530624
-0.323147264,-0.37278642768956,-0.0701332860369399,-0.426572644719537,-0.340222016817024
-0.509924188,-0.315473897837763,-0.313830824999864,-0.386866372750017,-0.353068000800267
-0.38844126,-0.312329007358358,-0.341611043381648,-0.348643502321618,-0.48382399534456
-0.516979825,-0.264995074860393,-0.362813649977482,-0.37088948553485,-0.365459152984181
-0.445667032,-0.348376504909437,-0.303804740463047,-0.232451426639036,-0.0834841219071304
0.410567404,-0.268244969108349,0.150871225520223,-0.389489873745576,-0.281209690058065
-0.03374197,-0.22153755905345,0.129944260032502,-0.300836129114946,-0.126095645132536
-0.596789827,-0.724267445867859,-1.66404839251886,-0.0715139955816439,-0.0794631704018096
-0.1694507,-0.664317695825687,-0.278744559523058,-0.200221326635202,-0.347294506582377
-0.101426227,-0.388761711007282,-1.63818008624523,-0.405764461107376,-0.453643496525335
-0.722357634,-0.727196891123682,-1.00748213507566,-0.368344851498823,-0.304493431493856
-0.517117874,-0.29964463804661,-0.408023303866096,-0.339079506725295,-0.483529614183468
-0.334204238,-0.224166808773487,-0.278393574875414,-0.347432408553903,-0.43731475173262
-0.354221818,-0.301221330784162,-0.214010177031196,-0.394208748021248,-0.312701169355104
-0.210717198,-0.327807831749641,-0.122112748459386,-0.438833615443857,-0.45154225562968
-0.579601894,-0.367176936051777,-0.346835117254101,-0.313101005829127,-0.298433706218257
-0.355720503,-0.276581190116414,-0.312031595676078,-0.404347160155545,-0.470514266415767
-0.393326204,-0.310922349532723,-0.342939236773455,-0.450839625028036,-0.454670128138444
-0.533040614,-0.330206838068383,-0.484901961365028,-0.409694974595135,-0.445002950448444
-0.564849761,-0.380822337023058,-0.414763339980972,-0.334622015563316,-0.317052061593319
-0.085698639,-0.223317044443538,-0.00495862690403622,-0.446433242619941,-0.44328924169628
-0.31304351,-0.240981489526006,-0.292083617460921,-0.429614358572586,-0.290182316869077
-0.417569174,-0.394160516883609,-0.338067883233055,-0.465431814923997,-0.374568115553977
-0.420948175,-0.344172703298543,-0.341304216947356,-0.396470042107314,-0.538416823481827
-0.732723294,-0.534729709451305,-0.51801254608378,-0.460134791089769,-0.394172592533774
-0.358460277,-0.198336955098313,-0.34439630344555,-0.37612026619479,-0.562997950316766
-0.781272266,-0.32209219262203,-0.623665554849432,-0.219855597794979,0.541551333236807
1.767036434,0.66472909993998,1.17212825341442,-0.398049174887086,-0.400837037356817
-0.058387072,0.0757883024895468,-0.192673102457633,-0.193170574423397,0.6072619272496
-0.202316178,0.299796044872095,0.0782504794905517,0.416633361096606,0.0568873603122367
-0.052157065,0.0177397618887593,-0.076006722737918,0.178128891522722,-0.078418604679353
-0.0013455,-0.101583174769761,-0.0564909335043765,-0.131836034046537,-0.0588749231002518
-0.004148601,-0.158579103979777,0.0462033592320074,-0.153498627651836,-0.164596972018863
-0.330051551,-0.120426576443846,-0.263261075008523,-0.173855183041813,-0.127905610200607
-0.198354447,-0.139520106617281,0.107275820806731,-0.224702496332254,-0.413768680690762
-0.598069408,-0.323622731774086,-0.411210337675799,-0.199157885158207,-0.231475319301202
-0.258659479,-0.208351756103531,-0.237362340339514,-0.340043860573258,-0.377637798888535
-0.196859219,-0.281130471877892,-0.0353615252555829,-0.349187735121295,-0.310256066222502
-0.288575525,-0.260934905271933,-0.308021582679359,-0.447687611972028,-0.35409837124272
-0.484470854,-0.279790123111046,-0.325313895142643,-0.389337334538991,-0.418301903056617
-0.599667918,-0.406054358876415,-0.432048083418778,-0.391985231987907,-0.392401913886288
-0.313309598,-0.407896198651858,-0.166760608483024,-0.478073492188648,-0.505916405707997
-0.42241459,-0.370743326138322,-0.379882654493329,-0.491449478332782,-0.426710223374483
-0.517481261,-0.434470132334267,-0.45479426959804,-0.42011126248796,-0.407848027429479
-0.408293612,-0.357559271205461,-0.386716251937573,-0.454113258674567,-0.439577379225437
-0.342002074,-0.313632349368907,-0.309336270646822,-0.490342020977103,-0.500439841809293
-0.586001831,-0.346395164335885,-0.414492142444384,-0.382731156174379,-0.445229528374074
-0.623652318,-0.389984756959686,-0.315826020231642,-0.264848633182057,-0.296651125988963
-0.002005763,-0.208984299911327,0.0857641572523509,-0.47234020370086,-0.441215305652927
-0.232731628,-0.21338955314521,-0.0798880008409801,-0.409386612231194,-0.286052226234126
-0.503080496,-0.288816569533156,-0.400181526645993,-0.316701478935757,-0.275566674719763
-0.312278715,-0.254159613006036,-0.144743035488563,-0.46096140544269,-0.475868680411407
-0.418352147,-0.390490937456296,-0.307922658081265,-0.455304493682174,-0.622932610946794
-1.096905558,-0.344154961190668,-0.598374750546062,-0.364040783607626,-0.13325472411121
0.244818625,-0.0318175179003309,0.458392364171064,-0.533247771718938,-0.726421166480541
-0.477481383,-0.394685757090668,-0.301934730797856,-0.432036239061335,-0.149410353859389
-0.35173338,-0.242086371074758,-0.277395998571597,-0.507794056665535,-0.395117097159023
-0.394167055,-0.333090976067138,-0.176954579538113,-0.353943613461725,-0.373259346545882
-0.333966329,-0.322968075730603,-0.317736332906404,-0.504018604236038,-0.54156902335996
-0.7087929,-0.381186991902605,-0.554901860934889,-0.424086950287431,-0.477116257792725
-0.63894086,-0.490158068562739,-0.464649537893376,-0.434194675716597,-0.557150529535472
-0.476889682,-0.443730901022334,-0.353756200475992,-0.559222682059231,-0.504120890312723
-0.313366678,-0.334844400705988,-0.302227873800251,-0.552382553704874,-0.586493969361671
-0.715439492,-0.361354736236066,-0.515312850188655,-0.722073696361644,-0.381768091487926
-0.214558214,-0.19796209316169,-0.181041915601245,-0.716923535789231,-1.12832323361365
-1.859226289,-0.702112498146393,-1.1524353734863,-0.443472469154223,-0.196718975856002
-0.018290602,-0.135400265905893,0.127756770841557,-0.637103364287538,-1.13348890073253
-0.707430171,-0.291055217423539,-0.502629897058498,-0.590443459654457,-0.272913171936973
-0.258430589,-0.184972313045236,-0.0807940983731237,-0.592659685847099,-0.544329524821149
-0.44951543,-0.254254923222568,-0.283630790238495,-0.391353339811349,-0.379167114009962
-0.470606245,-0.339634318854868,-0.272095933315517,-0.493914162008221,-0.356800313903212
-0.250033774,-0.305010405501112,-0.0357331941088772,-0.443104851829833,-0.470966000582005
-0.46244614,-0.412874388019926,-0.206962363476642,-0.441690280598208,-0.422828903598188
-0.577843431,-0.345892785817856,-0.335417012301505,-0.318229537368745,-0.458659803739506
-0.559870084,-0.340738516844621,-0.332776339475254,-0.376698548064627,-0.298345152323904
0.050363416,-0.205437941565998,0.066992984488892,-0.560339965282603,-0.556447406028546
-0.545789109,-0.426192594920544,-0.34977450782114,-0.459668600085256,-0.319208789001594
-0.620317298,-0.372974371637466,-0.435923979615054,-0.405954814751654,-0.468682397150698
-0.474859038,-0.298342008129867,-0.264314957742935,-0.404766204681008,-0.510977610594533
-0.431748065,-0.450083954891239,-0.24365300358971,-0.512320327949606,-0.437218622448877
-0.348964253,-0.436703204892479,-0.19523129482205,-0.523815068466074,-0.502268960832519
-0.549767504,-0.418367172722544,-0.363285320592823,-0.444504043527129,-0.502225885057369
-0.699162923,-0.3563477364557,-0.602955893404901,-0.409969441458242,-0.418759913714006
-0.300704456,-0.307475884805376,-0.124884244446566,-0.484026373266367,-0.536965098598854
-0.386789016,-0.388248059116313,-0.19045591821078,-0.444269096578476,-0.420302119665638
-0.505222031,-0.39873252211033,-0.245026053201856,-0.405590176841537,-0.373335492128819
-0.318207517,-0.347943955355575,-0.0798045551007825,-0.441378797121517,-0.556607059356002
-0.66214069,-0.404390093131185,-0.376290385800533,-0.445460203169724,-0.383726208234559
-0.409564012,-0.337886689678117,-0.222694795777339,-0.472648683220186,-0.560029435086133
-0.577724647,-0.389805816698033,-0.341500494299745,-0.395748369729778,-0.268993695221785
-0.035823604,-0.231535576021059,0.265694076696201,-0.511568940130318,-0.50279607569169
-0.444419048,-0.316040670034497,-0.399663872208978,-0.474655232679732,-0.292781811023406
-0.445580831,-0.324103951643771,-0.373364870654726,-0.502991771704849,-0.50706859274344
-0.627840938,-0.354328366601755,-0.475898047748741,-0.413364987189247,-0.504364855094147
-0.595683683,-0.453989056524264,-0.202559098465897,-0.527748277194448,-0.514478092236592
-0.35475062,-0.417205695190395,-0.230444045554333,-0.815876728394536,-0.724718501688119
-0.781469716,-0.328887500186752,-0.563767041828302,-0.690305670003072,-0.825259595821099
-1.363456436,-0.424150949843928,-0.361759891937879,-0.581418443776454,-0.696554938280596
-0.716692439,-0.279210495057324,-0.491276342275791,-0.606686244024647,-0.837084681222969
-0.5653517,-0.172645015734411,-0.389128656739738,-0.64153367449513,-0.153720135179326
0.661238165,-0.134965507667328,0.604373849352878,-0.705469385582068,-0.534377481970288
-0.459017318,-0.346251643020812,-0.224085399363489,-0.465521101263669,-0.0244414477487103
-0.458447233,-0.348446828610972,-0.25178144605621,-0.500238075632626,-0.597175075140364
-0.855829599,-0.453595954003967,-0.560723444069935,-0.408431806803688,-0.710509795027619
-1.098721953,-0.541782941042413,-0.629445389178359,-0.476378134670918,-0.561595617964164
-0.324259659,-0.293756068617792,-0.249221079943681,-0.639757071608416,-0.70809529154504
-0.355899604,-0.351020814556905,-0.180652998626224,-0.56603682267861,-0.41938407493336
-0.424956013,-0.385248002805623,-0.257748317742154,-0.389898634293357,-0.330231331050629
-0.326069368,-0.305035140169449,-0.142674489242178,-0.379741375067233,-0.260730481897251
-0.030443466,-0.138423587195866,0.00856178037843985,-0.419252651832086,-0.434020102382946
-0.536983163,-0.403988555468516,-0.338255341300367,-0.362472186662164,-0.278318021018133
-0.481294586,-0.435778591353882,-0.329486498045189,-0.403445496494804,-0.4699443923047
-0.460648148,-0.277743272704627,-0.337914995595098,-0.375343260403615,-0.507547864878653
-0.560786226,-0.399361181304827,-0.413243086880028,-0.355259606194449,-0.428592430990562
-0.475097308,-0.270521548385984,-0.365999280252419,-0.358689042081022,-0.23954886775265
0.152983471,-0.22728583567773,-0.00404993268358488,-0.45022217328213,-0.452843917921141
-0.449277602,-0.0761708800359526,-0.238318626867447,-0.176392217220973,-0.0981088665250264
-0.339596837,-0.10282999066232,-0.166076950530063,-0.169654837274322,-0.0692471529692038
0.436048759,-0.0316886613347448,0.287167719657632,-0.303936423553443,-0.625301625597274
-0.955758677,-0.391604877015358,-0.350992388084625,-0.262885812092296,-0.152266131960166
-0.644800487,-0.155976256373528,-0.423601447480779,-0.322973016845839,-0.633734246461473
-0.512412608,-0.198208914696693,-0.503796208414843,-0.421891806659545,-0.555912719158019
-0.442530885,-0.376285197149159,-0.340039092031416,-0.559346140184585,-0.510364977395636
-0.495683523,-0.410083506746006,-0.357933553777483,-0.439259069914702,-0.442910139458607
-0.454476841,-0.383247275200864,-0.379564425339714,-0.446618827416726,-0.388704243343118
-0.229204301,-0.336312273368173,-0.0908151526952191,-0.506092845147171,-0.539100809014278
-0.634300121,-0.403512539995333,-0.286545981260298,-0.394470013668683,-0.396224645533174
-0.547483811,-0.316614102436213,-0.478443479806782,-0.48190088200697,-0.500489120614966
-0.354858756,-0.295309042964496,-0.202853309534729,-0.5842601179348,-0.67811591270503
-0.811694273,-0.472599424456488,-0.37951487036398,-0.57521525123069,-0.572520371105714
-0.765525286,-0.53461078686207,-0.669985543935,-0.611890720216146,-0.739912586729124
-0.753456131,-0.438676326386823,-0.438113454393296,-0.543143109245901,-0.687141157884107
-0.688288574,-0.291246208133561,-0.595978491142643,-0.539517034762273,-0.465242606079271
-0.150443924,-0.195946984028666,-0.161822614432072,-0.393163869038585,-0.508333667643703
-0.414398076,-0.246318005388782,-0.323486136731643,-0.211899753525661,-0.00347439674902908
0.281839596,-0.0239646517039682,0.285824590888429,-0.290053350487365,-0.240026935871061
-0.038353668,0.0110801297020262,0.26809228246123,-0.216701308028837,-0.110434038690229
-0.376912282,-0.278371519585103,-0.311980166863134,-0.321627636170711,-0.276185226218591
-0.554646195,-0.282182646483004,-0.326062407389905,-0.219718162776974,-0.412465544198309
-0.541190745,-0.399314265436816,-0.365380465988742,-0.34564836950558,-0.405670779985876
-0.292713328,-0.332911501684414,-0.207978250033123,-0.429206876105065,-0.411922388355314
-0.279782056,-0.323905210958769,-0.078716284343306,-0.370544833038044,-0.324909968669652
-0.365911285,-0.275296217543635,-0.34771162484055,-0.297360598384821,-0.174424648766753
-0.013781436,-0.205445666135496,-0.0909980189730191,-0.29410102121512,-0.343086893802559
-0.360040727,-0.213791004323309,-0.242172096373205,-0.151006404769768,-0.119046419480634
-0.210601067,-0.147433007215362,-0.171170218759955,-0.16801868065421,-0.138796020039865
0.033935467,0.0208512945245526,-0.071018784599799,-0.0989406222560957,-0.0822330256020051
-0.078313332,-0.0300545972527398,-0.0314196472835972,-0.0361490595714461,0.425547369508907
0.990854792,0.399824257134754,0.7211806151381,-0.020086567555322,0.0126053276679648
0.130016376,0.0953864874242798,0.0679977211443261,0.164400272621523,0.35601130337618
-0.083317559,-0.0828003407748842,-0.112658223703965,0.00571068087885876,-0.0468008644254653
-0.276521054,-0.0502755025383956,-0.198430024096931,-0.104549552804974,-0.330674882429859
-0.691530803,-0.310025264256204,-0.485074485757873,-0.156260940849753,-0.246939755607865
-0.2412039,-0.247807976820963,-0.234790957064234,-0.263567138314209,-0.473531876750748
-0.393132837,-0.226035399158691,-0.34796428218908,-0.174981210116337,-0.112512053152812
0.005543696,-0.0209983539965345,0.00678818769096355,-0.310218776936833,0.0406150728316394
0.605829592,0.467789155305194,0.677437873655932,-0.269979123582195,-0.208557520052704
-0.389824484,-0.152172846017242,-0.299485110042194,-0.0801904977168169,0.141522053499171
-0.353752277,-0.133011872593652,-0.291279950508437,0.0883842917900676,0.127549489279307
0.401601393,0.322077852867334,0.270928086379773,-0.0565891975998316,0.393728145352317
1.291902347,0.690229080907254,1.01299362645746,-0.051226816771065,0.239320267927577
0.260808014,0.175772004394666,0.444636281399218,0.343558240501056,0.458862613971698
-0.236421422,-0.0922749159343487,-0.241812334115996,0.21105950508839,0.119493396498855
-0.176005839,0.0157755168013176,-0.0523720669353839,-0.0420775664154794,-0.0855201848891941
0.027388614,-0.0314525380911842,0.0274481593028108,-0.0958654918064539,-0.259814829010296
-0.451033983,-0.207934585484102,-0.360808763423539,-0.010623217752251,0.114361616773899
0.294066602,0.024961318415657,0.0989722752590799,-0.225208068729955,-0.254883115591942
-0.089315154,-0.0252345335249836,-0.0430378655757686,-0.0793719508968419,-0.0703215842992679
-0.397355001,-0.176363429233952,-0.275211043390584,-0.0755257248479364,-0.00750742713622816
0.058194593,-0.0505576030765294,-0.080884644785642,-0.100810681580557,-0.230469142910804
-0.122535327,-0.0337472014809511,-0.143330464328481,-0.0486269362413303,-0.0410352403251098
-0.207690256,0.0419366531827489,-0.0762904748900815,0.165599138168367,0.270250712205827
0.631673537,0.26741870584148,0.280321006470816,0.178733705076828,0.263920407567484
0.817264763,0.264684967150725,0.511231862567217,0.0648433355948998,0.338433415846935
0.242834877,0.0735470482844954,0.0294236364402562,0.138089926116699,0.259762075366043
-0.317757542,0.075685899329135,-0.218628701345146,0.377546144222378,0.223296837410741
0.158676144,0.162454469532884,0.222810428204061,0.107774327830789,-0.145496171263982
0.026709533,-0.240992448975816,0.0391638929361627,-0.167908320560961,-0.255581917671232
-0.664402147,-0.0936755067455778,-0.385669886145653,-0.12270070211595,-0.141110504933166
-0.400363609,-0.0741070108756264,-0.25942100396534,-0.152568269039779,-0.212382350174747
0.213074681,-0.135623657156703,0.026336531552879,-0.301826836838084,-0.367963313755447
-0.31801314,-0.226694370663734,-0.272486189714887,-0.295495951183842,-0.0791200493308451
-0.280691231,-0.143429872058289,-0.159772480874646,-0.249571479571739,-0.250136875918989
-0.176171574,-0.173041243538154,-0.256944314104395,-0.2606819263377,-0.4642989521093
-0.736408959,-0.373234077592894,-0.587913287970972,-0.200362749838225,-0.182502515439645
-0.228980446,-0.168614500762818,-0.32356036527692,-0.220696590832346,-0.25788060294605
0.131806034,-0.0764146295958367,0.0909351357223875,-0.129177367327507,-0.0572550384699396
0.229976471,-0.00157980589759387,0.104064235258906,-0.0915382938076949,-0.0230257095673889
-0.166600142,-0.0371261886561836,-0.136245661507848,0.0992340660234739,0.194337119920769
0.249644698,0.00564979250515403,0.22859394786153,-0.145700705824502,-0.153004255512464
-0.025069258,-0.131154010288195,0.261960808332281,-0.224465644004785,-0.481971094875399
-1.407164021,-0.488162880933875,-0.773073131438693,0.0901585417308547,0.125989602121405
0.275677324,0.0182699076902561,0.17438753929607,-0.198717429874691,-0.565534466680873
0.108265368,-0.0273097746299989,0.0582211570964635,-0.211585759858723,-0.0661775303190531
-0.243550304,-0.108334053068688,-0.056025167265319,-0.1185833701592,0.11546539802657
0.151791561,-0.0362296580609515,-0.0311211819482995,0.0310668625905972,-0.0905531622707084
0.004397992,0.0293961215600283,0.0410992046858978,0.0269659607026601,0.0740587591464821
0.043441928,-0.0425889118004187,0.0528415194859518,-0.0176460258295987,0.0459235627481338
0.077263737,0.0401984745881686,0.0829940261613664,0.139291259227982,0.0441575295979487
-0.04811808,0.0598912727376352,0.135214041805933,0.188952270010261,0.334066355741875
0.650326288,0.165250639895134,0.439343390929431,0.0400305509438869,0.13049954943591
0.367344161,0.136073697131715,0.516804748321154,0.0776326649581622,0.203671252660131
-0.123887991,-0.0536333934875886,0.0561403922223785,0.106432955640126,0.0785352410791516
-0.267790837,-0.10801606368747,-0.278153996664347,0.0675688773506878,-0.0555740872111295
-0.051010713,-0.0785985734035063,-0.0559498034877453,-0.145316981194626,-0.189576428514292
-0.137625308,-0.0776734414726902,-0.102473808616216,-0.0992094919800997,-0.131365081431867
-0.270468107,-0.158927235180065,-0.219174208813108,-0.0205405129187168,0.0879808872496905
0.26352275,0.0977500254997433,0.420363439433246,-0.102422868809781,0.14450915879443
0.741398691,0.166906628481645,0.713851995389572,-0.21306828361734,-0.213218255977542
-0.643890797,-0.250670145276236,-0.56403237173801,-0.125224769056457,0.110301045321234
-0.477388423,-0.288224358469687,-0.433372723832435,-0.216493974235633,-0.330572488119737
-0.200157593,-0.155386968564395,-0.179121465144946,-0.281248386430112,-0.377695695267162
-0.348471556,-0.232489223636657,-0.353224230357208,-0.225475790143287,-0.0742165881296587
-0.042377161,-0.0438885335195446,0.00470981505271796,-0.168266165058726,0.262673040944135
1.099449909,0.642115278606008,1.08635708148765,0.0585641885188892,-0.29906161128236
-0.697580942,-0.250259805625869,-0.565291071638062,-0.0912473130431516,0.730142893721346
0.700606106,0.411590912727804,0.640574087015978,0.0277830837282801,-0.417355245501939
-0.405994635,-0.116096327142583,-0.316913135447014,-0.0572846118351329,0.147564566339431
-0.325254079,-0.176409918196463,-0.2000239853054,-0.126775252648313,0.014603355208898
0.375880643,0.135741646563402,0.230448729068687,-0.0494080979276103,-0.239308402641196
-0.276516006,-0.137861050104555,-0.121553574778888,0.0628641326824047,0.378570667986689
0.425217112,0.160644738622651,0.551451354159586,0.17213745724142,0.314937144678075
0.900171724,0.198908444319361,0.635954213557986,0.15934235363565,0.362737937359394
0.512829849,0.332915133306192,0.446012895658727,-0.0586530862079913,0.264982124846
-0.196908586,0.0709063765742953,-0.138867706937155,-0.0216615393758435,-0.113071619432853
-0.788447613,0.0311516209060344,-0.822973454161049,0.295970664770674,-0.422327309059026
-1.115589602,-0.402020501395015,-0.698305688943809,0.124064658251329,0.283001009485995
1.48954702,0.656651987637513,0.394808481396753,-0.30649365539709,-0.583688995006423
-0.291039303,-0.223376281106462,-0.285234263555747,0.0077655469481249,0.990405070891657
1.072190235,0.274536622214462,0.937881333058224,-0.163668313710856,-0.170919939369773
-0.224080732,-0.147391524255032,-0.338876208585041,-0.0293118766677005,0.215737098747778
-0.460417225,-0.286420509653323,-0.470855355113108,-0.107961138718389,-0.282694354657081
-0.739579852,-0.115539358660648,-0.430720922862127,0.267158546736191,0.196298084528477
0.793467508,0.339146187954493,0.616743695206685,0.0626202853164157,0.0483060304180458
0.87031593,0.348781409281245,0.778155965807254,-0.203521645589365,0.437512699244216
0.507935624,0.270727550642021,0.368229052314878,-0.053175551432086,-0.0138631224775955
-1.009807099,-0.25963479953134,-0.885376053314859,0.516501981034851,0.295197044455417
-0.117232591,-0.150662278219018,-0.539466751521806,0.256775637537847,0.0604342761905075
0.939480173,0.514522455125375,0.944677880185299,0.112530194419346,0.216294904940331
0.806388436,0.242356791067087,0.670503657921148,-0.0595172546321506,0.259580890495319
-0.222562839,-0.00635478113930254,-0.0791521236255986,-0.083078932010215,0.207353659091666
-0.316746829,-0.17536019272273,-0.259252070994985,-0.0696061649557443,-0.422682155435183
-0.875355661,-0.515986398023444,-0.765055202167517,-0.1557392970962,-0.24669117384524
-0.19011306,-0.160115624389559,-0.249418362405177,-0.402089536142653,-0.567057658821436
-0.366069371,-0.303910104304946,-0.402324843266839,-0.427812362758166,-0.262800088638935
-0.206721239,-0.165822433556567,-0.0476691212868992,-0.447088386124751,-0.410871593184382
-0.574252152,-0.0489287996693807,-0.498156437573386,-0.169185068508909,-0.0492207705458185
0.164286601,0.320846561403701,0.59802592074108,-0.254441664437413,-0.292593589271537
-0.059369092,-0.0792968376727602,-0.05665884497451,-0.0943217976499094,-0.0103246804872968
-0.112753274,-0.149277616226743,-0.110796496180812,-0.115739366044953,0.0253567379631231
0.208903344,0.000421839086374684,0.166111682965534,-0.170364684703295,-0.336429510504731
-0.65235268,-0.382597036354191,-0.536802085800217,-0.0555655213574167,0.0266849015753024
-0.075254015,-0.233281553946223,-0.240230774794411,-0.329557474835071,-0.415010762149955
-0.212646979,-0.300168262866338,0.0036282180511123,-0.245606944394481,-0.468920912527006
-0.891612515,-0.159939131949713,-0.512094175409886,-0.278733964549457,-0.219810895487987
-0.196072643,-0.166489873118042,-0.0789047502446261,-0.282259079729919,-0.662938567479664
-0.515508358,-0.153309403298442,-0.62288103158668,-0.361967139749571,-0.284927452832468
