630
-0.583433248,-0.238231047196933,-0.444170279453407,-0.808880856885966,0.0356750330667566
0.460391103,0.106307550833685,0.368603165931853,-1.26728391380808,-1.54966759291894
-2.657593498,-1.02482198187419,-1.18903517001624,-0.156077414283283,-0.217024824114531
-0.947524675,-0.0186056043850215,-0.534276335039772,-0.410997160135665,-0.909457385636122
0.438689141,-0.0966896142559442,-0.16019654400412,-0.671023840048009,-0.492728571003465
0.106846478,-0.153168217272616,-0.181383792956851,-0.541058558125523,0.304839628893264
0.507341734,0.107616702738393,0.837318209671717,-0.0533609432374713,-0.0190304713779732
-0.303442295,0.00648614000199662,-0.252958183515937,0.452351007078864,0.553527916136515
0.686411587,0.0299238232413704,0.583785973391089,0.150298036374377,0.152092763502773
0.618668305,0.310940476453805,0.368818050889698,0.164403244184018,0.173187682547792
-0.326817874,-0.207483171320769,-0.268979349238032,0.0894111056918006,0.535305073721423
0.58293747,0.334660333157974,0.384090884054257,0.205387668148882,-0.206703803719245
-0.3990709,0.0351409891486425,-0.338944368030307,0.411057991110664,0.608036480295746
0.709916966,0.361299861775156,0.756067162099808,0.25986367402145,0.34900563036259
1.060225075,0.0666940010676151,0.595566349847733,0.316815489763518,0.50102610132571
0.490896502,-0.145042507400978,-0.795940489156065,0.206463860517262,0.56522526709619
0.172248406,0.200013905044505,0.129240807306921,0.464109563871594,0.277178143791224
-0.019070914,0.441328016680908,0.715529535381048,0.330556484400527,0.133743113191488
0.009411507,-0.118838096209498,0.0245134750104087,0.248030393406651,0.103645386273144
0.150868088,0.13854108890793,0.150394449707322,0.279925636577288,0.207278714664387
0.388380858,0.104154372981661,0.124501583444345,0.296223819343222,0.310661731868644
0.467299386,0.107361678022546,0.126618655312814,0.25035754236399,0.489002787702097
0.74364605,0.234702830805852,0.0766601707981901,0.264139752110131,0.212332112442892
-0.089784631,0.256561083766884,0.078784904725841,0.507032690762046,0.521076747483708
0.301894996,-0.0134962687775015,0.0525301271509397,0.236893449310352,0.300750739181332
0.765757634,0.169231331862783,0.22502012771773,0.0147630861020451,-0.129589291357253
-0.580088893,-0.056017673710385,-0.413414535072927,0.134716632562274,0.255141727274329
-0.350596179,-0.0957340580410993,-0.21186864254436,0.080907859517937,0.199620295925202
0.894776535,0.305930420232907,0.842379434309078,0.201672832486177,-0.0841702556826789
0.109884671,-0.0963720623408743,-0.0436940664317275,0.0729707254931338,0.669560589262147
0.689523415,0.508009281816726,0.702628744452761,0.510924311716434,0.252656269259248
0.197403077,0.00168549374111582,0.0369392998853925,0.260424878749164,0.768282586157924
1.142837385,0.440282197263164,0.829733424615811,0.260122489876234,-0.0395178287230229
-0.469976888,-0.0978003522381052,-0.335677244849981,0.517910428428337,0.706166857363881
0.361729905,0.320534793595721,0.376262897694689,0.414795438163365,0.19045312228454
0.637136776,0.488900684702177,0.648703459265429,0.54973616639161,0.42623338594956
-0.288395951,-0.204311889082873,-0.289475449017467,-0.263622080810066,-0.210030625108101
-0.120393632,-0.312185234314251,-0.0879254328383173,-0.31244817462937,-0.308555128796232
-0.316787963,-0.206273460470898,-0.110323052069868,-0.306934720994529,-0.280893092435564
-0.429371765,-0.256326351469839,-0.311970455061466,-0.263378684063396,-0.31786711005576
-0.407589329,-0.213570222700143,-0.297032339859747,-0.263287891157049,-0.19843278467986
0.037150148,-0.179314649363194,0.11657865886379,-0.297491478083168,-0.269982695289766
-0.119263745,-0.0902698308631938,0.0309302130075792,-0.321132927911263,-0.117668034496013
-0.149964047,-0.217018889147193,-0.0611164841401373,-0.299479778498699,-0.314352579070393
-0.559982302,-0.243573088452097,-0.394667918298965,-0.199131514587225,-0.227825332686717
-0.303912584,-0.233701161262471,-0.207010778825017,-0.34804327378275,-0.428737498868907
-0.289087279,-0.25099157701417,-0.16919462475601,-0.59319142616958,-0.547350521102674
-0.574062796,-0.119832313883976,-0.651655013157824,-0.499053904367594,-1.06049863361507
-2.201201354,-1.10330596708046,-1.25845989049177,-0.181602190524539,-0.112864351792664
0.420657572,-0.135899593199661,0.404650297547873,-0.759010965599559,-1.14556291661069
-0.34014116,-0.091735702810487,-0.266250567249195,-0.505251303027123,-0.137468440905085
-0.378808941,0.0324060867706177,-0.267074845324661,-0.274950713059103,-0.199407479817095
-0.447936139,0.0694715454250454,-0.399421506273636,-0.180257070041962,0.689065504981787
2.143908573,0.13511513889167,-0.137388124005866,-0.364739223174292,-0.485865672071251
-0.607734439,-0.0552737370393515,-0.633923917780378,-0.111208819110613,0.81268114085275
-0.097779128,0.0251398682412207,0.0615658089495866,-0.194773504643289,-0.28930949870426
-0.298649308,0.024822195902071,-0.135037493521653,-0.143184885542509,-0.299597976764787
-0.48980089,-0.238325032326716,-0.396649929204333,-0.333353191168785,-0.342044761661491
-0.488380292,-0.297774262960721,-0.332946131372613,-0.208919015565511,-0.218412192226556
0.061447719,-0.233066787869174,0.00744920249370681,-0.33523304987626,-0.348276264232331
-0.194636269,-0.193500011976164,-0.117450350995399,-0.362306587183461,-0.167701214222037
-0.287841629,-0.183137278006754,-0.1946011057227,-0.305219058246547,-0.319076207957659
-0.503495396,-0.155603118446303,-0.315115755038928,-0.158437032140069,-0.273976567500037
-0.364432302,-0.281853359643468,-0.186821123143206,-0.245356847331868,-0.128387592208005
0.330843852,-0.0857052303894006,0.406365133509293,-0.417146650259105,-0.421963147918019
-0.443997844,-0.0652644006734394,0.04315998130485,-0.375175267176954,-0.176185048851839
-0.560696169,-0.167906462180698,-0.444596645968416,-0.384481612420855,-0.505173145276813
-0.717091899,-0.241150263508795,-0.544876328852185,-0.383609516231723,-0.454133328461054
-0.361532794,-0.368021048201753,-0.234276059802773,-0.478875342435502,-0.586902662238977
-0.519946654,-0.327712191372114,-0.353290547031138,-0.372742819394062,-0.348677085262681
-0.301579275,-0.287512095095429,-0.122596283410045,-0.36723210406805,-0.353018030733576
-0.193530005,-0.18001651846888,-0.101396992817267,-0.294717789061214,-0.292379342416152
-0.33118648,-0.047784183031775,-0.249807003960224,-0.169570361732646,-0.0116631684204791
0.132980857,-0.061306775447203,0.0487282917636194,-0.103738505342231,0.102754763841853
0.593651394,0.134862508992447,0.842827647627115,-0.0695309942250012,0.0811912309728165
0.144225255,-0.11363333285395,0.0753380098546259,-0.0160506177969604,0.169573890913527
-0.185519412,0.0588480910398264,-0.0567736472768462,0.0660883748225901,0.0408443948302394
-0.077579643,-0.140596393617376,-0.0572359882750928,-0.0532975799338291,-0.237739164948986
-0.300738271,-0.119671458218189,-0.290088436334587,-0.339666678340226,-0.349693308371258
-0.554138957,-0.207252474807705,-0.370560923410802,-0.318343993190658,-0.611815181201636
-1.147078375,-0.230524089262476,-0.369083987861392,-0.166878873994409,-0.189521755640842
0.15359159,-0.0994249326442116,1.13331400073496,-0.52514395028683,-0.520281576218355
0.105747054,-0.182350559062312,0.127935342128977,-0.521173764737392,-0.27565985663252
-0.52484883,-0.153190767725161,-0.45524151475623,-0.456850397169127,-0.217006132725623
-0.51755992,-0.188330981537869,-0.37786118160211,-0.46471862873585,-0.482891636724757
-0.492070525,-0.265338120133348,-0.389049490730455,-0.413086732898699,-0.633162477135203
-0.970459458,-0.332158783941187,-0.644678715699364,-0.331724986405945,-0.0351734989524734
0.513760364,0.128818456791138,0.503489575822215,-0.36563463621112,-0.493381773541783
-0.090977488,-0.032096757194108,0.0268378175198901,-0.0889550832373631,0.116209850036521
-0.117662084,-0.0119969114408047,-0.115955288497322,-0.0919017057624142,0.0858830318318466
0.254511405,-0.0484213121586984,0.21549153081307,-0.0181967150514351,-0.0943168109087695
-0.002468357,-0.0848217163458037,0.0947453838625827,-0.192598000741337,-0.172239964838886
-0.53045921,-0.24294898917194,-0.395025591873055,-0.147638123874407,-0.300143001075401
-0.715062962,-0.288529185349611,-0.527088911895535,-0.150018131158842,-0.291801238071607
-0.115715776,-0.286914435364197,0.0532614042836469,-0.317935660058652,-0.46581906400093
-0.226863314,-0.291562757186189,-0.10371169552038,-0.471713684232905,-0.313050816307787
-0.413930622,-0.305121835259812,-0.200424005877638,-0.434052712151967,-0.360369331556173
-0.50849931,-0.351210985526471,-0.342164825785486,-0.35158061542841,-0.411662136621163
-0.430596144,-0.415853660175095,-0.268213716788938,-0.463476588949964,-0.485066091719909
-0.446913254,-0.46193106278863,-0.340860170298989,-0.558739385502538,-0.553817616325338
-0.675398321,-0.499099844731553,-0.498086659130394,-0.495870449311642,-0.536293579269547
-0.668748252,-0.457308459186231,-0.440163725615472,-0.465813245229301,-0.514794452519087
-0.416812854,-0.382138810095057,-0.289199486642806,-0.464340518951107,-0.446632727824066
-0.242686784,-0.291530901715726,-0.202057609044813,-0.285123183177435,-0.301598923632089
-0.167267807,-0.193166939070747,-0.271591157213694,-0.278063390191668,-0.160682468117986
-0.040464653,-0.196232363143005,-0.144171612752559,-0.238994422330397,-0.133722721581388
-0.046731348,-0.139967625066437,0.128751277204385,-0.2189748279266,-0.178984620154587
-0.298996797,-0.250988343883285,-0.152002213943547,-0.171847098403581,-0.164315395135336
-0.285802547,-0.189223916361905,-0.194967651053886,-0.212766799348718,-0.253164060957579
-0.237139217,-0.210580892141941,-0.142046609328654,-0.235790885331482,-0.285377131969368
-0.31205028,-0.195584794459795,-0.144646814083571,-0.20105789694421,-0.199333587774122
-0.181229381,-0.186354714505481,-0.13093611468052,-0.191876057328949,-0.153280441138813
0.011380098,-0.203523902479811,0.00434693266508489,-0.220786950283459,-0.147802074203354
-0.088007509,0.0318467076852276,0.0361382044674572,-0.0775406598862343,-0.0813376210349084
-0.442834086,0.0626127917070651,-0.248429228694745,0.0711788591121198,0.740903117444488
1.832573827,0.168900838017091,0.779906913472507,-0.196765581415783,-0.188065111724768
0.102472131,0.0614911986404613,0.137818456025996,0.295123773700701,0.499360598841721
-0.791711902,-0.0871922650070246,-0.663880096572965,0.203442814278387,0.72975502767153
1.415871424,0.313414595495622,0.901194163927227,0.0417717189219018,-0.500248153162623
-0.373821745,-0.0598167663786281,-0.242819149081546,-0.159903172792041,0.366346610887515
-0.463332375,0.0515633118208778,-0.260551123648852,-0.157477060333456,-0.0194573931596501
0.133550136,0.0876636010164947,-0.122085052376923,-0.00230095154853927,-0.21221685077621
0.026022368,-0.05827643503028,0.66202055333153,-0.240886924456241,-0.074069921128652
-0.175620095,-0.129618476452189,0.0153866282580804,-0.269269332608556,-0.151325935064528
-0.291113716,-0.283405890317905,-0.197404094637408,-0.238860808177249,-0.355868916922262
-0.626548132,-0.305223808106483,-0.502165595799017,-0.155620543404182,-0.248599749723748
-0.280222629,-0.15003448103341,-0.197124719692771,-0.185329147851435,-0.252670233150778
0.08741045,-0.0510540909525596,0.0547673840071675,-0.282160665048299,-0.184540463456734
-0.025870805,-0.0905200147636761,-0.036305579079707,-0.17577906247162,-0.0636661782708412
-0.213494705,-0.223123018293104,-0.206245733845593,-0.117622094175122,0.08566129619747
0.340914288,-0.0648831918731795,0.339154257200702,-0.271300750290327,-0.42661948369607
-0.668893321,-0.264044612111093,-0.578768561634245,-0.223375617592384,-0.203852567192686
-0.717978308,-0.311087841995733,-0.56620402586254,-0.420506519025956,-0.463401020270565
-0.333559817,-0.268386656100413,-0.388591820852719,-0.480616268046616,-0.724913031285638
-0.855516496,-0.565276202519839,-0.725142015644579,-0.474912461597631,-0.303174208753189
-0.158537804,-0.33426570744412,-0.0328335750821211,-0.652206778995602,-0.674657329229515
-0.55574424,-0.293091073226862,-0.397281349716949,-0.421744382071426,-0.431849658400449
-0.670899882,-0.34132443870104,-0.44479972173481,-0.526517177389247,-0.391184637092944
-0.211595603,-0.187143809841916,-0.281376769993067,-0.501373494589067,-0.630843900601075
-0.639857623,-0.396660189878256,-0.530370907333242,-0.521821731401925,-0.375056011825274
-0.432422985,-0.33853076558439,-0.40515867827122,-0.423229918655036,-0.645018534347328
-0.813939881,-0.333524155964104,-0.563163188346546,-0.279960696585448,-0.270214358543361
-0.099676754,-0.228590415595963,-0.10761860678017,-0.397272215081678,-0.381244367099482
0.059468347,-0.126010568055718,0.215368504345672,-0.409836299951467,-0.275666997433318
-0.313541854,-0.250558449349623,-0.242536242563662,-0.305145205831304,-0.276705795386806
-0.623707653,-0.349708711687435,-0.482186714256136,-0.214546582970634,-0.278187793095576
-0.24857404,-0.292393518791906,-0.240159231527396,-0.338320110105187,-0.557182946563226
-0.569394721,-0.328965203410832,-0.243017326477662,-0.439313961372582,-0.350539750131181
-0.39991299,-0.329693474342119,-0.377087522018209,-0.2291383804149,-0.478939906966946
-0.568895677,-0.341666610792698,-0.404009296705116,-0.119062675678198,-0.0288174652437534
0.43811542,0.117668574023244,0.192191515918715,-0.227759914329924,-0.30937773292418
-0.131555993,-0.0352001406030517,0.0338121976840823,0.124313961446563,0.277010937440984
0.259955672,0.165678245967809,0.282981870794412,0.0702372514650282,0.107834858819154
0.338800362,0.151473173241646,0.400032967066014,0.0723431083786074,0.0916711582026209
0.007370825,-0.0439446724950357,0.189348260339082,0.0193232855977372,0.047487621339189
-0.254567371,-0.0370318459279282,-0.22591307273346,0.157056463961102,-0.000553593213876227
-0.151975641,-0.0395206429987653,-0.110471420327933,0.0458903308513913,0.141926066417278
0.634676661,0.239910255058687,0.608312195165976,-0.143468872126604,-0.237904624534311
-0.365884339,-0.196210068853294,-0.393386684341603,-0.117525908339361,0.243387299468742
0.041693944,0.0303685988027095,0.106664411299473,-0.132385897454903,-0.330625606338748
-0.502374938,-0.0378480449902922,-0.3015196994163,0.148116460888714,-0.00100167320232068
-0.178355954,-0.107896811910792,-0.253968703323639,0.066257396347707,0.283626800494908
1.031911063,0.239945790849648,0.507479739828174,-0.175444698841629,0.28231008847356
0.94059017,0.271537539727988,1.1155217857721,0.346871962577493,0.35792152484783
-0.375234776,-0.0659196787856729,-0.231142479633637,0.385796161532525,1.09632894790641
1.710633963,0.247470293050057,0.265298271584829,0.0755939887914591,-0.716042854173179
-1.452933335,-0.422000571220525,-1.21555281510092,0.0628218235673096,0.656901929427904
0.011174943,-0.0690784640358833,-0.0122675348629378,-0.358412914917557,-0.920283666071876
-0.814645234,-0.154519162118806,-0.573841166070909,-0.113170732297424,-0.495343238285417
-0.955550879,-0.561687501396438,-0.658949847899625,-0.613569782978307,-0.472611038092864
-0.163259102,-0.107027370417826,-0.190717768703491,-0.66743197988537,-0.767591324009444
-0.587596007,-0.170416019152852,-0.477594657392666,-0.442617116992029,-0.526220738943425
-0.968771392,-0.284399339152867,-0.631198828396192,-0.161366572347052,-0.110960496201707
0.338368231,0.00156623703585698,0.014817344281047,-0.407457620173851,-0.347822383049665
0.373144982,0.196160947687174,0.495699555655014,-0.40042858830768,-0.284661366650105
-0.764734266,-0.331946514031171,-0.565923566785113,-0.351292514821969,-0.067378246479973
-0.497707106,-0.188583676361871,-0.319154059492131,-0.206141544358676,-0.471597560312359
-0.373042666,-0.273944003843908,-0.362421767448604,-0.230642885182298,-0.346585640739099
-0.196249888,-0.209547250457556,-0.228445640617039,-0.286007573958628,-0.241880477787293
-0.1803819,-0.08036002001977,-0.206339359509413,-0.167882428717862,0.098800329001647
0.248556588,0.104698034484321,0.192564357015125,-0.131376661091383,0.614080236275594
1.697019062,0.744998062952061,1.35365279897862,-0.125192114843285,0.00102998792992812
-0.151222896,-0.521816552011492,-4.13009781938972,0.154570932937908,0.559570175862826
-0.369121555,-0.281145318629753,-0.373789860885943,0.464074076109968,-0.0778381378169943
-0.416131444,-0.224250388777383,-0.40014324312498,0.287950530193065,0.203546149455505
0.866675163,0.143767423939837,0.703615137775487,-0.250060525014611,-0.299312562673055
-0.237673596,-0.197816058815646,-0.456606711972451,0.0473674482719252,0.345330677654861
-0.02727214,-0.0736041741303919,-0.142241979223057,-0.104055111323147,0.0730715170539286
0.436288583,0.0909542294313295,0.449716008408905,-0.661602215810737,-0.432952890292414
-0.222669831,0.0103266172014729,-0.129794039714385,-0.545119791233009,-1.94531051468399
-4.865219498,-2.53436522562631,-1.08252988504074,0.111287753668608,-0.46738862453948
-1.103885431,-0.432631442212383,-1.85262603485218,-0.610812686232745,-1.61774540745816
1.150596951,0.252409440689033,0.849283716340468,-0.885941500098001,-0.972843674405268
-0.422936722,-0.173797107737426,-0.299129107105278,-0.402310146671537,0.290696531314532
-0.151714245,-0.0960369980103178,-0.0972591560494058,-0.115998666927726,-0.235567936325734
-0.250603034,-0.00277133776319692,-0.200453190272795,-0.00152230423792847,-0.116813212609087
-0.102658567,-0.0627676242804433,-0.25375161145431,0.00913229474787036,-0.0528865425708741
0.056382472,0.0161553588724508,0.0455353621227071,-0.0101582518764207,0.218415705391901
0.687539182,0.0978196192344876,0.117397125152415,-0.0752835598843085,-0.0678548676941415
-0.207790901,-0.24505736489525,0.190820912749498,0.116351503852538,0.332806088002622
0.106795788,0.0215720360635412,0.045431823722943,0.139952807820974,-0.0907806216197183
-0.150399294,0.0362112595467572,-0.126200035686762,0.300191117944183,0.154098024579771
0.240870987,0.151461835034265,0.166235769587944,-0.00338308396650318,0.0283193005399132
0.152528964,0.061204678230672,-0.0109766909443468,0.227309179597979,0.23755552191833
0.156568488,-0.0148607152773019,-0.0249513612910292,0.273897528730754,0.594631261906283
1.161169124,0.510202686679818,0.971092429160018,0.302939748176285,0.22670942455284
0.254579345,0.101148570643904,-0.000447217858429818,0.28706716263475,0.772997368352376
0.661873114,0.168020375053127,0.687379850329505,0.439426410162165,0.0931949095410768
-0.305699822,0.109982060843401,-0.157264493051559,0.549686039620263,0.570009621245034
0.550776986,0.284490797982275,0.339519164412854,0.358455175722451,0.0962241332029715
0.273770852,0.151366025741601,0.447577195411286,0.387591517439728,0.644650797333913
1.030167939,0.286839095394233,0.746525307910167,0.334471216872811,0.0512403151206932
-0.399267705,0.0498663877938186,-0.148490249983983,0.473724608727389,0.936127444761052
1.247289099,0.551354790438309,1.28742351723286,0.201848511524702,-0.462288475550013
-0.863164355,-0.112431723651605,-0.601415574172444,0.392939164011214,0.550350986811198
0.040312809,-0.0494688909125745,0.0336884265874943,-0.0122552943083072,-0.168190936440663
0.284282179,0.254771395018311,0.594959555209022,0.507671819436829,-0.0223234743999076
-0.246467954,0.040477647792059,0.0547285433169723,0.313367611878825,0.841974154708457
1.533792984,0.586923986714808,0.943129130625752,0.485918873232625,0.401160196609512
0.945137875,0.391112495495111,0.64183363955585,0.390304794741481,1.2167592067399
1.409587672,0.455797627411432,1.1978252689553,0.474248766480187,0.356630419264397
-0.438404169,0.0477773964043304,-0.231682321640608,1.05220295982228,0.975875201622558
0.493964586,0.181230378727466,-0.205222038466222,0.644872199330467,0.529362925016858
1.295670399,0.357514452763907,0.79149714173344,0.486984781818235,0.623514451051291
1.013485457,-0.256761375696368,0.381872404307592,-0.0707912750350428,0.550888762011388
0.319814639,-0.115434028117928,0.0680958483022596,0.358957519071355,-0.583798024887385
-2.7183168,-0.469687041699672,-1.57123062414455,0.652466626315036,0.571977072780444
0.78844491,0.28286554849926,0.745209221012051,-0.0303188807596507,-0.967514644801712
0.274342566,0.0720694789183376,0.0603985864951578,0.000240551280385692,0.428013742297615
0.475175816,0.0381218598582751,0.282239488268028,-0.111635830914164,0.537605498392156
1.089041251,0.662467583169387,1.0444517513077,0.803182307157085,-0.222290447474711
-1.327974675,-0.76939843507465,-0.788775090883933,0.701176003253452,1.28950460743837
1.867847288,0.644316108790854,1.56968098507659,0.254080455827145,-0.49469256345029
0.17473258,-0.029860014552434,-0.0262741343852274,0.266272252548941,0.193631969953653
-1.269937177,-0.239415705812301,-0.85639550885794,0.268082726512269,0.268930519491271
0.198932266,0.0396445648094778,0.19540691417063,0.169509110866018,-0.498596910959407
-0.063379325,-0.240391203142022,-0.12613506110795,0.309845003448209,0.279576922253606
0.402545316,0.161669454122072,0.131010316496333,-0.0154254416401603,0.646672850315358
1.654716007,0.702053979837313,1.18732363426307,0.108267694552847,-0.0389173092434956
-0.560942243,-0.165516122705124,-0.57370617823777,0.486058126563127,0.943883198610835
0.416387568,0.336479254076663,0.314776224167312,0.521705176874495,0.127686621484624
0.466970867,0.0731224108672608,0.14084089017418,0.389178807565014,0.546378062572712
1.038945026,0.437505336267534,1.00453095379011,0.00468214054073232,-0.13023476962336
-0.80824808,0.0966618113631753,-0.384441271832443,0.329671105251996,0.415835659589103
-0.096573003,-0.170168931416037,-0.13980709813253,-0.0217070284178595,-0.39234485247177
-0.185762631,-0.445379745564827,-0.514853595166971,-0.301994099619013,-0.355136448718663
-0.422720938,-0.097469804607097,-0.0762856183188714,-0.689851146592432,-0.715215121111069
-1.318254173,-0.496269519673258,-0.840308668775241,-0.346039283760223,-0.617864108802129
-1.073824406,-0.179548669577733,-0.774907515987741,-0.0156425352751569,-0.376401633655541
0.275639625,-0.22783741567849,0.201463894384679,-0.252922999817356,0.093550884889149
1.551090281,0.285420083725964,0.789007890741767,-0.528307046142926,-0.104169231965992
-0.2942893,0.0978014860070363,-0.0352885551847813,0.216210208425118,0.567641000650153
-0.306669437,0.0842637537817826,0.074750037672978,0.209736781040367,0.197449439101277
0.685007841,0.08284452364322,0.763872423044297,0.0848612244156847,-0.589502732804387
-0.999741836,-0.121969527563313,-0.912060287605688,-0.214014655974062,0.0678744746873462
-0.432226191,0.00397967637280094,0.130630623562618,-0.0474768077105618,-0.514072597161831
-0.427436957,0.00692479413158364,-0.0470909630259341,0.142213300349617,0.10452650488076
0.766714516,0.374499370269211,0.540946137229435,-0.293015470948416,-0.0841024849959357
0.340053037,-0.0471474904827475,0.182309157698568,0.0370058033404606,0.221589272493338
-0.246697811,-0.194760419474257,-0.0863047410500642,0.320427106276916,0.410164470376533
0.432931585,0.190477717982456,0.326438249423371,0.405103475418779,0.174625221053437
0.497598663,0.337928552198515,0.353835931636114,0.413674704230932,0.437039786489733
0.526484037,0.276017385372068,0.363441730168821,0.406854619558782,0.509060214377439
0.564169396,0.360626447485982,0.406600736552717,0.467072512507167,0.471978455283443
0.435037179,0.294356862747386,0.446568657478475,0.411062147487047,0.463170757867818
0.431672669,0.14022266876945,0.187048685328307,0.410753364059887,0.233686670559268
-0.105157015,0.218113239580137,0.0644777279560067,0.507296183656598,0.562210139726024
0.773434916,0.240477055223252,0.519967089651901,0.157034774963426,0.0945217177792993
0.427609273,0.298315186129951,0.327360652261455,0.207977581310474,-0.173914981496948
-1.359048392,-0.447821804037039,-1.24269335291858,0.698546263259522,0.743120856267074
1.006510987,0.158669550012488,0.977821466830783,0.256817796168191,0.0206569593731386
1.385463601,0.317050475572415,1.03599174828118,0.0942200947388992,0.178629395146785
-0.474319342,0.097166524163674,-0.398956950268602,0.512447684270535,0.866842253436989
0.37754867,0.15892672553697,0.629127197784027,0.672892156235336,0.331699995108707
1.024601451,0.270128229184129,1.0022078621628,0.371234439795682,0.156185349888442
-0.052482406,0.149235372739024,-0.057684456818553,0.307248222761156,0.682863764774752
0.496069781,0.193546602314502,0.262838112019396,0.276363533361044,0.145046857295846
0.089452491,0.058494358964054,0.0243730850283172,0.434453411333798,0.622899548038667
0.873803819,0.400765783068853,0.688406416143056,0.177205149818028,0.295905166333762
0.581823457,0.231556260966278,0.42117728796896,0.505653013165155,0.235184020978031
-0.47938473,-0.0528587894723613,-0.378231692910133,0.294250337895191,0.684341248332011
0.911444002,0.222184143452722,0.917685397697069,0.343066337751993,-0.208836880608545
-0.232418926,0.0555359269049564,-0.191543897535862,0.459226137673068,0.683674440120489
0.443431724,0.174539571647819,0.156501759440617,0.184790108517473,0.832669888046886
1.991663281,0.510011100239147,1.32581541917343,0.357166124809713,0.384422845260207
0.509251605,-0.0536419230679019,-0.388881553831024,0.0651304448634713,0.781339843697552
-0.144145903,-0.00196421799950186,0.0849949443091708,0.363135082018175,0.139827360839935
-0.495789454,-0.214362264441522,0.0946947517671392,0.360019105624004,0.0108892031117224
0.044449827,-0.0344864712937469,-0.137088177826486,-0.0666420302489356,-0.204131088758948
0.154428966,-0.0708713955176278,0.0661808162980654,-0.142749217276343,-0.397484310606309
-0.952024716,-0.414285535057324,-0.845637432995957,-0.0358209248605458,0.197591303234206
0.366749825,0.11044933614646,0.387932943699212,-0.0410437195649567,-0.541059936481166
-0.483692391,-0.144430632349082,0.239032231901394,0.11293909223972,0.494165612916423
0.96827436,0.23957542269444,1.26134134217951,-0.284413513241441,-0.284845475595021
-0.244770441,0.0874540412294619,-0.255553226969232,0.340224664274395,0.451482443672199
0.033334966,0.239244982260302,0.294224734077583,0.197427217962159,0.316318240390092
0.92256962,0.211645345637913,0.496214064997537,-0.166729999012326,-0.187423542746351
-0.173776362,-0.203695551921291,-0.364877472950162,-0.0317517274181312,-0.41180519733471
-2.011072648,-0.15036030810039,-1.36567255614349,0.374714421920407,0.317006938350936
0.731700844,0.0578695423611794,0.773264669215541,-0.12522188782034,-0.717770776825792
0.305620223,0.0728992720442885,0.00586789363701409,0.0472798093227516,0.245073933400261
0.040811333,0.0697327220886562,-0.00621461501291565,0.154326324163725,0.459084200163343
0.667488138,0.456753784706301,0.644204110734588,0.282563418518057,0.161561219754698
0.205284923,0.145067748405428,0.205152840136221,0.489115406366185,0.512779110664998
0.385748926,0.337382398978517,0.32065622920913,0.316618911393194,0.524128160647723
0.957760375,0.492178792298818,0.943630278566604,0.106383689589154,0.0922998341104951
-0.164639471,0.0813982071815028,-0.131818242181378,0.282763298972657,0.292738771363546
-0.53002232,-0.0311723686038625,-0.460100116799309,0.446786067335302,0.551247036593685
1.165463201,0.811795040578978,0.907360982272912,0.361137615712507,0.178466741816452
0.688198746,0.252277518130796,0.648254247851387,0.511117799303991,1.20789907514698
1.7860911,0.735487158467961,1.28350762592526,0.149148617436209,0.277069330499368
-0.157913497,0.0750328518334265,-0.262954710891162,0.461355473072906,0.696578281709713
-0.253703178,-0.0691055947835748,-0.295873952855762,0.105987498990208,-0.00473811432505673
-0.099649094,0.0353160978260272,0.0130473997056087,0.01674005094762,-0.21476696713919
-0.282433628,-0.191429379106765,-0.114508681834111,-0.0427389693132338,-0.024965776358196
0.040870288,0.0382230747010124,0.0627178561264104,-0.00258819609232439,-0.0288383473630998
0.155972679,0.000924934673367735,0.150441248381756,0.0540620592363277,0.221684253357997
0.534789007,0.177707533665802,0.467424833047717,-0.0145206171963629,0.0417881275358462
-0.032421952,0.064107399289864,0.0488673264800011,0.0185669476471116,0.167603540987459
-0.092631138,0.0293034519482262,-0.235252446451241,-0.0609319744502819,-0.179822478803553
-0.55432146,-0.168097308514858,-0.562868664479344,0.0760793739970153,0.190585216286041
0.538809328,0.0105095972235158,0.598763956984536,-0.193260006062807,-0.256428611337274
0.008297947,-0.112613094565036,-0.141442388938966,-0.209717655131884,0.0666591933055132
-0.279233245,0.00932329851579991,-0.119643674662865,0.0426369096558084,-0.0178709521482645
-0.246034799,0.20407468282678,-0.110610642125203,0.221798028943565,0.2480706866006
0.741580462,0.263616778816766,0.851622770870403,0.0528252954586466,0.189884388963673
0.723197115,0.163462319847675,0.578685713978761,-0.0332850664666578,0.324592868093688
0.211640967,-0.0462944003487489,0.10291165766022,0.197928656893943,-0.0637244229681969
-1.091692545,-0.00430339773056738,-0.629194671114229,0.675569072639436,0.465203473128543
0.586652101,0.0753294264843736,0.307315413178638,0.287085861997089,0.04483064023631
1.161415823,0.383766451342046,0.948703281740427,-0.0922160056785784,0.141569584291925
-0.019516124,-0.00915192567309271,0.0495354910452176,0.103586633228459,0.300422199465163
-0.513346961,-0.211889088081482,-0.40799840081369,0.250806746953882,0.0533361865042849
-0.0274461,0.143005578181719,-0.0561877986888599,0.151030201138346,-0.239891704271529
-0.145051004,-0.0590001972223475,-0.215177050866949,0.0010236577525337,0.153793882190494
0.451368339,0.000533258600228521,0.348001271298606,-0.261709277314925,-0.0363449514450433
0.18820311,0.0678414769125714,0.149337674842235,-0.0410881688380677,-0.140028206039143
-0.826559301,-0.225021355518293,-0.449367957674332,0.237705394142634,0.305032386554146
0.410581802,0.181766397695579,0.280558224716033,0.16386389297005,-0.179669469211026
0.244997233,0.211119634993974,0.318049396188347,0.111037771570412,0.466898124045569
0.791932642,0.429044246391128,0.539965369947179,-0.0676479168122145,0.163211111884131
0.163917157,0.127494522028485,0.195244084151895,0.381420957182401,0.160196714912406
-0.645001883,-0.192271568662247,-0.571399991025223,0.301785952546239,0.651827871480217
1.300770503,0.512371231139547,1.05930422704462,-3.31454054874891e-05,-0.415225483080722
-0.355138674,-0.176696758247163,-0.296038851488884,0.104680437262148,0.457139683447641
-0.176284373,-0.203764753183369,-0.07308852250497,0.0461269790860213,0.0430300277693456
0.297784226,0.0125083166098198,0.0157345149284947,0.225369439744547,-0.151147611922107
-0.254640543,-0.125781286785581,-0.205231274889951,-0.121379105637698,0.40102401647589
0.740253565,0.158044855156582,0.582232417346259,-0.380373535863651,-0.273031853964194
-0.229647576,-0.0839941141415044,-0.247257057315843,-0.213488386520079,-0.260899711447416
-1.279701474,-0.49263370307516,-0.863674759537484,-0.0317275683695869,-0.1718087618055
-0.284693399,-0.0613639007528147,-0.195872418556553,-0.192647787890048,-0.540542528870073
0.09371698,-0.114669935711051,-0.0033071040523446,-0.403872925855021,-0.39444182486459
-0.410109812,-0.220159056772888,-0.261367042706932,-0.30163246577555,-0.0998817449667385
-0.270547874,-0.0352935709075266,-0.111963732410707,-0.125780655887939,-0.134000173263124
-0.050596413,0.0404380504547317,0.0608351482939964,0.0397273517655417,0.262023183432168
0.969785746,0.306914604843887,1.04202730443722,-0.240205923835356,-0.104369429118959
-0.048003793,0.0236978367066322,-0.0984207505558453,-0.0528127018513411,0.129937942228144
-0.668117154,-0.185344289416705,-0.425739145981734,0.119072091783545,0.0945739347641018
0.170009339,0.0860251071767537,0.303638391652011,-0.158514019888301,-0.398870070776295
-0.165135114,-0.187592057415657,-0.316788331476991,-0.479083399999543,-0.307938946888825
-0.72907832,-0.320926304465532,-0.606497453243482,-0.149080210023272,-0.256597030477633
-0.527862013,-0.243180452663421,-0.41398560144872,-0.0484194347667861,-0.0973355396289787
0.49738142,0.150004085542215,0.356052494650477,-0.115626016682322,-0.198876058728808
0.106314124,0.0332100277893192,0.0878628176210232,-0.0533361552856509,0.358902628302599
0.47689933,0.203361149091034,0.421633910859564,0.00639701122097389,-0.0251611677619607
-0.239537907,0.0319836976847898,-0.184305448366277,0.211111274037253,0.252447258223644
0.088560281,0.13861749341017,0.164804178650622,0.049887904122911,-0.0599429721297597
0.073697164,0.0275983918763313,0.125854709022833,0.0156158944879714,-0.115973178494044
-0.244790612,-0.281881679931142,0.035753818955939,-0.152206096021717,-0.225484496821755
-0.546385614,-0.231251149225609,-0.430209830619644,-0.198700646937583,-0.28975758225928
-0.397972075,-0.191138177514634,-0.268533463445454,-0.20004175580896,-0.392919693975925
-0.343327478,-0.181090476642326,-0.215895905834025,-0.349949484307083,-0.205855419215332
0.066708685,-0.311430455955059,-0.127163903542878,-0.406693767924751,-0.363501576976793
-0.365978799,-0.233929359812366,-0.30032293029342,-0.330662016424208,-0.205362535085331
-0.424499098,-0.241958171144915,-0.287340919935918,-0.327546886748952,-0.334452176168079
-0.375198198,-0.198762699614365,-0.305214416186128,-0.302971906744636,-0.335165035408121
-0.353793539,-0.288036224116251,-0.265263171094254,-0.0878064215114137,-0.0639912389915578
0.321228718,-0.349463474557744,0.218357212018472,-0.817330119768224,-0.249079027499636
0.39219562,-0.221076807608149,0.179411094788936,-0.837556036436859,-1.46980416596679
-3.66121023,-1.19474296202734,-0.716985525664114,0.00716104534163041,0.0272739343351193
-0.330145589,-0.824353689843437,-0.224369002396392,-0.721553107828964,-1.63247613519368
-0.131404422,-0.490523114113928,-1.19354651147109,-0.960827680418767,-0.689438698815315
-0.672019123,-0.877716393146579,-1.26590930948733,-1.15859288984678,-0.339390788537924
-0.480312331,-0.320368657776988,-0.370552776944168,-0.319066750122365,-0.462159518076386
-0.338863941,-0.153315904121616,-0.247373456820093,-0.174477265563692,-0.354918043747185
-0.263528303,-0.212737944549295,-0.164144402746865,-0.236030504290962,-0.137438953852609
0.181700404,-0.251719894967327,-0.159964679268886,-0.381552311128198,-0.361502024027696
-0.455588631,-0.280933326471696,-0.307045570110582,-0.165765950148581,-0.134748011321909
-0.381129111,-0.163128606960748,-0.220597243143664,-0.255565168195746,-0.379280192662208
-0.371434208,-0.230261015568245,-0.293677132211551,-0.307514200579542,-0.431465173751446
-0.498732875,-0.309792784287018,-0.466588624840925,-0.354447970347201,-0.384649996071273
-0.455121772,-0.371777118706136,-0.385519132297073,-0.308114359171738,-0.272630368893952
-0.027172739,-0.19002831585806,0.0869210201012774,-0.403557166544732,-0.370597640204446
-0.257473656,-0.218639234152604,-0.284613409844509,-0.386013966464304,-0.257637173377423
-0.421679781,-0.36929034284945,-0.289749023265345,-0.395373126964242,-0.332347537828053
-0.398194219,-0.332088494226522,-0.315256564422193,-0.362343212749757,-0.508583108415211
-0.671572021,-0.524852792074634,-0.466576933997546,-0.444078411852291,-0.375247913891184
-0.337296571,-0.209850767898893,-0.306238437934359,-0.365681562124845,-0.536300080446818
-0.775088053,-0.327470933039771,-0.561147412493798,-0.193106353880146,0.531837111305494
1.7014557,0.729022820352285,1.38950861533786,-0.285275238913651,-0.362638359349454
-0.021639964,0.0710697420651786,-0.156564520156598,-0.169036838939319,0.699989864628216
0.083550367,0.309619466138681,0.188084764168539,0.39152547262877,0.0578748858123456
-0.079851082,0.0116068844122828,-0.0749396875895536,0.215677179570487,0.0529555866031527
0.022873499,-0.0777877912524226,-0.0299612466223457,-0.094136083793777,-0.0664968681471754
-0.048953486,-0.151713624277132,0.0726625521392887,-0.0313169318892031,-0.12189172286408
-0.291188826,-0.0851896588029484,-0.242266823633957,-0.124807402897962,-0.0459834867875529
0.018930092,-0.112214001799362,0.198798909673646,-0.19590302413944,-0.35372740933135
-0.496089545,-0.265340933606414,-0.354199136824071,-0.136175579812659,-0.118492278819072
-0.228644386,-0.150477089469594,-0.209001162279516,-0.245104913329923,-0.281489004927208
-0.1250763,-0.234048417095349,0.0306328578201227,-0.217139962646961,-0.234686559709331
-0.178111896,-0.206164058850634,-0.261409160820957,-0.37886308101922,-0.272159290850067
-0.376575599,-0.228515470232864,-0.255999332154295,-0.336741909930561,-0.350557963315695
-0.566887807,-0.361227034367313,-0.359687160103079,-0.330998801633608,-0.326710743479391
-0.280642247,-0.381735855903938,-0.0688877600860663,-0.460218203328442,-0.496232266787593
-0.438364794,-0.357049939930793,-0.340979584451242,-0.454732400406438,-0.446269081901735
-0.602417395,-0.422697192351406,-0.361052281513213,-0.406147424095518,-0.416296536189474
-0.427774819,-0.349030212361727,-0.328586666167727,-0.435944478724969,-0.449371824962042
-0.292874704,-0.315782847836025,-0.2951443463326,-0.479450312309252,-0.473846137466369
-0.506333909,-0.340621707161647,-0.351706492463342,-0.366734022736275,-0.382900310441481
-0.533666413,-0.362117939401762,-0.253976028863961,-0.196128788623281,-0.224818468212065
0.059261178,-0.171508881772764,0.193039572749295,-0.39595758918262,-0.336690021909503
-0.083847422,-0.174853423166964,0.00453974865383142,-0.365580220862261,-0.270032366911351
-0.551413048,-0.241341128316285,-0.316784699804201,-0.236426832528267,-0.181005198639727
-0.260335325,-0.235660919693844,-0.0934872848731497,-0.373596452605571,-0.457441043608301
-0.391055412,-0.310535150706134,-0.252365210620437,-0.332688261756314,-0.488122886833262
-0.908696562,-0.252044685574328,-0.504382079055445,-0.3029018278667,0.110017255878773
0.776746256,0.0522667760519054,0.577668271910768,-0.471402613489457,-0.627501866740555
-0.437666132,-0.326043147769761,-0.22359807300371,-0.282015795989402,0.0876870228126457
-0.346990907,-0.161678950036972,-0.238247825685823,-0.396589647046598,-0.36463102189778
-0.454333454,-0.252631564893041,-0.14341575336136,-0.248394783437228,-0.340853055963532
-0.287808381,-0.316023114225698,-0.290988823079947,-0.490412501091879,-0.546489496619378
-0.668348226,-0.37712432436133,-0.518477006145349,-0.415271152845433,-0.447954215927375
-0.604864014,-0.488546539412088,-0.388205923266899,-0.428646376316653,-0.54638466355679
-0.503228359,-0.415398699854794,-0.235489679438776,-0.502542931304347,-0.470761346364834
-0.294278352,-0.335335322734135,-0.268183383934737,-0.515316544965276,-0.542876985640043
-0.58913903,-0.38221142267996,-0.429077345115878,-0.720851824231482,-0.384788013256711
-0.241809469,-0.181145585386962,-0.079168898322555,-0.658265881155908,-1.06203805808915
-1.850570673,-0.6940467754604,-1.067168435771,-0.384917777542402,-0.147403779432516
0.092700096,-0.128688219705808,0.216382978115556,-0.555309499774873,-1.09348677704225
-0.647961435,-0.278188981568262,-0.479267490066864,-0.538138787840544,-0.14819901071823
-0.089276022,-0.174498844491909,0.0324469735134449,-0.525687570004408,-0.477445840092628
-0.38327105,-0.183838063528863,-0.21324034503437,-0.27918067528056,-0.260364215209934
-0.402015861,-0.248839521804866,-0.222863899215826,-0.391472460127607,-0.231180292662312
-0.070661719,-0.212375132799175,0.0614077046932703,-0.336678879600648,-0.371111071916965
-0.32200422,-0.321598382477984,-0.0765785298652559,-0.33691743225601,-0.30758693005709
-0.509564339,-0.294220554986928,-0.270607999357388,-0.248982602204303,-0.355236816796272
-0.479192669,-0.273438297580033,-0.240344791007909,-0.288747889498268,-0.277056796406575
-0.003801013,-0.193467885298839,0.168650555782577,-0.482483049819724,-0.486121657478594
-0.488907862,-0.384199639703181,-0.27079878646359,-0.387248821150353,-0.296902632538558
-0.559278076,-0.294295054791927,-0.35869519094863,-0.31334601714935,-0.358073458402434
-0.2952678,-0.229948057251437,-0.20912089095056,-0.337881938425093,-0.397419843594044
-0.248232974,-0.358766365473745,-0.17093576287839,-0.426324223912283,-0.313983471100956
-0.263708316,-0.355663976663547,-0.124662847801642,-0.396868022651313,-0.370194186304161
-0.454772921,-0.357881766755386,-0.322689094814025,-0.323401942345024,-0.441806343311028
-0.687644589,-0.305734786096949,-0.609064479812581,-0.301376948193425,-0.332449674017928
-0.23125305,-0.240642094970202,-0.0225186633541697,-0.384535048521626,-0.465192615802355
-0.269515017,-0.312000906100313,-0.0854421203547846,-0.331882413229167,-0.323244216691485
-0.370753758,-0.336470298064045,-0.150968227429493,-0.309504778729556,-0.261547562010953
-0.188854868,-0.302659349298377,0.0125891814876727,-0.351178019853011,-0.476122397574537
-0.634874501,-0.328928020144261,-0.290845759179495,-0.354043771110983,-0.295198655517676
-0.36838557,-0.267266412355154,-0.1438954425737,-0.36891452781627,-0.497048563684021
-0.511788682,-0.316577465890434,-0.241536892743213,-0.316032662753441,-0.157243154974796
0.169971569,-0.207466360120955,0.407213814521266,-0.47607426545948,-0.447758536769773
-0.382738113,-0.245246439080657,-0.378027660196369,-0.428768494537605,-0.215994997871853
-0.494725776,-0.237093208126808,-0.332539403336881,-0.398998170054996,-0.429932107814617
-0.57598387,-0.275691809865373,-0.44438302488435,-0.33821751556552,-0.418811825699383
-0.370685125,-0.397923400803417,-0.0595923396061167,-0.487661215449569,-0.462607014087591
-0.307244549,-0.426853092617796,-0.134960669409978,-0.542205841462071,-0.546976356905096
-0.712081328,-0.32260092016702,-0.476769060164296,-0.497903721128967,-0.459264006743105
-0.598312529,-0.399195091013276,-0.389270185524084,-0.483603203904281,-0.623065609094992
-0.643755857,-0.309614277207113,-0.437506609669064,-0.382609465772865,-0.45495073503511
-0.440880879,-0.198582664664542,-0.33378814704378,-0.465090473855619,-0.0810922023181022
0.622132683,-0.0695759122570536,0.700730112913657,-0.465671782419226,-0.411472460490495
-0.341111415,-0.293276789542918,-0.138220939478493,-0.377867315186611,0.0207727197629887
-0.358161901,-0.307951912511603,-0.160593902160009,-0.396993830624337,-0.484990129299334
-0.722694817,-0.373216540164204,-0.496621567845738,-0.331921520958176,-0.617068815133617
-1.006912986,-0.462504693952155,-0.516319946686684,-0.377128456353349,-0.467730496378765
-0.271019214,-0.26958875432482,-0.210695407384302,-0.551890478857636,-0.611740909910167
-0.250107153,-0.321534018283188,-0.0937560868801614,-0.481529662289577,-0.371067984157703
-0.406668971,-0.322086167900993,-0.178394856937087,-0.254016207149596,-0.209973380894465
-0.209538952,-0.208412707294765,-0.056130543068473,-0.290799928578295,-0.103685811303582
0.298998324,-0.0399447612014067,-0.0161604017677032,-0.364709340373186,-0.369972443025154
-0.505519306,-0.325867911720789,-0.247445273011269,-0.279294587559848,-0.138053368579354
-0.509786779,-0.369049023500584,-0.245504282121352,-0.306498855045685,-0.403795838235314
-0.390294613,-0.196057970826286,-0.304999632658985,-0.25559884959995,-0.509541191901749
-0.560786226,-0.397904491616367,-0.375685399014055,-0.328883149272429,-0.367790763843495
-0.404023089,-0.255234428839294,-0.330131965826067,-0.300545043595457,-0.223749367469177
0.136960265,-0.103668082480263,0.119440257072122,-0.279638451699687,-0.300105773128681
-0.220389145,-0.0222882257713606,-0.181152783171878,-0.113621138377716,0.063741612213948
0.044979713,-0.0452026159667997,-0.151476241624186,-0.0929393924210039,0.0315519246331174
0.386084839,0.0226012270487125,0.368369408591519,-0.129943856096523,-0.280103941239182
-0.574250016,-0.345363750392844,-0.358565505148664,-0.140659222509265,-0.113165899308116
-0.563229341,-0.0997156064230178,-0.331579294988998,-0.210485716281408,-0.477635382553599
-0.525090858,-0.199376298862522,-0.437735343376658,-0.350010669064968,-0.506645745154404
-0.478903287,-0.360347621955609,-0.271603058698099,-0.485840372312997,-0.469491815494456
-0.411378294,-0.396504309603689,-0.342788105711488,-0.410854810919485,-0.447361205611087
-0.447472917,-0.357196837067059,-0.331306005959142,-0.399109350253496,-0.304814374193164
-0.138882267,-0.326863073034018,-0.0439308824512527,-0.456282072181816,-0.451719285460371
-0.455329589,-0.296392403299827,-0.200704099807041,-0.313369399775044,-0.334551730835276
-0.536968757,-0.259282243073967,-0.476580788155054,-0.279905583461867,-0.301044755378515
-0.177801348,-0.207201331429971,-0.183860875575232,-0.375949752480722,-0.380128924140973
-0.142820107,-0.287788977176368,-0.397690273074651,-0.493168676357796,-0.515257378959752
-0.826554192,-0.48499257373775,-0.673330289194252,-0.410507407504422,-0.407694184082469
-0.666454535,-0.349653693073228,-0.339581802338285,-0.356923698939231,-0.673398094085992
-0.700795332,-0.241320646917667,-0.57038376018304,-0.403434475089268,-0.421454470054367
-0.153882642,-0.159240087520624,-0.0898959075165242,-0.340894418813789,-0.470925051044883
-0.35907123,-0.161619796107042,-0.269409452149034,-0.125922750982335,0.08349124820545
0.433826394,0.0591681895841687,0.356766281306457,-0.202489836940604,-0.0584805481332688
0.33067081,0.132416934976412,0.340522701322063,-0.136771154740722,-0.032937003774701
-0.381269649,-0.193045173009231,-0.276399493536214,-0.181944931939216,-0.034096451021929
-0.39076801,-0.159072668941645,-0.272062603875947,-0.0959046539701051,-0.35342239928772
-0.465059937,-0.302752804565536,-0.305801310962733,-0.2474456784292,-0.309335339905159
-0.237229392,-0.30695763182571,-0.15656391731015,-0.390745453489922,-0.371141981996318
-0.285179781,-0.30659996959244,0.0353656220237265,-0.30825215868804,-0.296522780913623
-0.365911285,-0.26381456543064,-0.293917107769105,-0.258712461966344,-0.18349364221857
-0.050220486,-0.192729985728041,-0.0236323130169746,-0.266000401502593,-0.314703610267478
-0.291853028,-0.234079628031561,-0.195352526370732,-0.170641329796899,-0.140657540418354
-0.216161492,-0.151693399687849,-0.106668718911826,-0.173204329400192,-0.137522400138661
-0.013901276,0.0042651051942717,-0.0296227942777054,-0.114537606253742,-0.114291166415953
-0.134462514,-0.0387928984833498,-0.016558759060873,-0.0280236876722766,0.339958986241092
0.81838164,0.433623538678596,0.847725332278977,-0.0179446965413622,0.0377585674687814
0.268790331,0.102728323374766,0.15570216176599,0.0989082900807102,0.232322980277403
-0.209309966,-0.0916456211574448,-0.0560414869544703,0.0224124334356413,0.0485814033358738
-0.172511113,-0.0537225759191105,-0.161977460185201,-0.111603870245834,-0.351860456255641
-0.629741006,-0.302229574183255,-0.433733154074824,-0.126047849973217,-0.216394079048876
-0.253336311,-0.227717783676488,-0.18520063836089,-0.241951674092633,-0.45196283777472
-0.415954646,-0.217369028265138,-0.327576332337396,-0.152191579907962,-0.11673155519043
0.021451695,-0.0396917308145312,0.0148566847828282,-0.324872213923245,-0.0398492729132057
0.43975103,0.396504932885446,0.745402788058424,-0.284399511528016,-0.204019623683338
-0.385837643,-0.137990688293232,-0.261885953280567,-0.0707311282132476,0.0553367765000956
-0.416486671,-0.102792055689812,-0.276854556532167,0.116647525872503,0.187285128817377
0.553723133,0.304799827528366,0.30133643497905,-0.0932164809481323,0.391455891431936
1.349786613,0.731924729153944,1.09292591841721,-0.0310664291877496,0.307169395764747
0.27832497,0.175464811426753,0.501147751387338,0.382779491519855,0.492153280607878
-0.243042325,-0.0832987932194263,-0.232571243614752,0.267438341310339,0.148218345238956
-0.140873558,0.0248769371264004,0.00134559218147796,-0.00399213227985937,-0.0778238095601261
0.034332207,-0.0295682269022289,0.0260189164402655,-0.0715851034893868,-0.207142768212936
-0.359519842,-0.218526555342894,-0.317056499878503,-0.0099165646763449,0.112721541320735
0.275538981,0.0414427132307144,0.138094439854906,-0.16950273668319,-0.208057395196073
-0.089315154,-0.00869912270202097,0.071511248528759,-0.0503807950085307,-0.024590514653001
-0.272490582,-0.184793668283806,-0.26143863887238,-0.0823880823001744,-0.043921474212123
-0.015314367,-0.0406094406334904,-0.0565931776199873,-0.0789055662317688,-0.209986219575969
-0.212080373,-0.0556351535741975,-0.0989405837898594,-0.0471248874743607,-0.0275310556987291
-0.08201405,-0.00124528742742411,-0.0681924504739231,0.0913653631472217,0.117919972077114
0.38659004,0.258929103279613,0.446033814614809,0.15949992969136,0.267055384189283
0.709431218,0.269332305046878,0.542661572800399,0.045974994284351,0.253263581641023
0.249675296,0.063215775803785,0.0261251307390395,0.17825586534198,0.259469609138021
-0.204918199,0.0495365523449669,-0.190616095953471,0.353903033687248,0.298201596274762
0.350387252,0.171988483226819,0.283598022381201,0.112028595788461,-0.101305525057602
-0.001907824,-0.231116805308588,0.0247441462650785,-0.0560787355061519,-0.104935991843105
-0.537822568,-0.0469311410435217,-0.385455679334639,0.0192491153699182,-0.0846264769443686
-0.320649958,-0.0133693898086747,-0.213176616040593,-0.0199935712286105,-0.015227184400306
0.544325237,-0.128979966112753,-0.0390157588009493,-0.243315683705922,-0.310067582247417
-0.291603744,-0.197860252648563,-0.267854058313683,-0.201639567579164,0.0992852812612036
-0.177418042,-0.109111118490986,-0.152307326422218,-0.235574946670284,-0.300673418755272
-0.36813211,-0.116865943131234,-0.193671400941355,-0.178536207029106,-0.430286844871547
-0.762553656,-0.39801579524881,-0.603364801581232,-0.210364392558316,-0.281850398408945
-0.305948663,-0.159101802150764,-0.253394536700422,-0.204159485061073,-0.229163296073714
0.246713858,-0.0850592783933416,0.0821724194280628,-0.177242652917631,-0.079026549740834
0.274368712,-0.00022031661537171,0.0785693617998927,-0.0988236310433648,-0.0101082267548095
-0.253040127,-0.0088855995005543,-0.117030777826698,0.18196249173427,0.261230061903308
0.249644698,0.0240565701998125,0.253867286524142,0.0138459490420567,0.0908722370946786
0.570576302,-0.0647064940780206,0.24736863376477,-0.141280856785166,-0.329347414491818
-1.037041475,-0.237725783607464,-0.668535365259666,0.220525878761575,0.380066015870198
0.279261428,0.0641013766556423,0.206810317247107,0.00551199128298181,-0.369545841675087
0.079241035,0.0144091290410442,0.0824659513214164,-0.00316835340913614,0.0523046632643727
-0.035025629,-0.100776990676905,-0.0152333528468202,-0.070903962470287,0.101526903092886
0.141343194,-0.0130290436104844,0.0427382261575956,0.0573335794220029,-0.0149562150253107
-0.023639209,0.0633264669889476,0.118309766608918,0.0728733543150837,0.0830825982472625
0.023519515,0.0204426562039375,0.0954072835940483,0.109523083056499,0.094240968342661
0.156999914,0.0923588185391429,0.124824292646442,0.221602203192214,0.201129974426719
0.322805394,0.167643461119223,0.121643528755201,0.250259608839348,0.428978481900224
0.72720192,0.331692288342408,0.512137621913485,0.244480995873878,0.492083610581981
0.784026871,0.389701034956714,0.554397014624244,0.257300620156758,0.407336590051389
0.22666914,0.0487649668692779,0.0172507397117473,0.242414243744178,0.248342395702193
-0.308134872,-0.0957995273266587,-0.266577083588055,0.255372004531413,0.129911347393428
-0.072743087,0.00553446593751579,-0.0448264206201461,0.110088103802598,-0.0610227947038216
0.060885988,0.0829166487116893,-0.0594934423335471,0.101132348951521,0.0928101881515559
0.248762114,0.00995289762785089,-0.165533409676121,0.0507271509626037,0.246702954343208
0.42556469,0.252926543524745,0.454923525005333,0.0846623046954648,0.422031611624003
0.835839243,0.345630278089126,0.775642454181433,-0.0225476765294619,-0.0811871941319034
-0.57766203,-0.271327259651177,-0.572918200133494,0.0250727256367694,0.166402813436986
-0.482440152,-0.278655783152642,-0.429082752781133,-0.158510212725269,-0.277173893544195
-0.167699605,-0.129146879145623,-0.151902687065251,-0.240638942491892,-0.353737706511123
-0.319976437,-0.217961677640914,-0.339439249748287,-0.169515457484296,-0.00309212564503961
0.03869219,0.015136938554444,0.0214516080809833,-0.0927008594454017,0.426190008998239
1.442997933,0.851658450901674,1.13913653598672,0.093378593055446,-0.240812759486625
-0.648735012,-0.270058100330665,-0.561236955966222,-0.0113085084682416,0.887646652292148
0.700606106,0.488187236631659,0.693190467202728,0.159486481421704,-0.333826256972702
-0.31269362,-0.102320021481879,-0.31172659791693,-0.0264248352336447,0.156589655477383
-0.314784528,-0.170288039996289,-0.181159432090823,-0.0832676861844164,0.0422977667952726
0.326052086,0.150710129243858,0.26134237010565,0.018220501907704,-0.173801279990817
-0.178074707,-0.0951522281148551,-0.0191516970192989,0.0749112718349287,0.446429269373123
0.675153887,0.210623379823215,0.623711228084387,0.174959767752867,0.228731517115011
0.575042314,0.148371435039702,0.566499409637715,0.278158866129764,0.561994319832537
0.698321496,0.377845452886691,0.484556839237284,-0.0130947972619664,0.19929161537724
-0.045235756,0.0875341973643182,-0.0967199107340907,-0.0110399560931256,-0.110953638843551
-0.913929991,-0.0742560713470932,-0.823987956194749,0.258194096311184,-0.383337309784254
-1.159662277,-0.461214224594186,-0.853836667661904,0.131723312170564,0.13509653669968
1.22895672,0.683865562224635,0.689931643748418,-0.290330468580566,-0.574322051056508
-0.185710793,-0.259944074504336,-0.33288620659953,-0.152730911716606,0.807118619969709
0.93659709,0.330618999335032,0.992237138684995,-0.22864627092758,-0.217595613867796
-0.404573157,-0.174551444334157,-0.323380320818524,0.000540093392173285,0.178594739179961
-0.469095246,-0.275621170063733,-0.467743585192586,-0.090238693477817,-0.233773300277148
-0.423570808,-0.00675014822883006,-0.284325462164087,0.217253042434484,0.175535638898223
0.763835941,0.354836485982312,0.693041138338421,0.087514187221203,0.235054875125114
0.999784415,0.375904428070106,0.829729276688224,-0.12208069924378,0.443728719381129
0.485592414,0.289237734792684,0.408499706410907,0.0634323118531932,0.099143040909152
-0.889333013,-0.265215018723357,-0.851127914128121,0.566109772116128,0.332069417414252
-0.043190955,-0.149787559701605,-0.505203223405836,0.312312964822406,0.154698862732652
1.050415101,0.525230856200151,0.999021804694775,0.137457614374382,0.229182329580854
0.727071541,0.25511002094131,0.670274661407789,0.0279843637508565,0.362476544133165
-0.11451366,0.0141572377343613,-0.0301687412590697,-0.0220616499044551,0.20802353418661
-0.282108658,-0.121508240665906,-0.234443257791782,-0.00926907641187506,-0.30252719320838
-0.675530007,-0.454036716909134,-0.824294908611992,-0.171209786014003,-0.271147621162777
-0.299119865,-0.207751446634764,-0.352869582860446,-0.26783229283135,-0.473310590941967
-0.417474858,-0.273376388130973,-0.39863829656097,-0.273564705105932,-0.112501436335621
0.199431322,-0.0565506060476945,-0.0395816328628587,-0.375250146298381,-0.365714217097202
-0.477948996,0.0176524022724506,-0.531864300822062,-0.0434504586294324,0.326333108202055
0.640639137,0.504297698053407,0.642264259649493,-0.139862900251662,-0.196501593870742
0.003298283,0.0041476956953083,-0.0418375530626007,0.110765340039192,0.223673416187721
-0.075913095,-0.099459697203309,-0.0681871474636209,-0.004798433022055,0.123463623767454
0.293880975,0.0151085566742823,0.162349692342819,-0.125806844874811,-0.288632085444562
-0.573923304,-0.375016581418431,-0.530860883940355,-0.0488170352783931,-0.000123089924219409
-0.255273423,-0.211408218619435,-0.21059252456757,-0.26048099632114,-0.309452277152688
-0.034347697,-0.251261706170014,0.00588697170793308,-0.190531309523925,-0.603408477774198
-1.095022214,-0.110505314966583,-0.426893681339754,-0.151851917637849,4.88008845549463e-06
0.229494116,-0.0703972968341943,-0.0420774106263004,-0.341386514524705,-0.952774644366609
-0.965894637,-0.106629826759335,-0.546111603763996,-0.1594801782238,0.053822571757434
