630
0.032323172,0.167698120830665,-0.00536486936361355,1.44023070767874,1.33352060552247
1.340332164,0.594595822822979,1.17523074168446,0.318252205644017,0.714778053068807
1.586622984,-0.0227274989237035,0.185010920590397,0.0993467290980592,0.396701405765946
-0.34750905,0.0452307334105535,-0.441978206646111,0.50970224527593,0.549088372331267
-0.584918854,-0.210957967414619,-0.219244222107979,0.932013649669473,0.211031860769772
0.387318484,0.205199781548127,0.585213986422269,0.316635913152978,0.279922521848075
1.310080873,0.299417143604443,0.894262263333286,-0.118475455500325,-0.0282094803875497
-0.377754694,0.132061786282504,-0.160215680313064,0.663027308732985,0.614165275246936
-0.074101251,-0.124292950772153,0.331191985356343,0.492039500992529,0.392024353225166
1.123968072,0.50256596451536,1.11989480578304,0.285806107518654,-0.118673417615192
-0.289108119,-0.134982249176282,-0.201241147696177,0.125847446866866,0.783174186003116
0.772413486,0.513706323874805,0.816399911060932,0.449759502064451,-0.162004458028868
-0.512099677,0.107104423248209,-0.276419494403841,0.762044313815037,1.03957097743273
1.511705538,0.55090080529914,1.31377600205835,-0.0532085377930479,0.341261660046984
1.446946516,0.273126990786879,0.707370365848024,0.108705756422763,-0.0771830539119758
-1.666181559,-0.315511908915775,-0.911257658814147,0.540539060498222,0.800282865149375
0.088451884,0.228639081894089,0.316056212972956,0.47932583163148,-0.234197010091026
0.812714325,0.474599077825446,0.635096743917108,-0.00432924352384759,0.0967249006262319
0.280462918,-0.0624059650798887,0.627693190963861,-0.0593480028173233,0.539354554199011
0.443630696,0.189413284811767,0.571273988996961,0.260732429578871,0.258266321784671
0.13466472,0.124030300390998,0.438332256284009,0.390253855702316,0.422473110647685
0.461470288,0.145413499001057,0.512249680403019,0.300800599405769,0.171705854163861
0.102865577,0.244995446639316,0.331518309465206,0.364972862495341,0.466813428054827
0.534804106,0.28026712378982,0.527752875534922,0.401267492220142,0.274974074692457
0.326372969,0.0816216220327971,0.205166784039134,0.36756305506052,0.646154376125828
0.993460895,0.409114195756966,0.875022014753591,0.0650751905055625,0.0770278766130001
-0.211062092,-0.0367209355624531,-0.144582469286269,0.273987564501346,0.396738910592421
-0.21559415,-0.0870907965439854,-0.169423283144411,0.261014327221448,0.244083045483971
0.54874298,0.422944836309312,0.77765742570566,0.577824120227052,0.126934176232424
0.294240943,-0.0260558908601731,0.0421240352295615,0.237702513237038,0.864890494036383
1.493406811,0.627450226943313,1.17811466313379,0.411241030427132,0.232605261495346
0.046896864,0.0297518995135188,0.132021442273147,0.34116381927173,1.02373523430739
0.93414534,0.472137968757899,1.03729047255643,0.47765487821031,-0.0925077234239236
-0.56409776,-0.084620639545581,-0.257270181482687,0.589614444046941,0.605366056540779
0.302267455,0.316727584190047,0.520239014245143,0.406459976759995,0.236209031697807
0.841860436,0.479994499369029,0.798798023937669,0.668644766099429,0.474949831958137
0.096131984,0.0767872650608419,0.155613117714923,0.132021949980199,0.199562569978631
0.294891286,-0.0873104587330349,0.427985022452795,0.139348241367262,0.134721126476279
0.160935062,0.158790678403554,0.452868440413642,0.204536954669034,0.241184847885644
0.192476998,0.14991678817067,0.298453330981106,0.256527744753016,0.265155538714108
0.323157443,0.168906271265316,0.333690547383509,0.237739382383969,0.358257445904934
0.606343482,0.0345069226278201,0.887046525752297,0.274784174703344,0.188269183243724
0.007015514,0.178722028552327,0.321716159084136,0.2891321482332,0.504743036361139
0.544688068,0.00464273259574766,0.588249897076361,0.211312155429542,-0.00314312966629653
-0.131456104,0.12911175269591,0.115669413263522,0.334154108192052,0.289800891935374
0.094789455,0.0252052162256185,0.244027718484163,-0.0530241646105093,0.0548978331484505
0.35129179,0.0215320493313401,0.235577132660232,-0.177969058339964,-0.4578491866945
-1.161110706,-0.0886068813107944,-0.580090472673094,0.240388598396584,0.144278529528525
-0.220899782,-0.441587572002339,0.0523991198506479,0.213092558519587,0.0850034915047497
1.281489118,0.222572975640268,1.23311398561403,-0.10093555385858,-0.093831980182902
0.131625506,0.162877565344901,0.206627099971101,-0.00313438364899629,0.617978488677709
0.198272147,0.177626404763053,0.171963382729265,0.250224905451571,0.225368863155227
0.206352603,0.138035724331459,0.127572982154723,0.138339075481258,0.129100631937241
0.107873023,-0.0626463378878538,0.8989205805311,0.180486845822523,-0.0372114930572837
-0.451831068,0.0872881541087277,-0.15573849926304,0.384371725646241,0.404335838550499
0.724161159,0.0971254718722925,0.710676101031368,0.151537633523089,0.0517001553242943
0.57340667,0.10581485360051,0.637399047810194,0.227119921406268,0.219557266771075
-0.198004615,0.126386083976139,-0.0900464458965941,0.242181037323271,0.441638860908352
0.307180292,0.188416489552034,0.412821522629551,0.346440777542974,0.127547045615048
0.340508629,0.072593989400654,0.640095857374714,0.378735809631639,0.285404847702743
0.282099402,0.219055931362747,0.289821655916038,0.352945346696728,0.437863779054428
0.53271763,0.351931752779288,0.459033596542304,0.381035639334404,0.46459821537804
0.664539879,0.404416791932294,0.457003923229726,0.466089634503862,0.499724289788345
0.406331657,0.30748000586828,0.415120221913515,0.62086560179044,0.846101159910247
1.111517264,0.293348444398845,1.09350658682167,0.461827792870331,0.580614692489454
0.917751128,0.509785325495028,0.817136436905225,0.254351791258691,0.30488293506448
-0.42704555,0.278964471796684,-0.140048690576511,0.392394780856221,0.338527301238037
-0.326473081,0.0983969037779782,-0.379277459465787,0.169808824366879,-0.0355713884270857
0.209445681,-0.040712843667573,0.247010481984814,0.0391568338894256,-0.24171664265227
-0.257399334,-0.0879165328553154,-0.025852856662972,0.192805812365887,0.221011736100698
0.256689261,0.0888230818992099,0.506326713734498,0.242010191875025,0.208686838151845
0.636122299,0.209557235759225,0.50859202292961,0.252421576393704,0.346890540657785
0.428086732,0.379511416531466,0.356814319880012,0.50596959950659,0.756643034424371
0.711081277,0.330829571206539,0.628189110480753,0.649495989257101,1.35725886614385
2.612066135,0.773348540488514,1.73147810624171,0.500098267947171,0.485389460569062
0.286419169,0.187130914269325,0.31373585735435,0.7907452718606,1.34564653324046
0.375563688,0.375469953436936,0.366762569054215,0.622229163246151,0.465943540488272
0.43930068,0.351023530795899,0.814001684386565,0.736679494968779,0.0934425340113297
-0.339682796,0.130098742541144,-0.279802995290955,0.402142512256719,0.442846638998106
0.338777853,0.281718631799289,0.19672098194702,0.564740023996439,0.431896681006394
0.770883164,0.286739882067635,0.630983771891473,0.814937839268778,1.56748211308698
3.331849067,0.948653115595745,2.40084336085093,0.235956657088077,0.507881825108391
0.414175961,0.389572640006434,0.511903007979828,0.634094640400252,1.36919310419222
-0.231471792,0.204121325581403,-0.266290976312394,0.467250129010244,0.392704235095648
0.001060574,0.288406968094603,0.122227278410103,0.116282619077353,-0.0654420990977362
0.03947412,0.0137276811171702,0.0723931452179563,-0.079892576573258,-0.293816727760181
-0.823142075,-0.105336422738945,-0.590944089400178,0.192987010702593,0.425759546052053
0.807552948,0.251289416578933,0.886126658814838,0.273030842519695,0.0962591608092083
0.955473252,0.294111626331339,0.756286825487092,0.34235368417823,0.542593154813687
0.470850157,0.353030771482897,0.44487322244543,0.563068806753552,0.792570123244253
0.685179018,0.218315481869303,0.811151484891838,0.642013551111697,0.611458803987767
0.83134264,0.294462932646486,0.8473232788638,0.479228873045564,0.268223732364649
-0.157049341,0.236053696951947,0.169171429756858,0.604769033389646,0.42713650410408
-0.129484374,0.0668681200492169,-0.142868865285183,0.553699149277907,0.52108858943404
1.185601859,0.126094138875144,0.824427603833729,0.339522986990242,0.100562966199733
0.318285843,0.154027126635925,0.513149262917256,0.135811886271673,0.6374219860883
0.345707508,0.13520669425699,0.298784072408312,0.304468667447604,0.176131374304815
-0.15904604,0.177361731702924,0.236046873997386,0.419177997952074,0.406037889072495
0.533151377,0.0404606344691681,0.558230794429262,0.0647244355237261,-0.0335893682169046
0.046765903,-0.0865836765143073,0.257862481760744,0.0602900755396004,0.136350428501921
-0.197616546,-0.119216455771226,0.111374532053781,0.10517091137589,0.0520134844224157
-0.039901447,-0.0584214375349329,0.0683627751575536,0.110993036595354,0.031292213681356
0.228317869,-0.130917755172063,0.132080788621007,0.000544769435335764,0.0405082224554593
0.135526386,-0.0593526992620531,0.208843152438124,0.0925566096449867,0.168026431297419
0.118654601,0.209678305142366,0.211723344571606,0.294993880278303,0.236967516528307
0.1804852,0.170425101930424,0.179017337924192,0.318571935107498,0.652876117484476
1.313529769,0.306618079791824,1.09684055154037,0.217656082324319,0.308764966789205
0.514366138,0.219947917080833,0.603477397213526,0.435543923010531,0.599630972808008
-0.010908494,0.278261259360896,0.320173448592861,0.458951426272143,0.525019374865286
0.482362726,0.25161239579264,0.452310397639655,0.33359723633354,0.145764985905853
0.215749897,0.131981921189361,0.308530227599247,0.289760672786421,0.298156795376775
0.111303709,0.133781193884904,0.390088309953133,0.35305324799562,0.388132810607786
0.529509263,0.13682164931662,0.674631085608619,0.342900377867931,0.330323805980225
0.599840652,0.167228471748057,0.670878589335289,0.254759176066918,0.298920109722053
0.19054961,0.340902511322549,0.292195815740108,0.437701186768373,0.177020523109969
-0.398448156,-0.0126397002580561,0.686722158565145,0.400803160560012,0.499092159063391
0.980804687,0.061269667523113,0.868650996861934,0.115774236978446,-0.432633334662543
-0.66705939,-0.00271139964318096,-0.444405710175177,0.218150088378954,0.405046444813987
0.014250323,0.0867073483141234,0.906508958800936,0.155246862890467,-0.192802115759865
0.062648797,0.0319925170237057,0.290798310857023,0.0862634923582195,0.00549508243992168
0.084791724,0.0862615159893109,0.243929541447887,0.0293512314702259,0.00294283977679695
-0.259863566,0.15166256446357,0.202762204532107,0.387064566121719,0.64547724918927
1.347779204,0.227411088486217,1.12632765868683,0.0863577302534144,0.116861672409165
0.533388913,0.13679482440006,0.645800904352196,0.142280247039141,0.522144140409529
-0.039522061,-0.0468231250657824,0.432210710862667,0.191938812403634,0.188486055883639
-0.263477987,-0.0501569001496006,0.0515350931397532,0.26277384257524,-0.0354493505419932
-0.21584716,0.0800763640974481,0.0543125496785318,0.254479788864163,0.0693159594099729
0.333252341,0.110786906680461,0.419607550515323,-0.0587852155532045,0.126786232839234
0.653056481,0.110281903435029,0.628987138020799,0.0477127408116325,-0.160835472809854
-0.811870868,-0.207674699504877,-0.664551272467369,0.203560463755661,0.68838515131904
1.036059827,0.0320746983512013,1.03245083200135,-0.0172791562922495,-0.622815897530268
-0.728066885,-0.0410078497137566,-0.270443308510487,0.107061010917456,0.310238335838934
-0.111552417,-0.0607778258721946,-0.0855778063828766,-0.368512805320965,-0.501118016363392
-0.53616652,-0.145351846953143,-0.345189631287808,-0.0513481999427011,-0.238815280430467
-0.399127077,-0.302882391649598,0.167042601814959,-0.212433304122537,-0.13559791713596
0.293823398,-0.248329782077093,0.557869096238254,-0.388993030865794,-0.337972857592612
-0.20780002,-0.189391944142084,-0.0787121495445021,-0.318985807450262,-0.199009251306424
-0.658895709,-0.253289378771949,-0.11107656833517,-0.194408107237826,-0.160570989676744
-0.122938227,-0.0779158336548623,-0.00376961063823929,-0.272773358015761,-0.51849849572247
-0.489529627,-0.298840720357373,-0.331688397972568,-0.297806618450049,-0.22424613845942
-0.241998185,-0.282934187587727,0.0386235412607733,-0.320615408547162,-0.392440555485315
-0.393909288,-0.148818209344142,-0.0573411290267428,-0.0884210702327288,-0.153443281430218
-0.139109316,-0.130154401230257,0.108888075032006,-0.0457488978989407,0.091667077081468
0.654151822,-0.0165064641679388,0.766002657652683,-0.221415720028106,-0.0774572803488638
0.133052816,-0.0671010142969662,0.295773525270808,-0.121348100628487,-0.0466057973637611
-0.717263801,-0.0982250851229742,-0.213540752483693,0.138848435988733,0.051825510263435
-0.156578414,-0.162049116958922,-0.0372859194701083,-0.00738293071614382,-0.143157908705963
0.394902791,0.013185631361782,0.852457150161714,-0.271513845243849,-0.247264525227522
-0.30922406,-0.182396087886423,-0.158443325163982,-0.0275904243470348,0.113230587830324
-0.200272962,-0.0925403291307939,-0.0342490457458585,0.212297933494558,0.204775626083075
0.624001533,0.303291015617447,0.4281719460849,0.231612007785615,0.220571627137121
0.633616618,0.189492977359391,0.654734712951249,0.432482560511564,0.601409078126317
0.728431937,0.383820109944512,0.711382444065582,0.483929886172121,0.585506883071347
0.602015341,0.352957619157585,0.863541846902628,0.529960570404955,0.507616363875755
0.371221549,0.124741788019024,0.653305658951014,0.424834900657429,0.270783191050632
-0.126712907,0.111309888547234,0.0609505885586343,0.476761942743913,0.306895707743844
0.112756121,0.0607508145428961,0.267266366733114,0.231013953882375,0.342061762268761
0.915671093,0.304760371500111,0.958522693822008,0.0826873891051471,-0.114614526437031
-0.441024323,-0.0764729011111288,-0.355365278930673,0.14336690276156,0.585539919014034
0.459775684,0.177421969203034,0.697130292860641,0.0747163311944333,-0.166228975696362
-0.100135545,0.0333767008827841,0.123442756738174,0.218780292747908,0.20597401697042
-0.057777281,-0.0614436680406145,0.127570420574246,0.152514797350986,0.345776623804894
0.677567374,0.231497206195417,0.275887662772454,0.0217760365593052,0.465678885606821
1.19130204,0.360364086080987,1.06455223324569,0.28243210333752,0.192809471013516
-0.364843659,-0.13148326242232,-0.239302763275258,0.196286605847212,0.975213153099521
1.256554686,0.267856416606542,0.106669059382661,-0.147950858887273,-0.791509162673065
-1.618822579,-0.366052485197625,-1.01208943681621,0.275725321926514,0.318310968568377
-0.54334385,-0.0584466036738964,-0.275998309401276,-0.158224449292529,-0.435765676858464
0.546046833,-0.179259342846411,-0.38474482042492,-0.456610598507448,-0.710937704791482
-0.861226114,-0.370164700632731,-0.657665137012174,-0.41685648289636,0.033912176338926
-0.275667009,-0.0218940628194793,-0.159283150632795,-0.287579065296254,-0.556042794439061
-0.464344162,0.000232272228651822,-0.412755046656989,-0.134855088429048,-0.302649649769856
-0.319396328,-0.264518706666369,-0.184637721309695,-0.171989467729782,-0.215315828242425
-0.084331775,0.00589419064903609,-0.105791077079708,-0.138534162300847,0.117764467174255
0.788246457,0.214770028649007,0.164810983009142,-0.302815846141694,-0.382251447464013
-0.739100715,-0.246446604947604,-0.35459375532137,-0.0520152702114035,0.280108724346534
-0.078115465,-0.104150523162472,0.187838016166072,-0.157442614115713,-0.348630872094987
-0.187325305,-0.167215561576359,-0.0828732444419611,-0.0161151294790277,-0.100186902849246
-0.077125442,-0.103585394437814,0.0911020412847873,-0.0670227774452886,-0.0535176220749438
0.003202046,-0.0335680563092526,-0.10799005288443,0.0416334742304351,0.19141943911241
0.522515467,0.155904424693467,0.520845814850071,-0.327723496319308,0.0991393020065878
1.752477201,0.189645199959027,1.39364371561099,-1.32186115081764,-4.04611972540983
-9.976731608,-6.24240736203498,-1.23477171652061,0.268221548198312,0.598388591321513
-0.391380141,-0.523320739280641,-0.281984893690818,-1.01345193631387,-4.21233158254382
-0.292244983,-0.21581421561176,-0.393293040264951,-0.796689267343857,-0.547586399832651
0.583805079,-0.139489953539589,0.485509760261974,-1.42301524568484,-0.314109889947631
-0.204728741,-0.156357753635609,-0.136762971045102,0.135859127168643,0.309048774120521
0.132417738,-0.0433129203426953,0.0509406980332617,-0.00212515289328161,0.217956664829735
0.69054948,0.239688175564799,0.655993634453307,0.0224330622089723,-0.086665588820028
-0.103672189,0.037653234547991,-0.0450036181197812,-1.11992683905882,-0.305201518093082
-0.193635533,-0.423614189569198,-0.826768953608933,-1.05896359126723,-3.49002173885036
-8.441778144,-2.38604731926758,-2.22719067776992,0.372267707651537,0.564098487836296
1.490442143,0.290430450869378,1.22425470996458,-0.89342602569679,-3.51516742727913
0.126734672,-0.0672021871104224,0.691776164006674,-0.515775674095658,0.302245603751848
0.483462727,0.144029074223472,0.170512693717531,-0.617269418733851,0.0906972998675945
0.083181134,0.141310753646498,0.10875276152912,0.221543066974648,0.132305090150297
-0.228130148,0.00947917718610413,-0.144741455785141,0.222003499343901,0.158436961068045
0.096070693,0.323477676249771,0.350817333279623,0.458546227554208,0.246214358924453
0.321177273,0.365354907335341,0.429912568055797,0.358208771551403,1.3359928071837
3.016393186,0.620519658745886,1.01999326266749,0.180283504226197,0.314836613364765
0.348318571,0.291000960293807,0.455512224465786,0.678175874576129,1.4774971197146
0.324285601,0.359108415128995,0.316586095625496,0.554421325080441,0.58705158533717
0.610031956,0.466174396071044,0.449353134522221,0.536265139196722,0.0846718428616839
-0.278658684,0.0544104382562662,-0.114696375748298,0.452707981533914,0.379451719517214
0.017150612,0.0293834092080895,0.0695900219793594,0.397575000001276,0.488023660209655
1.220387269,0.562170500113766,0.991009954239177,0.455052943927482,0.293458605718432
0.478658963,0.263652920321881,0.509518964756893,0.519388898746651,1.14572531974706
1.362565765,0.333565639336419,1.062378260485,0.677510210820583,0.604648625461933
0.647310166,0.387369189541369,0.540056584685435,0.784642826841025,0.944088153230923
0.652034037,0.382010188027704,0.359086124104683,0.750498821343484,0.672648219627592
0.555363727,0.262019939258279,0.476407024644417,0.788952918531004,0.787593927493162
0.985859641,0.423519562297861,0.877617841456276,0.75055618753934,0.527318763271333
0.365594525,0.204363369565478,0.57973900921575,0.628593549669139,1.03563473280158
1.423701259,0.725645119089275,1.32888891297418,0.471782171829614,0.0157051626375139
-0.561741882,-0.116037035459217,-0.392091664988266,0.750735854794011,0.837900698753311
0.323263092,0.048283147811167,0.183703800622719,0.39533357071742,0.268749346222148
0.948119484,0.41902667910183,1.29108231282325,0.598698802625622,0.174108703843463
-0.039848112,0.106295499416311,0.227003193425607,0.484471704813635,0.920826561396311
1.002003445,0.667402207800436,1.02229636384502,0.723524281843627,0.54361134543106
0.964789257,0.478310323869806,0.856206371907038,0.575522422872921,1.01574872825852
1.406938071,0.370802196130927,1.36936077539194,0.220006114636625,0.375089105062849
-0.07942852,-0.0685858030553315,-0.0610251904968855,0.435350292208196,0.227847175582153
-1.152584035,-0.0727256255673663,-0.0312833606442072,0.587307967277515,0.390065726818997
0.72579396,0.319472588138478,0.939309932818944,0.221880535670644,-0.379908565448635
0.216815297,-0.197442382340403,0.662794204145749,-0.274613714286437,0.288865443591406
0.380925717,-0.0802607507990607,0.364884692548713,-0.25146699388647,-0.602179445525826
-1.828685847,-0.911363978034097,-1.00375071979122,0.48162781836701,0.497332596701144
0.662140629,0.403307622393359,0.736207302753532,0.133074421506,-0.516993670127555
0.3964535,0.148255228578249,0.421314014901496,0.302939225170985,0.599652096087663
0.823101159,0.145838611618518,0.753649909498424,0.159146940013654,0.732800862233335
1.354910476,0.766836247812171,1.38215909593687,0.941817643681188,0.13299072275498
-0.876964408,-0.736530134022015,-0.995540350097535,0.871384546629157,1.4782036684555
1.965159158,0.837644736258253,1.75835907799443,0.613150933946512,-0.209448285112118
0.183221612,0.0433562850733914,0.208400570789901,0.652274101115378,0.730051676559494
-0.233935796,-0.101115510933843,0.161851832752704,0.474937463280229,0.436189154529771
0.523041233,0.181377988878736,0.516171432567947,0.31569647481186,0.0434168883239755
0.223691734,-0.202288854942703,0.156782731949192,0.333958651936796,0.333604045591783
0.193818115,0.151736379256014,0.0518390282620118,0.0890505402051162,0.390127945887066
0.695239629,0.471852852666418,1.41760321546073,0.237158036107136,-0.113578497859484
-0.604746843,-0.119512952692348,-0.592718254720262,0.377934759747462,0.59133774127808
0.579968398,0.305728120681955,0.560554806249609,0.311538060766273,0.0171849014414438
0.34496947,0.125388570521996,0.592334459466684,0.466484430892428,0.755014895131019
1.263485461,0.560066324743656,1.33320260650214,0.0759503152335931,0.199127045793873
0.116050868,0.218590859435214,0.223340013380324,0.356421515462132,0.369998653233784
-0.491644381,-0.184825548040069,-0.205251115442094,0.518918285980521,0.234411346419018
0.134517767,-0.246030275557147,-0.0804254808560258,0.136898623754097,0.100477590256098
0.827652017,0.13822447305076,0.414739843243944,-0.364811023579432,-0.387277865179544
-0.845471578,-0.393715392037475,-0.661385806526834,-0.351405623361971,-0.0223166239379665
-0.739054617,-0.123381719946658,-0.712160299521282,0.0750550384630789,-0.734438078728824
-1.226004469,-0.331747955750252,0.0446906180066663,0.265270966969162,0.257356697662955
1.354206568,0.21094497270796,1.12706932651911,-0.37791693772136,-0.296396208520043
0.692201592,0.0900203316824798,0.167883570270302,0.00455312963231774,0.385995635485273
-0.306669437,0.117492576999453,-0.305684904470522,0.272567764375773,0.54783574149525
0.539776496,0.148753296771755,0.82885461962054,0.393606087850415,-0.402811066368867
-0.812290241,-0.0344704394987825,-0.601258750626746,0.387062630616266,0.335752640135623
0.137865251,0.0897926643494451,0.350083716291555,0.269087391298226,0.0808544225969312
0.84454935,0.157080354560005,0.494782351251664,0.298035780420573,0.241001651305598
0.428561713,0.367131044240179,0.144359804773845,0.377420024831458,0.675260337177732
0.640765548,0.213580122795707,0.587384186244404,0.482909557566139,0.517896507132241
0.578659843,0.124184787432917,0.558210547620089,0.598809336312728,0.545781307901111
0.453385046,0.257678302202474,0.520553374654801,0.575737362403346,0.594222122095401
0.61427697,0.440675255728658,0.632905334246689,0.574589459943446,0.509933598855789
0.531802057,0.365485942803667,0.582669695496683,0.589505164763621,0.612560038502757
0.643854339,0.372798912191006,0.700554926503193,0.464079315622525,0.553040739154056
0.636858551,0.357907759671692,0.815619623113192,0.496002970517561,0.393152625314981
0.084275886,0.202497778618603,0.439656771496821,0.608033536793151,0.605647171715555
0.559992781,0.318244096856474,0.545641856808278,0.477253906447127,0.415996811231085
0.700970682,0.270683105882363,0.702040550040069,0.376688938558725,0.48139107885792
0.564610303,0.369536557519316,0.504695724832737,0.465198369988145,0.274940422714663
-0.447308841,-0.226245119111661,-0.638323651117605,0.986270241968084,1.15437565838924
1.790710081,0.247310749027528,1.39939624170566,0.727315046380598,0.540116889805245
1.388783402,0.33916652247655,0.552474998263492,0.768358363932299,1.38221902484227
1.384821796,0.496841335875084,0.8382876186311,0.976914184884239,1.06456981695986
0.610942394,0.159986818419613,0.504117929578463,1.35273572839042,1.3857982758074
1.50353393,0.524500070741432,1.34383374319429,0.97329978071489,0.717266041959665
0.69585496,0.4690980180924,0.47392117329209,0.792139564634597,1.07883494005526
0.839803172,0.274312384047318,0.403540561518821,0.69334121858484,0.58848922514917
0.257771381,0.131265415048195,0.202382470121006,0.910803595842843,0.944741987803641
1.126009587,0.439883973167239,0.91472748484745,0.512833999000942,0.500684275717553
0.791279901,0.235189629706386,0.618021719134438,0.776796868515347,0.453551999353425
-0.315544379,-0.0320006509896432,-0.507956888590362,0.532535458705809,0.967020381464643
1.295066702,0.214919946978148,1.17118374298812,0.474508179031932,-0.041276586483522
0.013671702,0.0284334384126925,-0.0864702084221402,0.369238958566568,0.707911748202623
0.149118633,0.143793496585307,0.191165528279241,-0.0664822046049895,0.786495787915658
1.764110292,0.613189601210757,1.48468922083706,0.324119719797148,-0.257206062376794
-0.839537647,-0.101452274810591,-0.115676773476735,0.237251248888858,0.916266756846763
0.413838238,-0.0256508249535694,0.343969968823029,-0.171451237599875,-0.381420481680766
-0.323340949,-0.184970701667718,0.659896667172708,0.1987037990931,0.130793331818971
-0.068156401,-0.0297682227473176,-0.0488956687022252,-0.0951585299235854,0.0191376753422307
0.352236854,0.079513904418432,0.520637952071518,0.288741609808531,-0.140209657096105
-0.456526472,-0.30391925118574,-0.491646698941579,0.67339994181973,0.811411453447442
1.288326307,0.453981467311697,1.33634882468933,0.493680779028418,0.635304034690032
1.698754335,0.115965223004715,0.754717026914278,0.526608739111404,1.09411219508578
1.330035967,0.249937635928313,0.783414006137088,0.778536584992614,0.847742980621767
-0.052937504,0.273380149903363,-0.0306088656679968,1.31053896861537,1.15193788893238
0.912447789,0.458423829689942,1.01712873213416,0.708736893593962,0.60541138738428
1.338458147,0.358319153240936,1.45095125060236,0.357804756698646,0.108120126584515
-0.66274709,-0.247654816185973,-0.444362662411118,0.609084623542125,0.56183782376679
-0.30822206,0.0833464222202419,-0.10218212861022,0.587445925037498,0.239351610953493
0.983334548,0.0429712338639798,1.0305069153772,0.138948722565145,-0.10029562329604
0.103742645,0.0583827987246156,0.373576903824438,0.211102158094365,0.492821979620165
0.133799181,0.0728162602221182,0.230595823704489,0.297532638752804,0.382353503704223
0.639943923,0.438812327111112,0.85096484532721,0.21834550829919,0.120125591122053
0.049152728,0.131497499337386,0.296058162757587,0.51907173370905,0.462704696337853
0.231449356,0.362394284836299,0.368053062546048,0.401369593137166,0.606580951118055
1.277181245,0.61540014059304,1.27590257551619,0.146257548571948,0.110920084217462
0.006719978,0.10119894921862,0.167985247376218,0.439605403487085,0.560580361178862
-0.221714902,-0.0210378505063779,-0.0976711632286984,0.572409678435597,0.725381921629096
1.371016914,0.876321973374239,0.897688264832633,0.530106992661509,0.291797371580748
0.613005335,0.215434227446616,0.585058932172343,0.719227041933435,1.32060056741452
1.706672505,0.738127301422906,1.59224011921395,0.421677977523336,0.51061370854844
0.375399152,0.176547301634912,0.2118067795041,0.642894977228446,0.810257285265579
0.043315177,0.0783258723951481,0.245055876786799,0.442116666862399,0.373541433880935
0.188316452,0.116223647408272,0.262462589321322,0.318688298473167,0.175578956726524
0.25366724,-0.0162956128935854,0.361940591990156,0.206610960170161,0.141823921162793
0.048533467,0.175623650464079,0.496793400991351,0.339062904284324,0.335909400228612
0.360884867,0.176430725412827,0.54553437661939,0.375847280525437,0.447894457261376
0.928718409,0.342076042665198,0.877436082272688,0.23898309293873,0.255302017621474
0.209065692,0.16638164085794,0.338088860606899,0.253356662307321,0.467063818870243
0.157001929,0.155667842478869,0.098540291426225,0.129462716143418,0.0298450396892669
-0.260191706,-0.061704675348905,-0.235391591771224,0.223736506953429,0.0148488206592012
-0.198091665,-0.206489522127328,-0.104363738932897,0.12689488403595,-0.033076199549139
0.082979466,-0.00966857626988974,-0.0726700001748014,0.0332549615856111,0.09343946510158
0.3940101,0.193074757235344,0.316741294630829,0.101447285702433,0.185307364712883
0.279193127,0.368150057122137,0.308347105198734,0.349566117677849,0.478468517255662
0.538243884,0.296793570857442,0.620135933970228,0.374976976561701,0.672345573913867
1.225628796,0.432108843646573,1.17159871122122,0.211545206157593,0.298280110470487
0.23097872,0.0494695521498422,0.305894582733576,0.148229933032726,0.22305284100107
-0.689019065,0.0167624245998628,-0.411518212807438,0.482776517812849,-0.101907721134764
-0.865764113,-0.122766991156311,-0.0952864164532479,0.521431506063907,0.295210501714269
1.29843679,0.395794154723954,1.3546042230689,-0.150736521415797,-0.348352414103926
0.169905076,0.0806671660563598,0.332830473602857,0.146427912203506,0.405817156027877
-0.263174381,-0.0981184277601303,-0.181553248893476,0.208822156816351,0.325591468582443
0.442484687,0.246077658382221,0.423431539127195,0.240412543379948,-0.145087935364343
-0.190856584,0.0441474079213326,-0.178078367804047,0.22254258340073,0.348246042166352
0.355137526,0.0137266799441357,0.555483117074065,0.00156495011221265,0.0965776912292066
0.43353413,0.0721261537058811,0.521786381283367,-0.103324630154332,-0.0757812565405614
-0.499692668,-0.128093099698922,-0.0711214099987431,0.236056804624755,0.165140530902559
-0.187638499,0.124796545127735,0.205834338896778,0.280841198517263,0.0802146528463004
0.540490079,0.210988292021454,0.640057591974197,0.134511152763394,0.106478373268286
0.427444815,0.347719629786214,0.714075978137855,-0.0210510474541364,0.42566003590539
0.546659682,0.0689599282556719,0.600381467489408,0.236032450333708,0.0779326714073084
-0.457656938,-0.0353610950980113,0.0913882188448085,0.455640413635512,0.655989995730657
0.9008642,0.352956921860477,1.13895895700493,0.187952859669903,-0.0968011885526827
0.133005604,-0.0657561563043774,0.16374588949689,0.196280791737069,0.3697162828907
0.006529051,-0.197070490626832,0.353385036266775,0.168144029932793,0.15905369170846
0.07948376,-0.0948598057949345,-0.389327411189415,0.276061780935519,0.118061839522208
0.211908568,0.00654379787788542,0.341543605470411,0.045378932234963,0.0943875095333889
0.14335069,-0.0460504075664216,0.587001294584087,0.170103524370428,0.074241233646235
-0.159035718,0.00558361931614074,-0.118867506970378,0.247970550312202,0.38361894153239
0.706267461,0.0905284675157491,0.606584751700913,0.0502267649478438,-0.0017072704998406
0.145101797,0.159252320128999,0.212441587936614,0.110470893687077,0.244832443786607
-0.136587514,-0.0154169953194743,0.0713293290554129,0.113906674300019,0.179828404966585
0.159584576,0.0153911940831321,0.310395225084499,0.109201272830209,0.00151160476280543
0.101572472,0.0427522366908501,0.345919942328427,0.138494689906349,0.0655538368192285
-0.138910152,0.094848305111559,0.373446094180382,0.302847130040435,0.473107020929676
0.934197278,0.29069008829289,1.1826626129077,0.069707531458156,0.10634165680032
0.377172663,0.144342388720046,0.421307147358917,0.196980187187454,0.370861337221561
-0.15110687,-0.0632733562263404,0.0293920075966795,0.341618143426852,0.523581099437991
0.735584962,0.203576550438596,1.28128964332513,0.131860660479437,-0.0832557598774924
-0.062460432,-0.0482725030535166,-0.0372545193019266,-0.104074655821977,0.139473332101245
-0.352937411,-0.176967444912528,-0.258555140467593,0.0461764324177892,-0.103324087043494
-0.397610347,-0.104154321750932,-0.093051956610647,0.213279658138109,0.159890725163119
0.64934888,0.158046009314524,0.601704280304489,0.104314833774248,0.0157044871455736
0.402225645,0.105674481074804,0.522105542632572,0.161636761429824,0.486234143832338
0.534949629,0.247161130424147,1.06674407321652,0.31323964917628,0.284790890118706
0.063491975,0.315640312926754,0.210002704788157,0.582370444515435,0.590415102324751
0.644700492,0.409314238488991,0.820393030278371,0.50840621620385,0.451192214924698
0.842711044,0.258182233681156,0.949291311323304,0.408104080260256,0.465387452418064
0.478620451,-0.0865174081767317,0.801597506280869,0.379053014632488,0.254433431153894
-0.369431182,-0.0358125995218313,-0.399957198217472,0.300523650750375,0.334912176351831
0.205466885,0.0352003320564632,0.384805220191908,0.10919842736374,-0.223760291870264
-0.22122631,-0.0312033789422544,0.0245827447274343,-0.0171499988140997,-0.0117469189633171
-0.163739499,-0.257767911786143,0.535527127165355,-0.101412570185712,-0.162569172386354
-0.179696531,-0.0351879064441195,0.169115057576103,0.0112723024046529,-0.0993031159789689
-0.081949633,-0.0597096672994986,0.139305065106262,-0.0396021944161717,0.0290816797810313
0.239549619,-0.0427181946066701,0.303190731063222,-0.0823202335926918,0.0584190744437629
0.197447419,-0.156597264089248,0.252409516580943,0.24310574833811,0.244022431037929
0.242142012,-0.18740681602314,0.647869352409259,0.142200464200748,0.408109834020954
0.840919994,-0.100261388214176,1.01837984608475,0.0518568760104206,-0.198574178642466
-0.596789827,-0.774677138895214,-1.46095637259952,-0.878813126243509,-0.0420202544808285
0.003605334,-0.952374016520709,0.358899138220824,-1.20708351784083,-2.9881372918056
-6.49277741,-1.82927429707926,0.0292919914533511,-0.0562482395743827,-0.235440050965416
-0.455563525,-0.916583253344811,-1.1872430364889,-1.3448827687955,-2.8553306077224
-0.207951316,-0.00277700344579016,0.168031385597556,-0.54129233018001,-0.628793607827833
-0.101219099,0.0841523320419011,0.14908625365685,-0.204499473547571,-0.0300541197323598
0.337912896,-0.0564972861406855,0.45392017457251,-0.00357179652923483,-0.0302423548916779
0.067014978,-0.0443992747373167,0.41337614363591,0.086567397764531,0.207947332126856
0.185437673,-0.0768566755205446,0.514272733721002,0.0371885637624239,0.0221377259433884
-0.031760759,0.0482556321073368,0.299031468536563,0.0389955933325252,-0.000749084517232406
-0.152514242,-0.107054775746088,0.0382576571333827,0.00585072346470604,-0.147630287626325
-0.357689947,-0.00271225561836267,-0.230157209111011,0.0969577635623605,-0.0317918557117033
-0.021197452,-0.132977830427205,0.0694763088754645,-0.0121344970617326,0.119016732543502
0.691859746,0.0479924391420961,0.788885608626821,-0.123416454589259,-0.121774711594012
-0.19523542,-0.0175243759602936,-0.172857899925118,-0.0300243632873643,0.252218697789242
-0.05789105,-0.122877800067941,0.123619437808909,0.0119735465581796,-0.120855855996403
-0.164449041,-0.126472928391268,-0.0538162304187365,-0.0235783847627913,-0.106196852764288
-0.151786197,-0.283693615242057,0.314569845986554,-0.176343361930871,-0.148516237395851
-0.157405066,-0.0654046815932637,0.00436126770296608,-0.0148486552309001,-0.123368805527869
-0.366929983,-0.0932465287117303,-0.0388199120594378,-0.038099688384003,0.643556897614785
1.717850884,0.686539697301239,1.79205073122596,0.152046307987962,-0.223004636362375
-0.273970107,0.125737125423969,-0.188726981009552,0.0829522485660496,1.11253147746286
0.978436943,0.535732618454226,1.18289703910071,0.416524757045483,-0.0658722224017352
-0.154624928,0.0464672991572766,-0.0898644611504757,0.347756918390103,0.484588446204215
0.109658245,0.0485487539058588,0.214949085054321,0.0436211451883724,0.154490062486704
0.349312165,0.141617826915631,0.688259337772379,0.606598793614627,0.110195168243878
-0.081668046,0.256861038870173,-0.0408406846745039,0.317094250312079,0.814147826079593
1.515230443,0.208543247658286,1.11086434571587,0.132934321525524,0.0874006237794693
0.227330113,0.216823142781219,0.464150468617159,0.468978049218564,0.65687394084485
-0.062678577,0.170121460566166,-0.0376637497882609,0.294125967849177,0.467993554737389
0.629731978,0.16045700472997,0.907701511372109,0.665099567503143,0.0513770684243097
0.011988301,0.205866726447821,-0.0490021732312579,0.313846200625295,0.561148812617038
0.643140348,0.29454177536163,0.368771950398401,0.173811995607982,0.177280390990288
0.227639665,0.165430412894015,0.355139645633321,0.291155663440603,0.51491851417879
0.586527447,-0.0294781660495702,0.838970164787218,0.0820340805004917,0.0423161013651558
-0.192731641,0.0811820363889529,-0.00774861925885622,0.296770356814194,0.173423488344072
-0.198498891,0.00590168043150942,0.36306895497256,0.0824362977212271,-0.123321583438083
-0.169648837,-0.057785466619988,0.031915774116331,0.0504347552948802,-0.155691074588864
-0.215404621,-0.0182348004957765,-0.136360466462341,0.0349115819269774,0.0906533492210088
0.269100539,0.175867982151628,0.282280182928755,0.152476215027399,0.308964845278229
0.801124521,0.16591927623208,0.637011223578904,0.487148050493631,0.584621338625573
1.00452256,0.32785065853324,0.957051788325506,0.532741601674325,0.748592564066236
0.864689051,0.467416830083294,0.690122318889848,0.522596569092161,0.652387215402405
0.31972367,0.471367250955129,0.260515058493582,0.660244266297299,0.681245402439919
0.50397456,0.391003465635056,0.499478867854701,0.615493691771089,0.385003687965604
0.294923429,0.203439057104898,0.341686962428835,0.685021110480104,0.629944281969578
0.608738473,0.341095874981861,0.551694255406127,0.527588456862641,1.00687394641407
1.913930709,0.323113533619573,1.50347468267704,0.403751665703752,0.492264514962539
0.488943349,0.0642490398561705,0.763057231307133,0.618377343754363,0.865629311833159
0.011065769,0.213155182383977,0.1052375482182,0.33392762405051,0.369736097099176
0.114933251,0.108769452932989,0.511624432057544,0.332229367817769,-0.0469402177669787
-0.225359393,0.0141622396671531,-0.110460310258331,0.106492714995115,0.0153782297213595
-0.158745343,0.140916571003392,-0.181634244085913,0.0683863359453312,0.0844881888507951
0.357032408,-0.102301549419421,0.419731226552384,-0.0056217806341979,0.052659247699906
0.313270628,0.0128412396206489,0.725984100441614,0.110057499786377,0.140686815417249
-0.065218446,0.0344626431313214,0.0249624199715113,0.2989352617441,0.345821884420992
0.358114435,0.209542109312854,0.41694139668664,0.335352730641852,0.259040788911105
0.528856022,0.277871610298035,0.434575740397115,0.377710330257467,0.410757884656452
0.479521119,0.16018804580272,0.167909573730745,0.274650618064814,0.617018563466505
0.874623331,0.247941990542411,0.911678171101969,0.530298974620156,0.226224300340807
-0.194512324,0.385095190468494,0.0420004455330177,0.611882359165005,0.86126562485397
0.986063727,0.324061547553928,0.938361156402359,0.457892929097129,0.207187678798806
0.483583967,0.354315861944625,0.464801085018364,0.484612890760117,0.57028057001176
0.17642971,0.442495041461153,0.264150572790677,0.462583679684652,0.797604693898242
1.053131386,0.496979553756732,0.868024424407199,0.731565788005327,0.662513614285247
1.188695344,0.400296550250851,0.918901448118981,0.669997359086787,0.745756391178872
0.535485105,0.546088164413216,0.524013818818461,0.820016351402101,0.930371768334134
0.652629625,0.597441189371096,0.599809519483179,0.859695140708212,0.834017777537055
1.137928123,0.54289198042392,0.729457128184067,0.619431599948075,0.56816425435894
0.502451016,0.329318130875973,0.584090122473401,0.616926672589168,0.733451490229754
0.400973101,0.473729073741532,0.313645883845854,0.63234292334954,0.497975686616129
0.396090951,0.417671576220903,0.413977752552046,0.562669092674962,0.456311150160941
0.525721977,0.170873594394909,0.66312673412032,0.398290023571259,0.323797090899621
0.257857418,0.0994906643748196,0.628155075187779,0.32358655781947,0.345050575511125
0.267513483,0.043621384015518,0.220199863090384,0.401144892863091,9.37427496560117e-05
-0.530995235,0.112312586193131,-0.495464002878738,0.608791874293603,0.657266936540755
1.07926478,0.429948721286491,0.749698199307658,0.452629160791104,0.212966960047795
0.83974639,0.37395707128122,0.764441853263837,0.725695073849513,0.837261795241665
0.811639676,0.413003281100067,0.728606574016294,0.782423227871184,0.850649257093204
0.90288149,0.504346605279762,0.867445072259208,0.816367215921315,0.713493544956028
0.585688434,0.689684321846549,0.446086057209636,0.805097746068719,0.821125185743464
0.727687661,0.586917780792924,0.6331665652537,0.870077226635874,0.76145864732672
0.792801486,0.431101326439195,0.626835351765914,0.762785098634487,1.08217209482384
1.718770802,0.344118910818199,1.32160331960502,0.481830942279185,0.357426148726633
-0.055354686,0.312640282915587,0.0260989799915331,0.389451772241918,0.725968992583946
-0.150711164,0.339142468110306,0.100653688723401,0.480329203151046,0.101409818317802
-0.187055855,0.216963445126316,-0.0338989176551752,0.477430036205624,0.524214597556752
1.241429545,0.251336910194716,0.881470930011776,0.194138007604399,0.222504375189073
0.648670295,0.226183132436231,0.682812966316051,0.638668528084967,0.74028795453714
0.361397856,0.351733287270679,0.216868411687767,0.491027745339555,0.833728582277166
1.122811176,0.319666565270284,0.870891961188748,0.492393663268647,0.231084163507959
-0.001293202,0.313340890370378,0.449444326622168,0.730596109943872,0.67562664804542
0.132133439,0.387548663724576,0.0929513882473964,0.609143501489961,0.817677583366691
1.623470048,0.0817759465058132,1.27710165524606,0.56633139270747,0.413891124977524
0.704469227,0.177843344817815,0.775058858943677,0.52851760386282,1.01359923864259
0.653287307,0.389913574784936,0.725804548627627,0.766650014118184,0.643275581795698
0.333094969,0.427258618350054,0.351794964927846,0.786080632069992,0.986918809726239
1.501039299,0.473808507848526,0.586951627736702,0.483224283235467,0.263163221211815
0.027127274,0.407125697226776,0.0322957705618109,0.817515088899204,1.06240921554291
0.806667439,0.438402059729433,0.689099449226913,0.619816461830373,0.463049539520529
0.7192903,0.254874897152532,0.575254686995273,0.602252893243059,0.665030357259217
0.727883507,0.285210658466187,0.785585330297385,0.548199286217397,0.333544840316737
-0.182117161,0.491441870833404,0.335268562776341,0.712669708927681,0.70541215773966
0.732583475,0.125461102559936,0.598651111288432,0.477341250513344,0.182055547829079
0.51090412,-0.0418789040588251,0.584935106244027,0.296500443941076,0.227091360186432
-0.157457913,0.10385662654015,0.117596711344273,0.0672750782974485,0.170695624012066
-0.232901936,0.0818651336158251,0.306780739393666,0.37373609102608,0.0152328655327567
-0.002961426,0.0642566546010633,0.0434133989236489,0.173568223788989,0.189951896525265
0.61765646,0.120009265608829,0.682292993678778,0.154313324976747,0.187104163541215
0.371400182,0.299035937412235,0.539157160843466,0.32148089390784,0.566385969487831
0.56674439,0.29833002782933,0.497947577969221,0.452420545861124,0.633554203414542
0.925089555,0.374432461236049,0.89257690293765,0.528841146035822,0.560532253358353
0.624777205,-0.0510590437031034,0.721589024402759,0.434432650235537,0.597535406259458
0.436599847,0.312296432017276,0.30594788247798,0.259973176669939,0.185380450521647
-0.328577982,0.175572436813972,-0.139163285884253,0.342053677530456,0.198089427675974
-0.06789515,0.0477338806395109,0.105807360452664,0.0370252568713559,-0.159119853187208
-0.137386299,-0.124723832951261,0.0900090998189247,0.0849598145897208,-0.0200335969418635
-0.007393031,-0.0597976408927714,0.102297134802001,-0.00347008138183214,0.119278942012825
0.34769127,-0.0417206736946973,0.622523642152037,-0.0225275340114303,0.230910403221585
0.635319897,0.0361113151871676,0.922851399505985,0.0305805995072594,-0.0286536776514868
-0.438127249,-0.043080558136712,-0.388749576666601,0.221144169258732,0.370057281676683
0.139116536,0.03546167034374,0.334048238934581,0.0162078744656772,-0.0156331521361325
0.410607807,0.022832412760092,0.441721808844928,-0.021451998932455,-0.280358079079452
-0.835272607,-0.199177111230697,-0.367959301405375,0.0212331320538323,0.426324722958535
0.650281161,-0.0782900132176627,0.830346928820454,-0.050954932991326,-0.529539363569323
-0.515695316,0.0405221749128423,-0.33148293482598,0.0713989006890549,0.344791768851217
0.220937649,0.108525131643052,0.412115943937914,0.129508503192247,-0.0269448634944799
0.217434504,0.13185056093783,0.235184446175232,0.321040100632965,0.50440245720512
0.931103587,0.24048821989333,0.782229039270867,0.158130124058758,0.385794422214508
0.68725626,0.449824121475088,1.08867507378632,0.322458505597833,0.35373491228941
-0.169211101,0.0626604784146874,0.176262192566405,0.360851577732691,0.450596817398943
0.204368555,0.125209825190884,0.533767367491976,0.315578439700618,0.0477285986839673
0.120816283,0.000863285713048435,0.290586615674316,0.19362447880763,0.185519591930922
0.114880201,0.0394364191721777,0.355460091380646,0.0235869119635594,0.415072968395272
0.840245789,-0.0044788971768495,1.05255963730535,0.118824132443028,0.0183548630937887
-0.124454551,0.0700057389710448,-0.0149450315968675,0.201282826897755,0.45165036826399
0.172618321,0.0525912471197825,0.370227366934699,0.183318068893009,0.0849378187976076
0.160797236,0.0920923468917698,0.254558191924825,0.158076437641291,0.171150412862816
0.214771386,0.0509416146781568,0.360736029311321,0.108640758810101,0.120757690307572
0.051107632,0.13673169695289,0.187414785459517,0.228011241732923,0.234172669114174
0.164014714,0.0903394218824144,0.340937642139161,0.273627815488799,0.445623817241838
0.876565354,0.327397356856953,1.17543885743721,0.250760927673291,0.314500101980613
0.563853401,0.15745804110229,0.906171635112137,0.26494602363752,0.380807305290619
-0.010160678,0.00649239204770495,0.222724075406601,0.299861265582801,0.305671711480961
0.040541509,0.07095240546542,0.185628847652167,0.153670836258016,-0.0181323604649136
-0.129243657,-0.101481425921095,0.228266162671119,0.0896205714607118,0.00021035416565899
-0.008954875,-0.109996924227082,0.136898896403129,-0.126868134541115,-0.1798394393243
-0.309996245,-0.0747417230402721,-0.0598427331806767,0.0255518830027168,0.0109392296576206
-0.08701193,0.0548945681546136,0.134436035273742,-0.043311503138414,0.263262176007876
0.937986715,0.523844352426272,1.1769489738173,-0.121155815935055,-0.0695296682239601
-0.008416665,-0.0678856605724226,0.113970886208813,-0.072969031468472,0.330440857630851
-0.204384672,-0.0478520329496683,-0.11040465458876,0.165906342404163,0.236272383953427
0.214491653,0.299190296724838,0.437271449792384,0.238874147191517,0.52244138188098
1.303072995,0.488742004575821,1.31194767931253,0.12599931766268,0.39418665817395
0.774638727,0.236797301733689,1.23456446548605,0.424189962223802,0.469496737010328
-0.27283639,-0.0427590600621483,-0.173661880143055,0.310761440843041,0.545595635993463
0.313779491,0.15372910933709,0.404491778961459,0.107337276803254,-0.0662017954564342
-0.030474655,-0.0100311981020645,0.159244442278475,0.0590127265374224,0.129269927078769
-0.017975992,0.0368156895804079,0.0883640488935485,0.190141894066252,0.0832608585190362
0.070309947,0.14661761243785,0.297845867795608,0.210181292917309,0.310142263738393
0.758803536,0.182311102812628,0.564820359297339,-0.0325617960016512,-0.00809609915849985
-0.055278519,-0.0344204300709621,0.0251823118671726,0.104379853020316,0.237321225649319
-0.208275387,-0.0106394386655728,0.000734863515224008,0.122445304635952,0.0187803284510868
-0.036132212,0.0576020992672002,-0.0215139175427187,0.164225604662277,-0.0272360335760755
0.006490321,0.0441590351266065,0.19361128850357,0.140821544121671,0.336761622335914
0.817674406,0.309026400880921,0.655675041033176,0.00330891154189178,0.113738519537339
0.29323157,0.228240177296396,0.582965821082968,0.181515964817087,0.28431430417853
-0.179561001,0.0387015303612459,-0.0977605351762585,0.340603579047792,0.265633746228229
0.104290907,0.0989805846970913,0.171274020199712,0.334290178059164,0.247281221075077
0.730560129,0.223439872871383,0.727509376601755,0.0242093680396927,-0.0527083138616015
-0.181243261,-0.226987901941051,0.477245384858732,0.136603184457857,0.232486374144939
-0.174961107,-0.0256752414208275,-0.00117428387171526,0.0948747311476975,-0.0909156708431631
-0.068582466,0.00469895604098586,0.188737872423627,-0.0120885250321293,-0.293019144906522
-0.467331864,-0.241108310962045,0.0549366609718102,-0.141233126878069,-0.144760555135171
-0.23658417,-0.223427556919341,-0.194278291700488,-0.144290713719059,-0.226341252301858
-0.039720457,-0.119352937309345,0.0822530798393029,-0.240594422687971,-0.162556226125464
0.013295968,-0.131464212447197,-0.0371609819274413,-0.233965272080793,-0.282655111419518
-0.56733992,-0.30504647826809,-0.423825257800958,-0.0745305236162616,-0.0327462183303059
-0.085306441,-0.120169505302403,-0.0720664128869413,-0.209398081452532,-0.218728273887446
0.098009615,-0.106790910860477,0.265328512425984,-0.201228166295245,-0.200841526999604
-0.302730421,-0.0811695164135555,-0.0812800138085062,-0.0195843134628965,0.0324506508266107
-0.049130419,-0.0132401020772166,0.091532906568152,0.027582176395616,0.0261891101809761
0.267423549,0.0522030620497483,0.4256565513878,0.0602753563065465,0.204444567275987
0.516426706,0.0840981295684803,0.860773199085111,0.137449241624627,0.270699125522885
0.335205325,0.0155553899640558,0.423419362838016,0.261961806895291,0.372204173171378
0.279261428,0.206574832145172,0.397881777569283,0.367084307122713,0.296830194466454
0.199484699,0.118004009326434,0.199378869093091,0.348271948215278,0.37357677399147
0.504206147,0.176032253529625,0.495797443059021,0.285938002123157,0.199285699990888
0.150050167,0.0868520465952005,0.15756486031196,0.337144141235213,0.42320403990645
0.415060525,0.21192657308201,0.410502974443039,0.2518675987468,0.208588995663696
0.219423242,0.121633586005505,0.339305311224318,0.316829423722671,0.304629649608505
0.207066816,0.172381089387884,0.452556699992833,0.353918211003073,0.29167653448744
0.261622141,0.260149831859563,0.543826176290418,0.440227308748902,0.496625635753946
0.745901398,0.333081079894775,0.591964905106976,0.281775771087149,0.615904095160585
1.168370028,0.389695051741817,1.12691036256869,0.20217921384161,0.284105387181877
-0.083509683,0.0490919187258354,0.0999137328614055,0.300156071833037,0.437249152326911
-0.255512218,-0.0755049736543271,-0.261949383626804,0.309291651125154,0.0391150625815478
-0.10715268,0.00763012525771736,-0.128241135878477,0.269139636242844,0.152319635750769
0.488236694,0.275795896557518,0.395222993665714,0.207598683372657,0.248649196497444
0.548647555,0.131088300013676,0.418524793913477,0.283603065969548,0.70675000336981
1.066366905,0.341776944195317,0.803674859524661,0.285498387383077,0.630434564312914
0.959338427,0.428344325363903,1.2900990192267,0.301124601494253,0.224537947735415
-0.57766203,-0.232867038811843,-0.572668303858839,0.306341777613083,0.331238026605583
-0.371302107,-0.188247233632077,-0.390566716755973,0.0434110553411823,-0.124080065567195
0.14492207,-0.0887376034011268,0.0489172761432714,-0.157048641222491,-0.266296512277023
-0.254081475,-0.176503910394147,-0.285923242055101,0.00459486855890404,0.204079266139039
0.158453733,0.0567524292464372,0.316107964595692,0.100168838136814,0.581885765894441
1.656632839,0.787709822803818,1.40033270935102,0.314750253031787,-0.0767737405970402
-0.45029842,-0.201041253244567,-0.377261391961878,0.111246170856348,1.1303581860138
1.019340518,0.531721582892309,0.999046017785546,0.316881070996184,-0.183076215118818
-0.225477453,-0.0515237708566494,-0.12579704851715,0.158263662639907,0.402767467208422
-0.122144772,-0.0357409556639388,-0.0295340723823213,0.189406390905287,0.194963826465123
0.386712939,0.282924426626396,0.376668559662837,0.439026075176547,0.365478606714206
0.796734252,0.15226429039171,0.436718528246941,0.149188535775539,0.713389526912844
1.376275232,0.41856725352138,1.28561321405771,0.362465477338777,0.179329636165951
-0.579894992,-0.16694320174638,-0.30725483050095,0.712020452130585,1.06465801529171
1.003837151,0.5763293151362,1.00744782522636,0.260766900176587,-0.158992122632838
0.15965561,0.133286478856482,0.0377878276224769,-0.0343555963459835,-0.1041373322723
-1.008041775,0.0973924504192843,-0.668385794807224,0.115743295793068,-0.403395172899631
-1.380025655,-0.465040196442012,-1.48355284609675,0.00127954290645532,-0.0446350909301406
0.949063436,0.629529518861318,0.578939913490947,-0.378822795123488,-0.906497933790225
-0.767789399,-0.269342859570117,-0.395462927410126,-0.17918453513365,0.758550009202007
1.123414312,0.371848111664447,1.09593998419972,-0.445398647199259,-0.447921676883148
-0.345636855,-0.197514705447657,-0.36337402836831,-0.0180010284953529,0.298346312793365
-0.500914656,-0.297449399892489,-0.490134638124972,0.0252747035724181,0.423887391472838
1.018498632,0.400777680571566,0.625862063056932,0.200771420972656,0.25856811193264
1.040397231,0.412612957080423,0.857999953367071,0.244958372998242,0.675799811046236
0.582608184,0.369910462762656,1.10815494517284,0.317421481140346,0.696047828116265
0.534747475,0.326095084818802,0.451745575398911,0.378277310681387,0.100751729190112
-0.532930507,-0.114449557681093,-0.357871487284226,0.571994187252245,0.304762082049856
-0.154253409,-0.122186828098942,-0.397830789943195,0.397645023954266,0.44539720080592
1.383219886,0.559513989663945,1.34857131645525,0.225705631717614,0.190607925569044
0.643977651,0.22249927746503,0.655494264395133,0.249894683205935,0.642193716888371
0.195781419,0.120266059470419,0.366372006490965,0.0963053668196873,0.260527889823986
-0.155102032,-0.0396734566909559,-0.0427022728286597,0.102922170447548,-0.0851176841293241
-0.39816007,-0.331211751334457,-0.468580186539031,-0.190468721814987,-0.398629824915942
-0.766291889,-0.297151332382666,-0.742790741083382,-0.138640406074593,-0.359992682877203
-0.459533892,-0.262897831278008,-0.323716314926675,-0.27204632921945,-0.276461992765844
0.230673826,0.0892461534910012,0.330750543568447,-0.324061389258996,-0.397177029413049
-0.606353204,-0.00345471674742344,-0.516607924564517,0.00870444354223859,0.785417195345084
1.682955082,0.763942891417776,1.44753180913143,-0.102906126334693,-0.18668009749707
0.128633034,0.116197240067291,0.323547736038021,0.203382902292978,0.726402251718559
0.094891369,0.0124825453689482,0.197142637496403,0.0988792953334174,0.210083316774451
0.183410054,0.0731249313739556,0.318177166574569,0.0927340558326662,-0.0979106027249962
-0.363144354,-0.264454455450626,-0.287335867744747,0.0912193937960347,0.0382706884860962
-0.202152942,-0.115952844782898,-0.205252010099129,0.0718936034585248,0.103310808852623
0.491287847,-0.0314530516104968,0.437209883676708,0.0721291440065862,0.130900424496273
0.49157344,0.141774451620358,0.101901423756903,0.121080959781406,0.389812241855374
0.534743571,0.193344900309154,0.40265716232406,0.173318589711407,0.00791811728762484
-0.542352573,0.0723590465717812,-0.585907218453542,0.510321214220682,0.525907273300248
