630
-0.437978976,-0.245427175306942,-0.489491894027058,-1.22155963023944,-1.06038712399364
-0.998751668,-0.304312051361261,-0.518645598578504,-0.797397906841389,-0.96302531860627
-1.546957409,-0.816309485479705,-0.315610522036088,-0.676550800439481,-0.775678655242818
-0.622516212,-0.00568433901025617,-0.421681803566998,-0.814026869465356,-1.06004451969079
-0.651386906,-0.0888045870669216,0.33876222606388,-0.905170052831967,-0.747459775903276
-0.828060207,-0.196652894808903,-0.535766129588935,-0.638749119254057,-0.479233739104943
-0.287449494,-0.0862261423346902,0.131800286194706,-0.407957414142891,-0.563217221965936
-0.493867817,-0.0327628038348197,-0.283841846063239,-0.460995917630087,0.141174332699688
0.861914549,0.0704091466029714,0.729397890794898,-0.463399418030357,-0.522178752065115
-0.644581113,-0.113771300729911,-0.471805756083315,-0.229189196036873,0.257406577264394
-0.094274387,-0.286644398996808,-0.324687240969986,-0.4658394583886,-0.446375587859992
-0.420773313,-0.0656670264151112,-0.227529557371842,-0.252591002548507,-0.361796441138744
-0.666770635,-0.0454660108384976,-0.571492243182757,-0.311177961946123,-0.221253568146833
0.015033536,0.0830215618788465,-0.204774236398938,-0.380238350385917,-0.563699113659833
-0.560528831,-0.356506077638468,-0.0376189351022062,-0.321080110508073,-0.13116607051863
-0.154077004,-0.171493896906199,-0.292204177811955,-0.336276657057107,-0.412743067119272
-0.380808637,-0.118433064048407,-0.391818887783027,-0.245747095297416,-0.146326049080121
-0.001466993,0.342846475237625,-0.471640437172697,-0.46408679110745,-0.467748703326919
-0.572219644,-0.359297226673622,-0.41483888473964,-0.309947121467485,-0.343124775028108
-0.683673601,-0.249563485001484,-0.53522998827429,-0.428827321517644,-0.416575336963561
-0.259571126,-0.30745749444171,-0.476323463704585,-0.593094753087606,-0.720761918018128
-0.850076846,-0.329491985488209,-0.74176607141667,-0.488754596641262,-0.371512074949955
-0.400323997,-0.209969801466802,-0.334883911113509,-0.621633046248466,-0.664633497127186
-0.523093067,-0.162185765582671,-0.288985520032525,-0.545774958895072,-0.608572731822642
-0.860808706,-0.526192146329897,-0.60908185131839,-0.488680020003178,-0.355080118703753
-0.155175556,-0.304592969874573,-0.217358841899758,-0.552722041846678,-0.62187717509775
-0.404867534,-0.215772916723372,-0.418176461125442,-0.548633968842458,-0.429899954361195
-0.642691479,-0.391672528957901,-0.652943038197286,-0.468982666038523,-0.39192015913907
-0.376297215,-0.294058931412092,0.0263887821192988,-0.407059204203425,-0.574808287257833
-0.577545497,-0.443368607271335,-0.413506764463936,-0.535226167302039,-0.388678234454551
-0.319535241,-0.193972964376842,-0.334292947501713,-0.332071129737949,-0.593984988641063
-0.780887311,-0.411333854094219,-0.656885199524473,-0.331734597920344,-0.0828984884597003
0.274943487,-0.0578303816070302,-0.118578180151585,-0.354401353036412,-0.508535515990369
-0.368326346,-0.163273324479482,-0.323316004286709,-0.192862135843089,0.106430233031005
0.054507246,0.114660906154008,0.00866574522694485,-0.0497403291637186,-0.0126616024241925
0.274933377,0.266653955810552,0.357645635095352,0.198094147507547,0.118216913517806
-0.656901889,-0.49588916271659,-0.586316988345176,-0.649834471138566,-0.642276483474349
-0.635112968,-0.577219701065388,-0.531679799263666,-0.646295247422224,-0.633473492074073
-0.598000808,-0.517516262288264,-0.535443555736404,-0.671590594412399,-0.66020207459832
-0.676137146,-0.507261465411439,-0.559026931074811,-0.653724190044449,-0.660017436845236
-0.746064061,-0.452630528884119,-0.663121789285569,-0.602931549021131,-0.605475158495713
-0.591748781,-0.381858876425221,-0.460340672886456,-0.6060968676137,-0.509083607243799
-0.224496462,-0.255624844386259,-0.283221191488365,-0.680300733000396,-0.617901157532201
-0.597525141,-0.425734945685438,-0.629320273908673,-0.680329912523053,-0.524133949381342
-0.764929613,-0.363236861375391,-0.701835610588569,-0.567935973450282,-0.659527298460605
-0.819879928,-0.342847354692847,-0.670439891812389,-0.537755191340879,-0.605865484090285
-0.461950341,-0.279097400889357,-0.512361292792587,-0.66919530406024,-0.691191333075815
-0.577686549,-0.244003117089437,-0.548771077718784,-0.639528783951357,-0.538661694459099
-0.548351223,-0.742554188157775,-0.450215839705572,-0.662085072238819,-0.609248272410055
-0.623733641,-0.29267972756191,-0.475921996770986,-0.594278259528127,-0.676248324423449
-0.843185174,-0.285570547068639,-0.643409409852041,-0.623725072363019,-0.587984695888118
-0.531605825,-0.246332428255693,-0.50842833898988,-0.753973103775558,-0.775167863553594
-0.77508051,-0.330229174257349,-0.629856748542244,-0.540106341792901,-0.562794703697632
-0.627181345,-0.387366517644898,-0.342165501614215,-0.566660213196668,-0.436802057852426
-0.033923419,-0.237850036638353,-0.490964911861475,-0.659412535287274,-0.65575486559105
-0.663607587,-0.339946167116747,-0.512783270561222,-0.558142114056048,-0.404774000656269
-0.708225501,-0.344173209352763,-0.645386699208184,-0.515351119492326,-0.564881111489831
-0.533801915,-0.299427572583037,-0.507285541773462,-0.497269530307096,-0.655142888429713
-0.62130438,-0.512091461448004,-0.576084075527675,-0.607010291360093,-0.587864295504051
-0.633149145,-0.520074004130033,-0.602782385216016,-0.631734145270667,-0.573886164436652
-0.521699113,-0.384087801297533,-0.475151919889742,-0.548138694059783,-0.623874118564438
-0.66021041,-0.371401917266774,-0.566472047068145,-0.665324249596848,-0.457642405645342
-0.223981408,-0.287062386095472,-0.488108265068799,-0.737436145128012,-0.944259374573557
-1.365872931,-0.642557168380083,-0.963824801074118,-0.54896878739596,-0.42870195320677
-0.535662763,-0.444797299955592,-0.386059620564797,-0.778338549037709,-0.986813027640712
-0.787060567,-0.35328822531489,-0.69570123309234,-0.717322520778907,-0.653181236235162
-0.675253843,-0.315121563713522,-0.603886146049705,-0.789659931882404,-0.703808646416925
-0.651031364,-0.300932509312558,-0.543854011371658,-0.61010826308895,-0.643718842905539
-0.630075183,-0.453638311358909,-0.57714383005983,-0.559598698180572,-0.539281157697215
-0.40926494,-0.382537078211925,-0.387908281260782,-0.598152108832377,-0.56367725270957
-0.470528964,-0.415046918720298,-0.472524445715887,-0.55379383706524,-0.532767404586991
-0.63834359,-0.410485371399686,-0.553122825200205,-0.580376961123693,-0.499762431711677
-0.440033339,-0.262183555623337,-0.53089713334251,-0.649908894770658,-0.836719561742151
-1.147098644,-0.441980799560123,-0.742788614366481,-0.518661440422,-0.518984086067758
-0.583474513,-0.444063400275784,-0.276669301988666,-0.688079597577959,-0.776160430810813
-0.485490649,-0.484021974189254,-0.424710284018707,-0.712535617847869,-0.642055085381562
-0.638005784,-0.368998572558513,-0.546012710372377,-0.648786624815628,-0.552245620223296
-0.628728275,-0.41902346743104,-0.529237601666168,-0.486809933565208,-0.507714925062806
-0.393231516,-0.27545635593034,-0.387990725140778,-0.511934382549184,-0.521342615901709
-0.384188024,-0.40487258721041,-0.535876318881045,-0.53194373593288,-0.510436743218416
-0.614487402,-0.371945553828066,-0.856234704265814,-0.460433747144461,-0.429612749753784
-0.477706128,-0.260609153270978,-0.35229287265479,-0.49601789991546,-0.498419534230755
-0.361302434,-0.328488128347791,-0.306900943265888,-0.603172854216478,-0.609065174205463
-0.718639167,-0.313387150736751,-0.598836493855684,-0.612233956390268,-0.570868212371627
-0.807096514,-0.447187096477168,-0.634777707716936,-0.545248448771415,-0.582764420907027
-0.520998125,-0.298712850933001,-0.487497782754109,-0.530433513897605,-0.57526900880559
-0.47047319,-0.251677052058721,-0.361184870219401,-0.555177992353317,-0.161692272961537
0.389463502,0.044884868906615,0.149133631164134,-0.619323959953862,-0.554391168757423
-0.631811404,-0.219731071958158,-0.384827146981486,-0.334654373893906,-0.163176059861843
-0.625041979,-0.253520673246137,-0.58646387843797,-0.454469636457717,-0.427642636283576
-0.291115292,-0.258732646643173,-0.312626649552551,-0.449828459089265,-0.668324602558317
-0.742975459,-0.430322453474912,-0.553213781820729,-0.578965577834747,-0.499485304803805
-0.660776748,-0.467817944756273,-0.578884586288542,-0.603245434452725,-0.671046764970195
-0.672545705,-0.436601577474186,-0.602223620887206,-0.592018821950151,-0.625826040741644
-0.588922188,-0.582105036116529,-0.571206802366307,-0.659644397531876,-0.625638539543226
-0.582395373,-0.473916193278243,-0.543947971552501,-0.613686341056423,-0.583876267929633
-0.561528704,-0.491604798056017,-0.522981130828011,-0.637705896776514,-0.58990786384782
-0.571221692,-0.507196227882685,-0.517083742594667,-0.627799085151522,-0.645986208869148
-0.738261842,-0.549416250532328,-0.618285202258327,-0.617279860356247,-0.616384029048148
-0.655777512,-0.538809511469079,-0.609282952648136,-0.648297687229152,-0.706764478070226
-0.710418975,-0.581005573455794,-0.651558249436563,-0.645203273300384,-0.654172411601697
-0.646403442,-0.562766017555944,-0.575785759311596,-0.675855619094252,-0.666838079561298
-0.621236992,-0.552308525693983,-0.535958303807091,-0.682655485394306,-0.667816194488126
-0.673849798,-0.581199565348222,-0.507398515584668,-0.653176179524452,-0.672725959284764
-0.739112624,-0.526565114094888,-0.613145681714394,-0.632237543136238,-0.636343298726003
-0.608254393,-0.503002279449383,-0.525400253281347,-0.655138653637237,-0.660603466402267
-0.60371849,-0.473408440097777,-0.484599116788864,-0.603105673339175,-0.579058635665555
-0.534986607,-0.53598284435736,-0.53931267037982,-0.603929582691509,-0.560677099463729
-0.504595773,-0.440246267246034,-0.523575829919481,-0.529131336886871,-0.557437966554649
-0.598911262,-0.41651131876104,-0.494227218314251,-0.491800557829535,-0.455413799420737
-0.380571707,-0.394178785460028,-0.460135189589529,-0.551104122474777,-0.548026785807152
-0.483385271,-0.412248932125825,-0.451347424398066,-0.555769670946645,-0.537334237404187
-0.667409273,-0.475871849824529,-0.556160432058471,-0.556601736616315,-0.556342007430704
-0.647318387,-0.355038918932648,-0.522404890699365,-0.534178557215261,-0.618582063782057
-0.681756037,-0.332784887258918,-0.47191456474516,-0.554139221839053,-0.387891607965721
-0.061852963,-0.113316353293614,0.0316794348246959,-0.567328154673185,-0.595817522835853
-0.575870857,-0.265572152285949,-0.514708668252914,-0.365859026233364,-0.163023888101684
-0.203823702,-0.204921331222737,-0.509709146774057,-0.451107942007015,-0.252328606659525
0.116547288,-0.112945121481821,-0.058516499271035,-0.44904441972145,-0.429038898590938
-0.58662055,-0.224419300621168,-0.524680391010413,-0.575456796032365,-0.333603480066887
-0.633261207,-0.149961313265403,-0.558649034852637,-0.560371055739869,-0.879765007825498
-1.383526783,-0.194566178889848,-0.966040008536781,-0.571464657984631,-0.619490317165518
-0.582362652,-0.265472600718383,-0.609453794491786,-0.751628355566349,-1.07471589928211
-0.982558523,-0.182130649190697,-0.335526126640146,-0.643833482200257,-0.497356142721912
-0.282438142,-0.289806171296778,-0.350959015919047,-0.733457154297951,-0.70049098777196
-0.467704943,-0.343168596141271,-0.519960146184872,-0.499081831096785,-0.408375652405096
-0.439267905,-0.282635533627537,-0.447593959226029,-0.522682666429171,-0.436048858802381
-0.387883873,-0.225783459355318,-0.40923169682309,-0.457050562615058,-0.51331835187453
-0.61920683,-0.29761063906398,-0.575456545615801,-0.416020314180119,-0.393877882168031
-0.395223762,-0.329462314229581,-0.320446298301402,-0.450802910068202,-0.479233023217943
-0.354231252,-0.33631717379936,-0.405340831550999,-0.529974898023387,-0.450830864950133
-0.439160663,-0.291233616980388,-0.403384635693073,-0.515123836780754,-0.530908308522466
-0.7584067,-0.297056747317355,-0.671813030518259,-0.433286506229282,-0.389032178561816
-0.303910055,-0.281665199441222,-0.312567056721981,-0.541505530172011,-0.660445854961644
-0.655525627,-0.508217696454172,-0.587874540316792,-0.459548949661391,-0.365038422204337
-0.344555495,-0.357050309874582,-0.363905702573051,-0.595228032249553,-0.547940233450091
-0.429219069,-0.32358308229879,-0.457938693538402,-0.593023521123466,-0.589468566999408
-0.762931874,-0.371533648933737,-0.544687885196269,-0.586436197578422,-0.69713785932931
-1.052067521,-0.51376978887532,-0.781701017411226,-0.558373319815129,-0.614113409446125
-0.485675063,-0.359796967999338,-0.447271627179874,-0.679847560258208,-0.845678095507744
-0.722820807,-0.430616593420126,-0.641885820954724,-0.623919627278511,-0.534358408942873
-0.525560668,-0.322793082518894,-0.452717180793209,-0.641657989099279,-0.546140378343596
-0.360369804,-0.390642779727874,-0.397929695450174,-0.607218136976408,-0.566250809194495
-0.572774083,-0.432241378709448,-0.482997676558951,-0.562779253257412,-0.508093247360669
-0.639810499,-0.458911772225092,-0.636859790772161,-0.492177023115097,-0.550276747224595
-0.555666818,-0.406361829476942,-0.496320462081532,-0.578984718180895,-0.589595506269736
-0.485532471,-0.410460916655153,-0.477259097938505,-0.60339454229947,-0.752590956919945
-1.02399212,-0.371234428182645,-0.649940106439872,-0.507688660971587,-0.477499700483147
-0.479265804,-0.348635034533838,-0.384388523889997,-0.452349876528366,-0.639254044659108
-0.348444838,-0.320507737802295,-0.31816221395166,-0.440848026493755,-0.398768720905523
-0.222812985,-0.0971157942075021,-0.106440041886475,-0.480325231858569,-0.386015131601851
-0.36674589,-0.340592571252265,-0.414708872252538,-0.501205886352851,-0.395658049261618
-0.525471893,-0.262009396533824,-0.397559491882818,-0.467857708000008,-0.502608375484943
-0.685603881,-0.366573331556321,-0.511711736707634,-0.422265051939438,-0.495406116113885
-0.509256998,-0.452026994959095,-0.424448866310224,-0.490623751811008,-0.525521464798891
-0.386988066,-0.27132511171565,-0.405459926575602,-0.458585484666736,-0.48078156617726
-0.489112671,-0.267306550770105,-0.409514733524813,-0.400656644103325,-0.251941234778723
-0.047320243,-0.189346755462542,-0.206269587675461,-0.432984995860481,-0.421783231827641
-0.369945959,-0.238305495092627,-0.347683346104853,-0.400911663814408,-0.229126471384439
-0.304422906,-0.212651514593335,-0.355904657231028,-0.371800479569475,-0.458104979322807
-0.655124075,-0.213071593302299,-0.543316996759327,-0.20203722467099,-0.247974300181964
-0.243669402,-0.229477873637038,-0.423754734402388,-0.276165271274499,-0.23638829539837
0.030412732,0.022851337272477,-0.103982714940307,-0.289186253595343,0.199642868809782
0.8917939,0.336954533235953,0.747052451298743,-0.293885038305933,-0.213500104600812
-0.432385918,-0.213099286235635,-0.392783469219048,-0.201623603445737,0.242311735911142
-0.191662653,-0.00580882552687575,-0.0921352930943702,-0.0817971200975575,-0.486334412137089
-0.895160802,-0.437688066574703,-0.597014334437019,-0.0342313521483996,0.0411452109287008
0.335550315,-0.0247929530782209,-0.0381688149659525,-0.200517693074351,-0.402125430660917
-0.15487552,-0.115973368239289,-0.177268924573783,-0.0465057913433036,0.478286320630496
0.994511108,-0.05384382663637,0.804627334993296,-0.271358271113361,-0.237973307316418
-0.368002075,0.0484597296300759,-0.319529024861081,-0.066362852534411,0.226576247149176
-0.341092316,0.00601677403339585,-0.41216771964788,-0.116542483661543,-0.382035650399103
-0.714793589,-0.158229801420342,-0.546135821910727,0.0842109409196438,-0.0527203768860382
0.225925865,-0.0191475209932743,-0.303517198964782,-0.330511477099122,-0.258872460062424
0.279412391,0.169731644685904,0.0822333324555652,-0.32868769612139,-0.286163679905359
-0.684171677,-0.362611471690187,-0.583178336998754,-0.382673516888719,-0.155974708160856
-0.555735737,-0.230465436572285,-0.605203495208643,-0.298431740631794,-0.575278409506739
-0.667296149,-0.282083317270338,-0.525926811600484,-0.27707344444262,-0.408734227244141
-0.269557239,-0.328761088005464,-0.527561636665066,-0.504035745180966,-0.43979790217531
-0.223075841,-0.159673262385368,-0.275025995503584,-0.432056960081024,-0.295721942071849
-0.403542714,-0.170885416079574,-0.454417135495888,-0.336050389455463,0.141709075411859
0.74868488,0.187435164564323,0.482601828353693,-0.417439659525615,-0.570701382623528
-0.80784863,-0.762255127015498,-3.20463478472786,-0.220328567097896,0.0367788882178874
-0.511020043,-0.315274526423708,-0.52339771886369,-0.134155969189158,-0.53872707955655
-0.590389322,-0.23059989696067,-0.483786541704949,-0.166526291347963,-0.181707612547699
0.269211248,-0.226313414173982,0.0120763219610988,-0.533698153041065,-0.516793095891128
-0.484760009,-0.241104046835162,-1.03930112117117,-0.181470070682321,-0.0658994714444722
-0.390024453,-0.121560303621028,-0.408048935752075,-0.186514194294574,-0.00233798893454237
0.492148932,0.034008015770157,-0.0232160795600094,-0.281134523340066,-0.302457993428903
-0.13973208,-0.150580446461796,-0.190144443842462,-0.27635288130618,-0.14022042140484
-0.657955294,-0.516303538380055,-0.598709084857584,-0.181011260450871,-0.302523778101065
-0.56602942,-0.132833910889019,-0.403275352763696,-0.247341636524297,-0.481675918290432
-0.355084887,-0.463531195646096,-0.351417353921861,-0.48345890300379,-0.591616429714724
-0.63191722,-0.456794874303281,-0.580950422885608,-0.502357273178454,-0.458744967777278
-0.536056999,-0.377829937699615,-0.449883367418819,-0.480606387393929,-0.547855668251168
-0.517630369,-0.314814940216373,-0.461042326872334,-0.518072676025869,-0.474143872316219
-0.365008238,-0.303211329066884,-0.377725306790309,-0.54507525022793,-0.571079348715993
-0.642886177,-0.426403222750993,-0.491844952974926,-0.512163314796293,-0.440888048911816
-0.431085846,-0.227613232150579,-0.274109720562455,-0.540391934758764,-0.72510503038161
-0.920216846,-0.741930553258753,-0.28980244374156,-0.428990419637796,-0.43933229862127
-0.442791768,-0.335988581776509,-0.45611618398262,-0.561514310459408,-0.575806150045827
-0.244347346,-0.287578810354844,-0.307961234880896,-0.460549086587324,-0.562614845247013
-0.735703775,-0.234565212377389,-0.49635014439162,-0.31007986132995,-0.127713884765119
0.058664986,-0.00708529723288458,-0.209700484470551,-0.2910346332994,-0.407464760116525
-0.188656729,-0.216632209027859,-0.0988388137096764,-0.317255773260184,0.0190632872081967
0.243287878,0.147495683672358,0.13319464315249,-0.25418000012146,-0.478602552597473
-0.974123898,-0.181493312364873,-0.513219356198716,-0.124979923205263,0.219863971435759
0.430896866,-0.161493573270876,0.300291617249817,-0.368111669959975,-0.76123167357043
-0.786348339,-0.0831888865976958,-0.603838124347573,-0.193920146261907,-0.0541718892444361
-0.415767586,0.048245827186772,-0.37979209269722,-0.320336820904836,-0.319628464747927
0.01271079,-0.0300367196509393,0.152522762920644,-0.29098609945625,-0.285836336838262
-0.094155134,-0.0477752046233466,-0.0689458049938307,-0.158844789323851,-0.173253356241254
-0.399267705,-0.128702750522264,-0.192093749373642,-0.0907605627895281,0.119995198338352
0.45067794,0.231633542794916,0.232553644087167,-0.0966596757731435,-0.358880476401193
-0.45213371,-0.0914861677704541,-0.248147155113095,-0.027053512652848,0.229466262881087
0.227425093,-0.155833331585698,0.0566410273272843,-0.40822866690127,-0.382885635780466
-0.328845332,-0.291355896939703,-0.222819970273786,-0.270388471047101,-0.433247739008777
-0.99915452,-0.297837773189245,-0.411628216783174,-0.161394121598142,-0.663308756937164
-1.309881599,-0.367897980851194,-0.385131876746771,-0.127838601596856,-0.294255871168515
0.358403768,-0.173495224681815,0.0879211272596836,-0.489571545941795,-0.640274329497994
-0.06094082,-0.28532747899808,0.0292565909886933,-0.349418816437734,0.118640965174579
0.195992452,-0.166080197939785,-0.0213515504052019,-0.215273331787614,-0.17375390266415
-0.378417315,-0.0185083504401713,-0.335163378191853,0.21475290421758,0.108701811228577
-0.093718618,-0.0222144307319648,-0.0657165890789673,-0.0754242529256253,0.303182465430513
1.134498646,-0.101732367323322,0.469048501554527,-0.13595453343121,-0.264272346702783
-0.517407124,-0.24804806746248,-0.371468442328247,0.128615989848954,0.591095993384152
0.167281034,-0.0649877448632821,-0.426808479149094,0.0915856805581549,0.165199500912733
0.753998288,0.251449375039941,0.654430999493758,-0.0227250913116024,0.00665192677873352
-0.072452488,-0.097314940330706,-0.265304049478878,-0.051458427217982,0.252454048991866
-0.157855017,-0.218355967677403,-0.0729782191197882,0.125136905217571,-0.0368464169230187
-0.131230323,-0.0540471910541417,-0.14873040143564,-0.0993665459115229,-0.0607561341064679
0.115258179,-0.197090148880391,0.526494370738688,-0.196427213896203,-0.367980895167088
-0.678479985,-0.0848956629157859,-0.291624844621767,-0.237482328872665,-0.0555578412811004
-0.058715806,-0.254029440994275,-0.306141750952961,-0.389875184961563,-0.747666334720868
-1.036001381,-0.489348746295206,-0.930360501181275,-0.288582562768634,-0.232762226257795
-0.312162643,-0.322947432454473,-0.365761799009243,-0.391174857246065,-0.668777848791195
-0.417557903,-0.380830360837526,-0.241878267412459,-0.303531332092581,-0.472707308090189
-0.641090688,-0.0257172234340872,-0.406101344809615,-0.338921536738935,-0.207258357848093
0.032744035,0.0905081708850657,-0.032934550517061,-0.325453143810875,-0.394789315209987
-0.21050544,-0.0781239291524003,-0.282999886561435,-0.250800606049507,-0.0429623259744396
-0.055766192,0.0735749983671723,-0.186743648980435,-0.0516040145943358,-0.0119368005236371
0.100966674,-0.102431942131847,-0.0503585776608579,0.00351307584994759,0.224358428212915
0.691441973,0.283282267169653,0.425502112219803,0.0266624888441105,-0.174035120347947
-0.604902312,0.0666340424516349,-0.509281719908742,0.160987538433848,0.604826297794372
0.825260211,-0.128277840157551,-0.169971656635587,-0.159365692319158,-0.515100651522136
-0.704616876,-0.373960089957789,-0.532819974257242,0.277852429074592,0.295876057392207
-0.107586291,-0.0518414024895377,-0.392350104161696,-0.0638792627473654,-0.100615692072375
0.425930266,-0.255773349242813,-0.175185903518017,-0.142366380995966,-0.283509245323444
-0.415260886,-0.138326469014504,-0.359613883697233,-0.221296150252126,0.0118148490215677
-0.251965056,-0.447458588449286,-0.405321745455132,-0.226719374649311,-0.482030920135274
-0.747148451,-0.157683419915496,-0.52624835479145,-0.10084866573617,-0.218133670383738
-0.240405343,-0.0416352163293597,-0.260196112569335,-0.177848366634289,-0.244562895405186
0.098572319,0.103461768520335,-0.0602785465699011,-0.331234783220723,0.18446461265723
0.975470529,0.385263947310008,0.309497278290857,-0.301282824771053,-0.49704360506932
-1.289439754,-0.205658470441425,-0.71826210374934,0.305667913654502,0.631097663628814
0.389376181,0.145137945263946,-0.184170065522198,0.380435079900484,-0.164553077778019
0.613279112,0.125230253001121,0.205882649537735,0.398166177122545,0.49406712752836
0.886476967,0.371097028142602,0.501522131895392,0.191531220979786,0.438405963295185
0.349753441,0.122767615899335,-0.0766244310631698,0.331079179785876,0.519074527619644
0.258066374,-0.0787724168371885,0.0518236985062869,0.249662811798444,0.154142343946757
-0.107624162,0.0709020740965427,-0.167006846601144,0.178907715764772,0.0651227961709639
-0.157858886,0.133795871238589,-0.176905197843112,-0.0210154369615207,-0.0858597694588861
-0.116996453,0.101318501459374,0.010625530860694,-0.0796883744797081,-0.147989546384405
-0.175306875,-0.0379507544134751,-0.199069587783299,-0.156811321802627,-0.0782833987355529
0.004484919,-0.00077415673562246,-0.124483540472497,-0.119739402405711,-0.215826975113752
-0.367339931,-0.0842558241247436,-0.297765574709759,0.0614898789614564,0.148442981027457
0.328140566,0.0279597414854398,-0.219841115037522,-0.118634952109624,-0.0270105422309599
0.344446655,0.0542003837612111,0.00311445470237,-0.118663483425268,0.0109509980232705
-0.12454639,0.119872287923039,-0.0898204354530715,-0.061437826602754,-0.182201742001918
-0.710557585,-0.089690407144505,-0.779955744855065,-0.0374761326287407,-0.321492083427452
-0.6425058,-0.235083226142707,-0.334631560486698,-0.302398665211183,-0.439879929763977
-0.141644841,-0.0182311205195698,-0.243358712548318,-0.219157908391932,-0.808522879319157
-1.303782311,-0.288720426019329,-1.32309928805233,-0.095471695421828,0.32280926002092
1.015949149,0.0446498011373879,0.332250506127461,-0.357673367035536,-0.576530560876108
-0.003925676,-0.015539232023865,0.0729151911695144,-0.145397370972099,0.316496189194736
0.0030872,-0.000214555755263315,-0.570501326195759,-0.245745059521861,-0.15702733046884
-0.457009168,0.0378214822022622,-0.477965725236262,0.117788435016891,-0.0783284057658842
-0.27576774,-0.10342712961781,-0.336684781848204,-0.0567784360273079,0.00702090021409934
0.361749686,0.351801834981136,0.374625619705707,-0.0552629134720325,0.161351134008402
0.83317119,0.313278822648742,0.767506633341565,-0.132297479508005,-0.179299609687646
-0.697838531,0.0436669654789033,-0.482349826725723,-0.0744940650082635,0.277152477235027
-0.11699132,-0.312831935687525,-0.234393297117819,-0.196869846019006,-0.554021331982537
-0.483978233,-0.0189328592510069,-0.379835682809855,-1.00761383162394,-0.804641839715845
-1.699167578,-0.0873536752299288,-0.732615264823399,-0.388807090561816,-0.19616421433038
0.102283919,0.0565802191086154,0.564344833317177,-0.515180405155098,-0.895682714607671
-0.276450872,-0.148302084065424,-0.464957807696399,-0.727195093234144,-0.224731778979846
-0.217381322,-0.203619080282144,-0.362204163587979,-0.416379442657403,-0.54496627452364
-1.013134972,-0.572199698876284,-0.689213053467177,-0.241398437655047,-0.020934729462289
0.394121797,-0.103855358864042,0.166119600185506,-0.714391471026656,-0.959552371383246
-0.938719891,-0.159824748922123,-0.200920150622599,-0.369103669126816,-0.654499953923369
-1.69805578,-0.430182664702027,0.102963200343745,-0.307377277897629,-0.60544862906678
-0.543542048,-0.0350387689365743,0.0437822430183442,-0.281561122549463,-0.716156633204031
-0.00055533,-0.225068092545615,-0.327242071238184,-0.420510182278868,0.0747427048353371
1.063313426,0.298795243428205,0.316021951369934,-0.454281097517241,-0.247775446877357
-0.49635462,-0.096933970240445,-0.527262262891747,0.0132982634492733,0.54808759991006
0.335675355,0.196114328708218,-0.201051488673887,0.0404743732331752,-0.402066205856793
-0.64726313,0.0262130384808453,-0.514373175552761,0.215245088304483,0.236767933602297
0.351148096,-0.0303990572981485,0.438405993503296,-0.111783521810567,-0.480657722921082
-0.619495823,-0.032341733448501,-0.664106134081651,0.0979841991788108,0.374526890090827
0.651392214,0.0518650585229413,0.426946520406383,-0.276991812304779,-0.333741004539103
-0.140192763,-0.0741331034685728,-0.316472518998576,-0.0603085906081295,0.05702547165952
-0.430327096,-0.036963043334941,-0.391094871834191,-0.0580966349442762,-0.0233182179814447
0.022953512,0.144876694370503,-0.0845369486384374,-0.141868454708871,-0.249516741507422
-0.118544815,-0.0483465644208181,0.017539707940374,-0.181803455771575,-0.103131115253596
-0.162871769,0.0324618524228297,-0.20857230033838,-0.242571919862124,-0.157518699486805
-0.169252882,-0.0973075168407962,-0.189110589042095,-0.188776266003516,-0.293816359261427
-0.460318521,-0.164743689661738,-0.457325741132894,-0.322412560053243,-0.223209914072417
-0.204586713,-0.161011691825203,-0.437907344656913,-0.36433378208711,-0.559925709636244
-0.929603491,-0.0711915886309759,-0.536798784525579,-0.182277299479072,0.170713950937587
0.720424494,0.266311540316005,0.66471434508021,-0.348209569405957,-0.528281498103384
-0.253974047,-0.180112677618048,-0.28254790003728,-0.258419862262418,0.19415741959933
0.012292667,-0.175736396688803,-0.268714228296856,-0.498703902032197,-0.440370336037557
-0.789986319,-0.316806244789695,-0.592339957792942,-0.216557565225664,-0.227501210715377
-0.468147378,-0.275207570559973,-0.37290860347957,-0.420900569218469,-0.490419842867818
-0.264127745,-0.35260500858986,-0.386766392540903,-0.445278533258265,-0.526758717748835
-0.602836747,-0.222868519935858,-0.52900249351582,-0.406120670217738,-0.290499253987153
-0.298214129,-0.262538763659178,-0.323230561080048,-0.336460623156124,-0.371956820125161
-0.167121565,-0.14313629878142,-0.24363803858965,-0.377371899050799,-0.317104845176532
-0.233661656,-0.174391267654326,-0.355216841595083,-0.484408064843404,-0.424686363195209
-0.709648721,-0.170326812236477,-0.549430490855499,-0.206374189141882,-0.292270710324547
-0.650479265,-0.205148790763863,-0.577318361130651,-0.369613250468556,0.334304717947835
1.691702817,0.337710036341643,0.692019310801866,-0.622943304594602,-0.764690853430058
-0.937667965,-0.262310702770429,-0.630152989255866,-0.300476079760242,0.391007514168671
-0.628703073,-0.0261613419187415,-0.563714122561982,-0.0176318088332522,-0.379323257247013
-0.182370808,0.149439810943789,-0.429143928674881,-0.16044593259409,-0.337211947362717
0.035882926,-0.201098363150519,0.135604937437031,-0.525318476791987,-0.394705725091124
-0.555719889,-0.202742401137786,-0.333618997217005,-0.375198491935784,-0.231626699216015
-0.426504892,-0.217570928873342,-0.44145373338382,-0.0255937215618443,-0.55000291237079
-0.917200704,-0.0153729110824171,-0.745281774834816,-0.0137016907143502,0.293827955598217
1.248250945,0.288522937959375,0.936884868819883,-0.44073446215044,-0.555482910288212
-0.267517128,-0.0947754082412838,-0.270582942205846,-0.147585181625995,0.337528831270145
-0.264041672,-0.132502844069021,-0.292181446929336,-0.102520690129463,-0.160035919923792
-0.22820402,-0.255729973955594,-0.40534011119078,-0.09660961777408,-0.248187593572909
-0.228271223,-0.137761086886491,-0.483159141733318,-0.277666025363528,-0.331087078752974
-0.473324327,-0.17769537285792,-0.477101450899996,-0.282073242579558,-0.214948627063752
-0.17000777,-0.169643556314281,-0.148794351208361,-0.253620813624524,-0.408321533495519
-0.436434023,-0.216947474391013,-0.423284502863142,-0.40956851237001,-0.134917844008262
0.072323939,-0.153029493586784,-0.234771849481184,-0.370307141877963,-0.60584748252211
-0.962382823,-0.239867040349798,-0.577893365648472,-0.205252388111971,0.0301684938210189
0.166448502,-0.0736314858604517,-0.01507334002141,-0.464232329161093,-0.68333154776
-0.553358792,-0.0559658482123602,-0.526051309101213,-0.443565381968367,-0.251899574519836
-0.448955366,-0.248341578271522,-0.350218596713001,-0.444221300208164,-0.703806828579409
-1.112026068,-0.245240892352862,-0.829896311719286,-0.301663158950938,-0.208549185486904
0.135452135,-0.0893269950856519,0.0332288112479818,-0.614222647150854,-0.774970223698923
-0.560817443,-0.273967420472701,-0.584106343698008,-0.528922220161254,-0.218970771892512
-0.424388306,-0.362186708070091,-0.390173042817592,-0.492148855010257,-0.376039839738116
-0.216061487,-0.304691134262603,-0.198093401221642,-0.41399631661873,-0.503862492203189
-0.57828272,-0.318962210612006,-0.535534868974283,-0.502967462291379,-0.40133241600875
-0.566352727,-0.415991997188368,-0.576827818864359,-0.499646088942186,-0.506602380605291
-0.452933723,-0.271264818476895,-0.377294225759777,-0.572984272818425,-0.611735324733529
-0.674329364,-0.233910554326686,-0.551671023766108,-0.522321743946083,-0.532978722371507
-0.637345867,-0.145241135994576,-0.537154189571921,-0.486156060664713,-0.505319224690045
-0.354928138,-0.264008893457729,-0.24065069783779,-0.468184541705572,-0.537153669105405
-0.452198052,-0.261418325139709,-0.467961209484212,-0.468988935176146,-0.37080579340466
-0.300036656,-0.200127622753178,-0.342715564273159,-0.448140070709461,-0.519205804133869
-0.707429849,-0.165322826203794,-0.528698567481018,-0.302638663608574,-0.137888122577125
0.145319577,-0.075296737654793,-0.0180302801492025,-0.498748898304717,-0.583869551557284
-0.541757097,-0.141606215413009,-0.430819372619765,-0.342060332461667,-0.179215733217579
-0.37589395,-0.25069809071196,-0.339194888899781,-0.482055544535268,-0.445183633935002
-0.385466719,-0.231777040590439,-0.372699456455884,-0.4125782487706,-0.547796869907595
-0.732412734,-0.404659771074821,-0.586704853421918,-0.528439665607627,-0.476332740771282
-0.57276002,-0.355535254129424,-0.517328979167867,-0.590343469960995,-0.606774655204209
-0.541572714,-0.383323311543518,-0.50697194716644,-0.545204991964463,-0.537076439704924
-0.493710708,-0.339512722884538,-0.351939153570953,-0.508590102276365,-0.492807563928858
-0.454801119,-0.344301926655292,-0.391714629773322,-0.513383915259539,-0.418692051634525
-0.297104654,-0.276284222058661,-0.277752787268277,-0.506564478180169,-0.507177763810555
-0.56565578,-0.322309531991288,-0.514769337167577,-0.45784784569892,-0.399777335914399
-0.495111624,-0.161242387333287,-0.435227184716465,-0.396033489098096,-0.454284622705524
-0.467816777,-0.213306118279919,-0.465015227158788,-0.333238624612093,-0.189601438172056
0.177199175,-0.194278937705492,-0.104531798760664,-0.453590220289682,-0.335219560042965
-0.141253099,-0.190702751006876,-0.203170340061766,-0.446022132447755,-0.219214028681271
-0.505986208,-0.305782527000545,-0.513856876181482,-0.389498521189565,-0.347742919734533
-0.604597719,-0.243360517838724,-0.522632197066237,-0.374007312690044,-0.468100971176463
-0.480822337,-0.453141234772586,-0.471391032585495,-0.489929970318667,-0.561094908614429
-0.535326315,-0.408017289166225,-0.544573296809172,-0.571532571177996,-0.535632876967456
-0.562174481,-0.407757847130714,-0.511832448230489,-0.60257200566005,-0.590041177159276
-0.665255267,-0.413715502119581,-0.613508136392378,-0.538057673610543,-0.562608822828351
-0.589118626,-0.510804731209403,-0.48873244631352,-0.597098800865006,-0.548461974080881
-0.397874476,-0.509031599300872,-0.387160192087639,-0.644395881358975,-0.665685697686188
-0.735750218,-0.469466716021295,-0.593101442537572,-0.632731199019496,-0.573474647244054
-0.663771693,-0.71549654855126,-1.23915493734343,-0.650553456689149,-0.86090480833182
-0.991466862,-1.01944595225178,-1.70812451563056,-1.59506613221244,-0.965314122754408
-0.647029376,-0.63140526381764,-1.82574663427268,-1.52868027495154,-2.8481669104416
-5.504516187,-3.25919072098173,-0.810502828616899,-0.661012501583907,-0.593275178539897
-0.480312331,-0.218113235856457,-0.484129422689589,-0.955105472436782,-2.68101332925529
-0.581168486,-0.227883429226323,-0.498306042517182,-0.806085118746346,-0.846721407853691
-0.529642168,-0.301053720539637,-0.513699378835005,-0.818851287874423,-0.723330740829652
-0.800725353,-0.521359293655529,-0.618212902465601,-0.588608933749228,-0.618773349482127
-0.71060182,-0.520799256121022,-0.606976040932887,-0.662519170345782,-0.661331788312359
-0.527228603,-0.436749846730192,-0.531721808009339,-0.704278659852251,-0.730589276867029
-0.761111746,-0.512050765251369,-0.623557858728975,-0.661203189911737,-0.598122074408305
-0.643587774,-0.439426553743183,-0.542157592421361,-0.65198863325986,-0.676207394202865
-0.619713755,-0.512998518490992,-0.566661991448576,-0.642606124943943,-0.646048905716944
-0.658416374,-0.499284662928549,-0.550356848338787,-0.614630402211299,-0.565395937287588
-0.504203807,-0.348278210790773,-0.44664598092329,-0.568412097733493,-0.583409877504814
-0.516223745,-0.516097066477926,-0.518260302666285,-0.589763218795377,-0.511833320583476
-0.468524627,-0.457346215891279,-0.501429972613414,-0.580115231441874,-0.588326214055528
-0.662836125,-0.551893822735663,-0.583375378819996,-0.598583443022589,-0.556251050857726
-0.612424754,-0.401738002510344,-0.55613691284809,-0.556316803181115,-0.704068206029694
-0.892588104,-0.475744468933444,-0.713254758239923,-0.504452840214721,-0.356607037431982
-0.025503619,-0.0892469018265702,-0.243637178171297,-0.715009739964471,-0.678239865355322
-0.467504877,-0.202429137438736,-0.390821554460222,-0.513343960047737,-0.434678242753816
-0.836194169,-0.200267326072299,-0.61109970755928,-0.344650285007375,-0.240796597363472
0.028155584,-0.0818983380906461,-0.0202492318303324,-0.534720850596767,-0.672820318597478
-0.540218223,-0.411818914358869,-0.472192873697167,-0.444380732179113,-0.421754193122691
-0.800679903,-0.572901282855206,-0.536933823958562,-0.537069146527535,-0.472515741078567
-0.436501625,-0.250244643663128,-0.403556150910801,-0.462124699160019,-0.712604983672723
-0.702059515,-0.508253587736731,-0.538702317002294,-0.579028098173066,-0.498175623900715
-0.512023898,-0.39996345920412,-0.61401208940423,-0.564606039879479,-0.592596717836676
-0.548216848,-0.310442022753335,-0.443299228597864,-0.527719893251346,-0.434183223367964
-0.268642139,-0.398199420968057,-0.341606837496411,-0.642480347209249,-0.621132482549612
-0.68675837,-0.37915028023183,-0.586038580310303,-0.613182368684494,-0.529068374340411
-0.757382384,-0.438853200695453,-0.627840445566568,-0.622668624513144,-0.66214004047487
-0.708934958,-0.518847248606098,-0.639212220339867,-0.638580503322624,-0.673719122684058
-0.61325528,-0.555465193629136,-0.538458299976295,-0.658939139740143,-0.649534006622255
-0.583511658,-0.489868848975904,-0.534050561804161,-0.703703786505359,-0.613189600589783
-0.585430168,-0.526401515511019,-0.593903762171997,-0.624774480074566,-0.630060981260051
-0.705382006,-0.474309971841071,-0.621465317560329,-0.608953670068707,-0.527377463516938
-0.427030214,-0.367498054966936,-0.429336147356197,-0.623793405904551,-0.695929306359495
-0.754897827,-0.472076130554076,-0.662191172359864,-0.536631993706289,-0.441974923264694
-0.40618638,-0.408096176114053,-0.390349470943111,-0.573735687475214,-0.597852048978748
-0.466978086,-0.389472767727844,-0.434724335590767,-0.558803987198384,-0.516695495240106
-0.558115659,-0.377799457835841,-0.514173995117577,-0.561204116266128,-0.588901150022952
-0.762004883,-0.404105924559317,-0.647171171534657,-0.483177805856811,-0.489941245157801
-0.414928748,-0.403131113527367,-0.455077610748143,-0.62857274704912,-0.641673458351
-0.52991272,-0.47631400629364,-0.564430334818328,-0.559649894444295,-0.576280296996461
-0.819297288,-0.415170800752687,-0.577718451001019,-0.513484468986939,-0.240097609398664
0.152866146,-0.0691819691906154,-0.100306754713292,-0.585310367413609,-0.68867449238649
-0.624073899,-0.437393961365706,-0.565689151178391,-0.435099924212219,-0.234786900829947
-0.49163632,-0.309072269712864,-0.457593221557219,-0.5214055589362,-0.482604926276202
-0.421936162,-0.388195269631921,-0.370466599803856,-0.470001780999651,-0.509219180124614
-0.483300866,-0.383865705237511,-0.481522249378774,-0.605276162737802,-0.584953582308624
-0.729015236,-0.424031027822406,-0.604082552244967,-0.572155317737512,-0.627944387995821
-0.787639824,-0.584483140076197,-0.696615379461349,-0.592890591451413,-0.714293087889906
-0.761826278,-0.557327562174104,-0.648175638217958,-0.707267789658525,-0.686298690032002
-0.56151491,-0.409840856216235,-0.468360134167858,-0.728576155474747,-0.788911542118053
-0.863842535,-0.502864798766192,-0.733967151150467,-0.676352844405421,-0.562630406572848
-0.511051869,-0.381610169220503,-0.603077532830243,-0.640792504522514,-0.741674656573047
-0.727071733,-0.495715525968657,-0.60806453051598,-0.581715366071078,-0.419787210794359
-0.226554047,-0.388675497226939,-0.471773922875017,-0.744944999143939,-0.648101641624519
-0.548351302,-0.376046494548039,-0.541632572977109,-0.589414938723679,-0.576991656866272
-0.90685643,-0.393801872468726,-0.554170423208327,-0.467774817585433,-0.539878288628384
-0.578218795,-0.333957370833347,-0.488089428478601,-0.524353442670255,-0.682086897457431
-0.523192206,-0.425705455221798,-0.485151358269125,-0.594654385308375,-0.549316487327532
-0.448430139,-0.440562159947254,-0.504789456092292,-0.669883669036011,-0.598305245102414
-0.664884943,-0.501524071764987,-0.554011541760916,-0.560330451715323,-0.544138306021291
-0.629052751,-0.452494394279572,-0.563334790122752,-0.516356102171656,-0.62314598878458
-0.651070641,-0.458904670117888,-0.607176568734201,-0.536295763738375,-0.509785661585671
-0.354444418,-0.349659888112275,-0.368067304590366,-0.646984375438323,-0.618848376357933
-0.567458156,-0.504145496116689,-0.566706572249298,-0.612181969373328,-0.557456024335207
-0.726019365,-0.500078608738595,-0.630778397326466,-0.602786295000869,-0.60214632186017
-0.646348415,-0.465406448261095,-0.566362626343275,-0.623873100165272,-0.725174075570919
-0.772181858,-0.629162691893992,-0.629269906181772,-0.61932366321021,-0.64558600061504
-0.644852507,-0.616691427577678,-0.581765948258418,-0.675518424060379,-0.673548281990397
-0.612005335,-0.568996306450741,-0.573345355843273,-0.661461118468681,-0.571970963351228
-0.441152223,-0.399667699381828,-0.457618328341344,-0.688435956596443,-0.668515217005804
-0.720432517,-0.591105497270615,-0.579804253216196,-0.657797411048764,-0.584781363164198
-0.700954226,-0.554962246282383,-0.604204967624686,-0.627949228567498,-0.694224633699399
-0.753292811,-0.518247312130424,-0.610251883311546,-0.583119474897537,-0.567696081361482
-0.435918427,-0.472355255152403,-0.44898718725904,-0.678068314184675,-0.594819823705591
-0.405517734,-0.440887104303752,-0.459555477274575,-0.670998599603716,-0.574211524453746
-0.654212402,-0.472934643077121,-0.575253961398378,-0.614619188254392,-0.575412306527776
-0.770822831,-0.484049060321636,-0.638201806390888,-0.552998272372489,-0.571193280362632
-0.493146212,-0.433493566744498,-0.457887712055226,-0.630672256000389,-0.722661562792428
-0.726727945,-0.423560431089917,-0.607129139409573,-0.634652783114799,-0.531102355963904
-0.514383754,-0.357254550481676,-0.503152358634841,-0.611696706077738,-0.660943510045319
-0.674141892,-0.371141284835203,-0.569131304779811,-0.565114793011695,-0.442354509944693
-0.261560824,-0.384497890819981,-0.437480793954837,-0.767856189619049,-0.729009802575682
-0.756814196,-0.429473056921475,-0.659886491162875,-0.750138941176238,-0.694895581747212
-1.055962017,-0.358411423272436,-0.725278360609415,-0.689586164099779,-0.918222626354097
-1.221229686,-0.460673552630071,-0.779575711648948,-0.688981453808626,-0.857283824877296
-0.730659018,-0.371334464535648,-0.636849475846741,-0.873501979391787,-0.901511469874193
-0.650574964,-0.257386562393197,-0.525737128494029,-0.871573323940812,-0.605465310241092
-0.363799492,-0.375488581453167,-0.172344199112613,-0.796908154141048,-0.677793696840347
-0.681481284,-0.5381090583065,-0.589925313042978,-0.667451228341104,-0.549800560406498
-0.690536145,-0.528187096552627,-0.566761609835108,-0.640752923567953,-0.662055562534754
-0.705665949,-0.45324272758465,-0.629685147781905,-0.583964359296533,-0.619964168952471
-0.565782093,-0.554079314620856,-0.606553108262809,-0.64102877247731,-0.604380205650844
-0.474854058,-0.446357007144845,-0.451235216370515,-0.663136509290572,-0.636034753497808
-0.690525726,-0.559092053165385,-0.595808658710042,-0.631945448624426,-0.575344316383937
-0.667912422,-0.599165283192374,-0.608294849531566,-0.593300770848857,-0.634951899197295
-0.627753668,-0.512266400131893,-0.546843400827801,-0.609210909517544,-0.585503261749032
-0.487095451,-0.40399948000041,-0.463256997920907,-0.642013761524418,-0.617306244211998
-0.60148407,-0.539794988561187,-0.583598726856401,-0.608901527272808,-0.553682475723912
-0.610347458,-0.542827807355945,-0.565142654991247,-0.577158778984767,-0.558821490190685
-0.522626263,-0.398715018146749,-0.548312243304715,-0.543401361295733,-0.589461530902128
-0.57900202,-0.518261268293616,-0.544134992736249,-0.581226128054485,-0.533828755849988
-0.5119036,-0.435423319197426,-0.489346867076154,-0.587043398210329,-0.610390794604128
-0.650465883,-0.500041088785277,-0.542808640766478,-0.618817107708141,-0.578665503313993
-0.608194976,-0.464647483825924,-0.575909045490713,-0.681746884601149,-0.713516836677698
-0.791642957,-0.521476338665092,-0.684291079945522,-0.615821164061271,-0.716028230770177
-0.926603613,-0.564753785040657,-0.62461325688396,-0.627131161242228,-0.491650020210117
-0.128021136,-0.376125536897242,-0.245819193675762,-0.788200732304205,-0.817342568678574
-0.717049216,-0.326982117928141,-0.624330490781645,-0.722301392532882,-0.531548451647489
-0.888534028,-0.282820982643933,-0.609648920893658,-0.605537789546496,-0.535331435792066
-0.402521244,-0.307926402186983,-0.420679382610867,-0.605392509552098,-0.700765591468718
-0.549545197,-0.43500881791545,-0.562379057222535,-0.593555189040424,-0.509024333759397
-0.5595357,-0.407634659097302,-0.518395425195009,-0.593698341408066,-0.510451796561677
-0.466663841,-0.420682301739608,-0.473071560480203,-0.513775082185572,-0.567097978229913
-0.611355181,-0.406512423868274,-0.369857795477994,-0.463816199212341,-0.434300400804671
-0.38765499,-0.333893573390578,-0.400006201166118,-0.508330475210053,-0.492550958430951
-0.351883002,-0.308766683660459,-0.410188828183194,-0.598522577293944,-0.523713520015214
-0.581991935,-0.401839976313853,-0.546652452770529,-0.566398221430263,-0.629180428520465
-0.939893589,-0.562669212267823,-0.517163083935635,-0.499458974192738,-0.59978600492643
-0.659762104,-0.451536398019374,-0.592488012373515,-0.62495359893333,-0.739927556116132
-0.58573316,-0.331302457690707,-0.524767783447302,-0.689374751991372,-0.682132440751436
-0.69376141,-0.383799882682318,-0.599058250107341,-0.605240670438578,-0.572865444691602
-0.570419781,-0.427125947219496,-0.543097654323582,-0.56137609039582,-0.536782804435143
-0.396936394,-0.357958125195703,-0.375710836325207,-0.540368652379276,-0.480717233469079
-0.345183008,-0.26854075479954,-0.268410001895511,-0.604678306942659,-0.483308177869823
-0.494561202,-0.426430552080362,-0.477025861737383,-0.549622363866791,-0.581466502244784
-0.855089534,-0.460305168437205,-0.66194894471282,-0.472113225362818,-0.499926067420288
-0.518020499,-0.446569390181439,-0.469630628045245,-0.581016083134979,-0.684242890470662
-0.578668998,-0.446792595005143,-0.499046305182045,-0.580829504135961,-0.542275949225092
-0.506486488,-0.471678432474834,-0.467988014087785,-0.615690094692705,-0.601415312348811
-0.661025071,-0.386874588763597,-0.545950631409748,-0.507351774356304,-0.47527099162441
-0.421618498,-0.418523549299778,-0.412721700592035,-0.536613383022941,-0.570574645557433
-0.502219336,-0.404855241859004,-0.486373044377153,-0.525941049617999,-0.476651380715212
-0.488622278,-0.296542137629559,-0.458954704025586,-0.461117118345696,-0.526481026878356
-0.622286523,-0.246981897571503,-0.517423244815569,-0.398685405070522,-0.341409128818469
-0.149238614,-0.333608411522184,-0.303237046920741,-0.541707225009077,-0.52265245655437
-0.413866297,-0.24720254056705,-0.291226575853759,-0.441505116735955,-0.412369986875094
-0.679722917,-0.311305293816391,-0.557607815514391,-0.361775716240937,-0.291443110501926
-0.136153084,-0.164696536390039,-0.169601351080657,-0.524243630668918,-0.593696188836472
-0.501316734,-0.328098837683691,-0.452083320092237,-0.520800158705563,-0.524891790462058
-0.907795089,-0.610871135124495,-0.760767827723985,-0.458801989889284,-0.452572182412629
-0.464786916,-0.326145309093286,-0.464754368914472,-0.380237419857884,-0.594521563754881
-0.38498219,-0.24506287113057,-0.410373986803719,-0.405253562944897,-0.332209514846003
-0.147751561,-0.168475649123365,-0.237703519874034,-0.450749146632688,-0.261658464060118
-0.058484655,0.0946039206404084,0.0640554639897256,-0.365811513752109,-0.320534661210309
-0.460258681,-0.262425599625422,-0.458424554336806,-0.382290419661796,-0.250308148289083
-0.383625798,-0.168180058900498,-0.332351434703747,-0.34182158275483,-0.524373881759052
-0.781905742,-0.135069640707128,-0.515800973766341,-0.285831271917142,-0.130767128400054
0.118984325,-0.0704568077347244,0.014205995481225,-0.324401848304076,-0.282028929567503
0.249130043,0.0263263750957339,0.239993780887839,-0.276854677641745,-0.181127689942342
-0.36387381,-0.165905683062398,-0.324987960084867,-0.318101955200264,-0.0471180783704634
-0.308268545,-0.134011079288377,-0.329937137533916,-0.318500826984039,-0.281915644323176
-0.229524303,-0.233236175726564,-0.330002461520714,-0.461565876913132,-0.455462570633808
-0.607915369,-0.317840227597011,-0.53594159632429,-0.435788599752974,-0.421971788907234
-0.60096002,-0.270596709650008,-0.435791639290248,-0.480907226724773,-0.584774900303178
-0.614698413,-0.334438893320509,-0.478491756766522,-0.568300668900458,-0.610789232340974
-0.617168407,-0.443207957118973,-0.487981402661167,-0.583545244761158,-0.649627249822815
-0.75806115,-0.478133380022283,-0.524592548292529,-0.485269979676217,-0.452435131314184
-0.274919002,-0.191082123150768,-0.220436828113353,-0.568871419984839,-0.551258707476549
-0.388239172,-0.167164408862342,-0.32599807077814,-0.41749394612544,-0.291017165063896
-0.261130631,-0.111917007297078,-0.457791209737682,-0.314278883934249,-0.243873732250044
-0.102158095,-0.066808123320651,-0.1289973251953,-0.296634818879416,-0.203974470591499
-0.068404191,-0.138000586805729,-0.111455162975852,-0.345145800473034,-0.299816945632214
-0.473094818,-0.122243280381206,-0.402153239503475,-0.284993231197209,-0.268070478775291
-0.416457183,-0.176369025661672,-0.292417826838917,-0.315445867523807,-0.556008526228245
-0.751682578,-0.559185936799272,-0.472915792155402,-0.351928485440138,-0.405728875146222
-0.404492078,-0.18465009044426,-0.407456292274135,-0.44586315482177,-0.522664345742465
-0.359429572,-0.152871122420126,-0.258755647902931,-0.398176199067038,-0.352689841234889
-0.256047726,-0.266344035105762,-0.223574571696987,-0.455517101594689,-0.31543328249134
-0.229981821,-0.261998644294238,-0.297201894253231,-0.392938376784156,-0.345113007677578
-0.399852603,-0.2307483861798,-0.350469430285623,-0.38624501544198,-0.374178703727108
-0.52519073,-0.300128302753202,-0.471802074813546,-0.334672824048758,-0.405748933912106
-0.464504113,-0.390350145017662,-0.478181966371015,-0.328355893514584,-0.389076038706191
-0.264898947,-0.259046512803275,-0.374129287532333,-0.386796633832576,-0.402716564603952
-0.35824204,-0.261628521067709,-0.261105129146033,-0.312178819085217,-0.250074985138481
-0.189900142,-0.13292777703732,-0.1355485177281,-0.289088991725688,-0.317871086667901
-0.319532423,-0.154992122764394,-0.24852911385109,-0.23777576965315,-0.15775624041179
-0.054818124,-0.16626041468973,-0.0202152040604,-0.283006879831441,-0.335901461843886
-0.414144135,-0.28026378947694,-0.469881147249438,-0.149727667076905,-0.0998300240340743
-0.096022359,-0.20090565188938,-0.350910320791185,-0.245094793246205,-0.269326383432765
-0.147246935,-0.149386042606125,-0.186080529105797,-0.298167659947692,-0.227110026856931
-0.267668845,-0.230954071692707,-0.295208438890069,-0.348241082643193,-0.373533839047516
-0.642679563,-0.271140007781024,-0.553104636325872,-0.181986924008117,-0.308546011145882
-0.417644468,-0.227250781496537,-0.322047709933644,-0.287318647336869,-0.334224678285824
-0.030236197,-0.142069749858673,-0.161265174649774,-0.392501613843908,-0.418050514125393
-0.423074575,-0.273981650459397,-0.328804206835169,-0.354647014131897,-0.159130578253415
-0.171216442,-0.222465863658294,-0.270448321821981,-0.318979191785342,-0.455614529549296
-0.625535034,-0.212457986123466,-0.430549848354701,-0.178466274572674,-0.121019750648708
-0.027010357,-0.103368126603043,-0.107119804892977,-0.35232765083704,-0.339563525747366
-0.071727472,-0.159069751420849,-0.217334668783267,-0.327306192463849,-0.24121977777307
-0.353310197,-0.253737794751682,-0.346238463428281,-0.366845712504172,-0.288117588985634
-0.490560071,-0.225285929362865,-0.390315249882416,-0.386836000262979,-0.429812312603232
-0.520067798,-0.225050167940275,-0.293816026223366,-0.571077190643303,-0.584232918554051
-0.682152822,-0.308026181189097,-0.586516448067582,-0.476464478411674,-0.671952027428332
-0.985052273,-0.426612670925786,-0.74529877004885,-0.418526500527659,-0.31147296034893
0.032735745,-0.154915079163385,-0.10044537520749,-0.590562961596218,-0.448521560937751
0.143275196,0.0230306025040569,0.137288688360604,-0.497316616429597,-0.332961904459301
-0.57766203,-0.321370432090763,-0.486851641810036,-0.389689923912132,-0.155338320964122
-0.431922859,-0.271573455389067,-0.396763733347055,-0.299215818259902,-0.399298658606178
-0.3248646,-0.259558520216095,-0.375388852687693,-0.347355039603873,-0.376377508889117
-0.325319272,-0.28862812007226,-0.423434427715506,-0.358697859034974,-0.297034834794093
-0.292955157,-0.225816525683328,-0.255194466150726,-0.331148859730588,-0.174624601135862
0.060144962,0.140027168492731,0.0964798037459442,-0.160358993939005,-0.391040421746827
-0.592256905,-0.170298320920648,-0.557676976037987,-0.271054925664403,0.0683899020583543
0.232954796,0.0509996382808695,-0.0744299296022328,-0.303608254823909,-0.476915822631447
-0.452645143,-0.133220844091087,-0.397318715771217,-0.362490688481008,-0.160651797240589
-0.446700882,-0.247151630046206,-0.31257808860019,-0.403612517273448,-0.397426189636311
-0.408377529,-0.136170174203637,-0.293024671038948,-0.322274653179699,-0.488655480173442
-0.57424091,-0.43543394542345,-0.578059663936086,-0.404361820630518,-0.388015644590032
-0.402495587,-0.262135495509953,-0.295607946136793,-0.390810391301512,-0.346592952079797
-0.10918525,-0.193626614197202,0.0813511780807556,-0.482755698493082,-0.380554626155283
-0.272781835,-0.0978289803737909,-0.358421094820139,-0.538885787565684,-0.426913351611313
-0.737076733,-0.197931184271042,-0.528237365847975,-0.169954771084764,-0.363645862163786
-0.650416996,-0.00481292215020228,-0.72916470122786,-0.306924913354148,-0.0626679268482343
0.768517281,0.168966127540134,0.316269402975024,-0.600826220616347,-0.705693941119748
-0.817159704,-0.0602041946410362,-0.647858420340498,-0.338082756567566,0.0635841369266739
-0.465662884,-0.332283779482849,-0.392640814149063,-0.168379637302515,-0.413727602926958
-0.226490771,-0.197988202487769,0.208143662863438,-0.239781852789102,-0.322467380851119
-0.087790533,-0.175012070717241,-0.160070244812675,-0.582023639611852,-0.408779078990482
-0.474880593,-0.309716114636007,-0.493360724340946,-0.40952164397004,-0.551639021331294
-1.149056359,-0.109443835151255,-0.872309838293217,-0.218117586493352,-0.250800788670898
-0.075725115,-0.0127665349986389,-0.0223526363501303,-0.324538340985416,-0.574349714334288
-0.086312324,-0.0354381735320446,-0.163837234361745,-0.569667728685663,-0.228299039241665
-0.126611519,0.0212178334073857,-0.280477720896547,-0.539101396367613,-0.482106802369962
-0.949570056,-0.064854333978007,-0.682521135818236,-0.147271114052321,-0.230510040745616
-0.431909546,-0.0942304234465248,-0.478228605827321,-0.189360940561721,-0.313954336564201
0.162935676,0.249639090065379,0.273891060705411,-0.138837674847247,-0.0476563005111597
0.51555982,0.0709910771514014,0.235844849689481,-0.223297007326603,-0.109785083400035
-0.31675956,-0.0911708648390335,-0.396683351713279,-0.0950543735236447,0.173293243770376
-0.032713828,-0.0677360099762456,-0.160222135446731,-0.0175710505504548,-0.346464642804068
-0.693424842,-0.418443914123127,-0.770322987395623,0.0343559151004147,0.299634626193815
0.849344693,0.191279206170711,0.457323181649347,-0.409362851356593,-0.514696886391819
-0.412801632,-0.315730428584245,-0.443870242885295,-0.21475483373121,0.0481895566738754
-0.562885793,-0.177807071981513,-0.449630518560633,-0.196042915483809,-0.319405197911386
-0.474382213,-0.042248421324054,-0.493251977514459,-0.0628753544290847,-0.190057991007287
0.211450218,0.290315493299812,0.225995593787708,-0.450962637120823,-0.383754047170539
-0.253967785,-0.16111008311013,-0.334976083062725,-0.384349280543257,-0.182340883854124
-0.524693453,-0.164224735636549,-0.283726301357273,-0.23694016021628,-0.187873611898609
-0.122509418,-0.112836451982043,-0.196623119933065,-0.391207226791442,-0.477518697443125
-0.483239337,-0.379091146076328,-0.464079757933387,-0.352725623601196,-0.315410109548302
-0.46480421,-0.271695374087694,-0.372896956534888,-0.43427398235842,-0.419320421384527
-0.312216707,-0.397454958742709,-0.36856541201122,-0.493093689683524,-0.684731154651829
-0.952635424,-0.243836031469441,-0.426782092463217,-0.498100739801895,-0.495172950813127
-0.733044312,-0.314564927258398,-0.650615040469647,-0.505280947284528,-0.542706029529632
-0.169516249,-0.200470220201514,-0.318875118095362,-0.642735581044436,-0.752118291268758
