630
-0.714342093,-0.309965047873371,-0.793183329102078,-1.43490148075639,-1.93445350544325
-2.223986056,-0.717443232908346,-1.85191983887608,-0.524221574127194,-0.486832707446667
-0.271048093,-0.617290210137815,-0.679954621427971,-0.813323498883843,-1.21454841684927
-0.502513086,-0.0361106359243488,-0.403963361617325,-0.765361348749632,-0.240947821093853
0.159523324,-0.00857609110538433,0.31756303436336,-0.956005852960345,-0.550360871475158
-0.480809153,-0.277018251060858,-0.582895910519132,-0.558482400730421,-0.588536199953677
-1.447844686,-0.418755890710481,-1.18062476314113,-0.106521427773867,-0.219835936836756
-0.150172973,-0.131176045336566,-0.504698280949526,-0.654019426271554,-0.352906155597165
0.873614747,0.0144088832966316,0.152132735136,-0.860711845346911,-0.687067698493043
-1.091577062,-0.253380679831532,-0.951786816007252,-0.533679499860152,-0.0694629568845533
-0.923888989,-0.346731077941249,-0.982725560061943,-0.235274591195701,-0.572138440034536
-0.364442606,-0.0702738652779755,-0.552431536473161,-0.677498442037844,-0.490412437244319
0.088737505,-0.0360362265639845,-0.153586407005186,-0.789236730446971,-0.713960096479243
-1.110811252,-0.0826465709142436,-0.739331173190608,-0.402290440260413,-0.121343612573942
-0.182497759,-0.212557255520389,-1.38251300142647,-0.606009230863007,-0.791995592080535
-0.634223948,-0.222930302327866,-0.228211565833672,-0.177398050028066,-0.487882594640223
-0.95621142,-0.265660839498444,-0.622285904027423,-0.475064234387731,0.153349263204441
1.222005474,0.496151168178243,0.289013451890394,-0.763939069200387,-0.945382540098198
-1.012678187,-0.558132353678485,-0.943349504503136,-0.492907637876065,0.0199554943203654
-0.845197799,-0.341239836810068,-0.809010803364202,-0.800302760270201,-0.847281249178755
-0.993396266,-0.416459037391464,-1.08634759548248,-0.625181211504712,-0.830272902740018
-0.914196928,-0.358592165961965,-0.630049035633659,-0.680615780337887,-0.671724976678474
-0.416048671,-0.245291836127132,-0.384918650513136,-0.810726153742668,-0.532441152285284
0.011711039,-0.250987488454478,-0.605161199840466,-0.959388418674385,-0.754582971248049
-0.94648161,-0.508395612240968,-0.86065911697758,-0.754704479985041,-0.74054671398485
-1.47585447,-0.495179136144071,-1.14048487417224,-0.807119783499663,-0.949495591790719
-1.026106898,-0.295999314767887,-0.817409690356364,-1.15253027619875,-1.39758003730132
-1.489522391,-0.582404865849986,-0.985161786041899,-1.18232494041978,-1.04712512216425
-0.958729931,-0.477092885354098,-0.997342076106286,-1.07118590765088,-1.38290887675032
-1.508700906,-0.549151362899728,-1.0582349445403,-1.22463440082039,-0.69941756195603
-0.127814096,-0.320002460938641,-0.726919996973537,-0.986811379246508,-1.58871084689808
-2.043830756,-0.617764857466904,-1.43419539140525,-0.990725609224283,-0.173074074080536
0.245130338,-0.224941128869121,-0.46430398160237,-1.1830652764749,-1.66141465036997
-1.561779004,-0.364193532999762,-0.929879737330652,-1.14500274309117,-0.727606176856967
-1.408929722,-0.362315316473685,-0.678915801576619,-1.17600091941294,-1.32889797630594
-1.319548977,-0.481839993170675,-0.855361762790152,-1.26287278740746,-1.36474554121993
-0.718987128,-0.565608944948956,-0.598483990258775,-0.787956433745266,-0.909533269078196
-1.079643303,-0.767947816368462,-0.912001940895704,-0.790833943781782,-0.805606202823415
-0.902930398,-0.648143162745044,-0.787036482294322,-0.827753945386436,-0.904265691987212
-0.781423709,-0.600251151873915,-0.715065677402431,-0.848941351061017,-0.852837755915697
-0.777445824,-0.581147439110324,-0.697027628791093,-0.905056546387903,-0.81237851880449
-0.754944072,-0.60996537616663,-0.697767263413053,-0.869476633102243,-0.992689302778409
-1.276823626,-0.925233386005958,-1.1268982210683,-0.744029121157396,-0.775528033532961
-0.821305689,-0.638135852291608,-0.700613948779004,-0.790138017377027,-0.913362497942047
-0.591034925,-0.457721393385501,-0.527576750055478,-0.886063759910931,-0.856375878600475
-0.831606459,-0.486832705673937,-0.734696635106553,-0.783444136372157,-0.743358649580634
-0.898036702,-0.466378124593019,-0.742311332348059,-0.795058041531654,-0.698726709943829
-0.382003912,-0.160520703432043,-0.641748032220443,-0.931748820536875,-1.34447892729088
-1.979002162,-1.29131971711754,-1.13779827796758,-0.730210368147008,-0.638905851394494
-0.845271171,-0.447071477159275,-0.776070395944665,-0.969879361232448,-1.21572612956336
-0.647701749,-0.242825103104133,-0.518674244342743,-0.841684278642772,-0.924312408631935
-0.882220103,-0.256164907862379,-0.725697866691163,-0.847838436328253,-0.740912432116642
-0.793534808,-0.280302889669673,-0.570833866914599,-0.67075663071215,-0.792643556551851
-0.806066257,-0.403486389538164,-0.731840830712413,-0.720014532726527,-0.553349353837932
-0.179000167,-0.280205407918811,-0.667637007974118,-0.883456248018779,-0.908995435752092
-1.043308264,-0.356834658849117,-0.899424012085489,-0.688566186871274,-0.555416828035971
-0.856696871,-0.375909337498885,-0.740603202212642,-0.791210855052863,-0.829575921662803
-0.6982268,-0.383693749060499,-0.63682491720249,-0.729649108184295,-0.893265978162604
-0.938735037,-0.72687044849773,-0.908091263065604,-0.876849264260948,-0.766048948973619
-0.787956658,-0.637016533715998,-0.724245565269893,-0.853160337548094,-0.915778897460042
-0.952239468,-0.592170777847173,-0.822828014000414,-0.766701913922467,-0.788470279134029
-0.781525126,-0.454552165329432,-0.716644995414519,-0.943014241402837,-0.821295343868264
-0.609007299,-0.349317837826858,-0.423703308302846,-0.963238579787471,-1.05079271633777
-1.34515347,-0.695662617375719,-0.921483777467434,-0.839975083443558,-0.833598479945219
-1.072460886,-0.553630633261552,-0.952241917859026,-0.845444942989017,-1.01080087628984
-0.839570168,-0.386886258001373,-0.664115945200858,-0.800455970501787,-0.778215626643871
-0.442319906,-0.254277674364651,-0.350759546486451,-0.884773112628106,-0.715807736897495
-0.490188321,-0.276611564089196,-0.38586180848149,-0.789826431116176,-0.709519113569735
-0.909046401,-0.548934841518152,-0.765930686764082,-0.818692196573824,-0.708559248259102
-0.903471661,-0.55378113115689,-0.736326653767934,-0.833179727416774,-0.944490396171333
-1.085114064,-0.817215415386594,-0.934561112319793,-0.765056195963279,-0.847579596017623
-0.856585461,-0.627858094169928,-0.752920804602415,-0.826537252361042,-0.768737374104239
-0.440033339,-0.385509894828481,-0.447936937206641,-0.888311660054211,-0.799530089489103
-0.686216743,-0.525453405991944,-0.581079993769411,-0.79767687466906,-0.684035577017376
-0.868427183,-0.585743512200138,-0.798525896471449,-0.723213809477159,-0.739239288204913
-0.822693358,-0.634607748990131,-0.798816148797282,-0.682660579213315,-0.817957515570669
-0.805425742,-0.531417766234207,-0.748787686336126,-0.752003217222907,-0.793241019205604
-0.785791356,-0.560523957813382,-0.697365315784448,-0.744033557015928,-0.716621721650844
-0.636634794,-0.341277981433141,-0.530150556845715,-0.663168217158011,-0.673729404545842
-0.599998733,-0.437744925963535,-0.565021640464196,-0.655142732607819,-0.490638894521286
-0.22772491,-0.22738802803324,-0.317505790538781,-0.745026978297712,-0.731866350913689
-0.862289795,-0.401796074368109,-0.720320605742166,-0.497321380767365,-0.54861099465634
-0.916474468,-0.571226120122765,-0.939665042723357,-0.491041877075567,-0.499126853926921
-0.156108883,-0.184222322125952,-0.244493149960037,-0.625630532289305,-0.74749435084676
-0.590739499,-0.321207384030605,-0.508327536859267,-0.528475001955067,-0.458538524485618
-0.654788273,-0.307081428549785,-0.616302197308169,-0.603380471205372,-0.582850439450401
-0.49428206,-0.132540383808794,-0.15157203955235,-0.663608887053301,-0.996990096817674
-1.404931202,-0.749308120583273,-1.1207542237219,-0.81433885169198,-0.797313634467644
-1.119819682,-0.432494826575768,-0.915689166888104,-0.799552725678914,-1.05894319202884
-0.903556002,-0.320847235367315,-0.725456968667091,-0.876133716484954,-0.832202371996767
-0.472990858,-0.551091357332129,-0.843118424849843,-1.01356928691454,-0.868829082405911
-0.808140084,-0.443889154090543,-0.738170629832784,-0.838068392449118,-0.642494248052797
-0.758514901,-0.48955200446564,-0.657874560932066,-0.741914222217268,-0.708546343349626
-0.622298037,-0.461211552601107,-0.548579298303096,-0.731912446941844,-0.779204663918136
-0.802252948,-0.723038301099,-0.792141814828048,-0.786399771269673,-0.709877134731552
-0.755082373,-0.595611972299943,-0.642535047662935,-0.779769749189402,-0.839209622440623
-0.919700051,-0.710099168853158,-0.803835804036221,-0.747876657946998,-0.77366972547127
-0.795230198,-0.668129553083945,-0.731493218680581,-0.759749203565647,-0.82375561104907
-0.783087309,-0.643392582787001,-0.694881267930896,-0.731130995145479,-0.692974762550988
-0.567168433,-0.559241473694357,-0.550784605477007,-0.742188367873768,-0.705534383860215
-0.615362915,-0.558646644463477,-0.578167055724068,-0.676735548217574,-0.636234336841654
-0.668748252,-0.571578084772592,-0.625063701669472,-0.671137956832047,-0.652841678835279
-0.669024453,-0.556405966739293,-0.618556595390046,-0.659036707076911,-0.743394247055562
-0.849718922,-0.677004296088062,-0.760625258623957,-0.723964524506465,-0.680996006073956
-0.670030699,-0.55296347399712,-0.595937735192376,-0.77667717139617,-0.827074352429949
-0.821496693,-0.664303538636696,-0.705538648045888,-0.808783640507238,-0.791321467722945
-0.876528519,-0.684410557970977,-0.814453894300469,-0.838127433561823,-0.883413591669346
-0.997801572,-0.760586224640754,-0.849065604031858,-0.805173093366363,-0.820924293346072
-0.758919523,-0.646120312300008,-0.707031188715242,-0.909286713951305,-0.926920114567628
-0.865692882,-0.661974417657558,-0.736860579026278,-0.865767653075403,-0.862704758688759
-0.958374006,-0.682172149163072,-0.828690385824429,-0.839925856988831,-0.823700140901387
-0.77784292,-0.645022886927844,-0.742400276883616,-0.871627894656898,-0.910229309538176
-0.874259289,-0.68705765725466,-0.792470401330292,-0.890327058836942,-0.849640420899087
-0.920025865,-0.412318043660618,-0.822209091102923,-0.799055021587276,-0.814080001441215
-0.967179575,-0.359015361869822,-0.8437965870461,-0.809811201963462,-0.264282933972806
0.654490653,-0.000585266124390301,-0.182074386969797,-0.950227094269417,-1.05748869147724
-1.229890791,-0.534205640764554,-1.03595543228289,-0.789066410548215,-0.162425893723368
-0.653583442,-0.305682838559452,-0.620019630658435,-0.864292156465516,-1.09800672932477
-1.278966531,-0.521990356985095,-1.11001415138789,-0.668782454405362,-0.769344672984205
-0.870870049,-0.538963618633025,-0.788312865061037,-0.754529583668003,-0.91425099704376
-0.811479251,-0.281225066730344,-0.690417798878699,-0.632486610286275,-0.280015239927798
0.480912068,0.0204657833856978,0.0272992504965577,-0.893724826273817,-0.579761970887069
-0.178567285,-0.212260056113248,-0.406230499562689,-0.705708824200801,-0.457953489882726
-1.264595255,-0.272343164624289,-0.790108211851778,-0.464534220640458,-0.473501440315666
-0.849242332,-0.410767145859075,-0.833684224277704,-0.598002415404767,-0.932562345761663
-0.743789533,-0.377984178085313,-0.66260968106761,-0.938897781690377,-0.915028835491345
-0.893682979,-0.45906653788504,-0.801858793231606,-0.982277116515662,-0.998681692018316
-1.325360951,-0.500554654541001,-0.987365573345185,-0.774563790079689,-0.789597442867297
-0.729459979,-0.46685379262655,-0.693709887544086,-0.976594636226723,-0.911189847496626
-0.461710003,-0.451682223381639,-0.643229810308367,-0.910776241957934,-0.97813739701736
-1.284288042,-0.659670119536242,-1.08696650491735,-0.70728038617967,-0.443347123854703
-0.334736727,-0.301367977349981,-0.414735847740626,-0.772182180101658,-0.87920207810006
-0.542788606,-0.293658552052405,-0.533725132710662,-0.714119496276852,-0.657575930851557
-0.87219715,-0.460159202504435,-0.691719878743434,-0.741787889535577,-0.644992064260383
-0.706805337,-0.485567563548203,-0.626868148173216,-0.704232641516341,-0.940122973360364
-1.152041379,-0.739687866342643,-1.09729852597202,-0.661756949054805,-0.628807755958416
-0.516205124,-0.344195971753701,-0.486728841922442,-0.767117730596035,-0.860224903336756
-0.666898491,-0.358789873744866,-0.45818531946932,-0.690241297681,-0.520247479724792
-0.420827008,-0.163372871135369,-0.316499533200541,-0.645510693875885,-0.598140240533118
-0.539638959,-0.36372531605654,-0.478593936710623,-0.508715316429728,-0.496278909139841
-0.549058176,-0.352060065741826,-0.489241165145987,-0.596881802833808,-0.49563206096421
-0.393909288,-0.309917076547256,-0.600181543817591,-0.650728222140082,-0.703965565007292
-0.848895434,-0.540367962611835,-0.750906814249087,-0.688248693139484,-0.677079169994087
-0.946277038,-0.558643282089591,-0.84816118586531,-0.714972420069962,-0.835859455481059
-0.919799903,-0.522645981923833,-0.789725415512685,-0.703517681917833,-0.813711460155243
-0.73427401,-0.505135749630468,-0.620449922641985,-0.775558092623845,-0.731113365427203
-0.530136411,-0.457756879897356,-0.529335285856494,-0.858839451792671,-0.685981432557578
-0.555619043,-0.345846804823394,-0.364650827132052,-0.805114971955172,-0.740990433237184
-0.917595633,-0.560185749854117,-0.763210655179294,-0.712888611963284,-0.735391626675427
-0.941132341,-0.49113335775423,-0.644904018575948,-0.678120565363078,-0.811168664909771
-0.761694951,-0.302607791721546,-0.537879204994199,-0.891024831021938,-0.836079137539905
-0.685702052,-0.543440291108451,-0.763731566757014,-0.922380146097817,-0.926163774428563
-1.106549278,-0.51306402333312,-0.966931058783055,-0.809123463895239,-0.766744777164121
-0.806540493,-0.592705276208761,-0.87720761862561,-0.904032953588387,-1.01294487708241
-1.001762121,-0.667084390549598,-0.932027046044356,-0.817278677987994,-0.850031429860608
-0.886990347,-0.535040977321227,-0.739334664966862,-0.868470294995377,-0.834587855190242
-0.642973866,-0.495478140143643,-0.652752505498605,-0.854730685025432,-0.93292968465018
-1.039581833,-0.701969187595392,-0.931680806833314,-0.789764235889925,-0.61269194519399
-0.491794583,-0.350739966351868,-0.458083415304521,-0.81953484172998,-0.911890625463559
-0.863007526,-0.575778129185585,-0.806607982051646,-0.702429696138373,-0.630725359331892
-0.706040454,-0.387494746163179,-0.620982912818599,-0.721250677456829,-0.727170482936654
-0.645598311,-0.408241791757475,-0.66368540088213,-0.608335262739598,-0.652075864377676
-0.718589198,-0.387713031775527,-0.789424291116093,-0.635357596636441,-0.230199914896568
0.34998704,0.184183584700671,0.129717941745721,-0.575632126298565,-0.690592081208638
-0.751046835,-0.324100594277602,-0.705787617904252,-0.5803402525066,-0.0160233703270172
-0.051945953,-0.104554424257914,-0.49412474359133,-0.771304355269541,-0.901777215672409
-1.231747675,-0.524571285109515,-0.574149389902987,-0.615278030290658,-0.557107559907816
-0.990945621,-0.296432503163298,-0.889431783935593,-0.821756442619424,-0.988026825184124
-0.839867819,-0.344015179291659,-0.64437447546034,-0.881494603123126,-1.15042219696247
-1.408719857,-0.629636436689361,-0.818559977613561,-0.837374163080012,-0.768682232979888
-0.737342339,-0.337111820049221,-0.646374816755542,-0.712287997000989,-0.817809780772722
-0.298097487,-0.150624223815568,-0.248123819864719,-0.599123828096134,-0.596821315215539
-0.394435224,-0.30166030460343,-0.441595739748535,-0.540892720310775,-0.297059519725849
-0.150964288,-0.14640086124909,-0.235821306835891,-0.48625421942832,-0.491353057836753
-0.60435204,-0.103887438265677,-0.330340508165779,-0.385292531385413,-0.350844434777921
-0.460793592,-0.276001802618792,-0.419153466780083,-0.548076052146039,-0.680831305183779
-0.850342633,-0.307559487227841,-0.555929071897004,-0.51260598177291,-0.56016210445246
-0.640765097,-0.374576555539581,-0.598269364334159,-0.660041472300945,-0.739332926551416
-0.693365364,-0.445106391357877,-0.633023549126257,-0.685785620475903,-0.650314772066087
-0.617994793,-0.238925935656914,-0.567249437009678,-0.704952964750735,-0.716476675693036
-0.868501093,-0.423453017687483,-0.835501145386637,-0.601413242237895,-0.333597407459946
0.005545814,-0.0829946936123513,-0.23283762299424,-0.635685997662906,-0.560635505552733
-0.234793444,-0.646711079682336,-2.88392347542163,-0.532154883061933,-0.357342805173711
-0.588925094,-0.354703144752086,-0.628421277781247,-0.570031347787679,-0.422179376362558
-0.564522918,-0.331087687293991,-0.557032691851252,-0.567178019110014,-0.756485372195103
-1.039393345,-0.806316457863677,-1.13826355284403,-0.595454094994954,-0.600731505725868
-0.604773409,-0.345117378493306,-0.517627335427358,-0.812119951731339,-0.908969995943643
-0.815864125,-0.49420754049803,-0.767447798392238,-0.765410289271722,-0.853050360339056
-1.09698167,-0.759026106024716,-1.73892757944776,-0.77724333324419,-0.777601751733563
-0.787007136,-0.570965337537729,-0.731029662451807,-0.776722893852486,-0.838461252773415
-0.635651724,-0.655322805189958,-0.706882041781043,-0.954014735213151,-0.697702508710118
-0.422601151,-0.299932531463455,-0.38725677598953,-0.92583524151701,-1.03055871491566
-1.527017411,-1.05936480734236,-1.38963692403549,-0.676536288864491,-0.558862841370788
-0.642454052,-0.520259544538724,-0.660795678872478,-0.936260257483301,-1.05933205034944
-0.730251232,-0.502480777743768,-0.730124719761376,-0.778958163139784,-0.812589291929795
-0.940423649,-0.418974861674768,-0.709585493738026,-0.753279025328687,-0.61573678501503
-0.44485379,-0.314605020709705,-0.404937576219507,-0.71043392593369,-0.854661040751308
-0.882905417,-0.428657428370924,-0.7657720898406,-0.636716707397146,-0.42214680438165
-0.260116955,-0.207344567142388,-0.439613584281408,-0.73471931545129,-0.775829362686998
-0.74211036,-0.745196093522815,-1.22532192382758,-0.588781538494941,-0.483454373143169
-0.612843524,-0.362826718574872,-0.616305283106879,-0.683655130780952,-0.67721784611903
-0.674530533,-0.242430223783542,-0.646947010209082,-0.343151701387798,-0.640670009035822
-0.835193966,-0.211821545877844,-0.773474316886236,-0.447706845087891,-0.160610294436649
0.539717873,-0.0313453773154938,-0.060553013300441,-0.698051985242751,-0.782330470166416
-0.699855609,-0.340592417610254,-0.866599620375897,-1.02450011908017,-0.363997262091786
-0.659788831,-0.209807541954136,-0.710904055948784,-1.14327279563521,-1.95376011859216
-3.786323113,-0.380099765193666,-1.31552894173537,-0.465805561752668,-0.803559900415389
-1.015130904,-0.670661051309374,-1.53701391711882,-1.15524068892127,-1.99680404506886
-0.783585991,-0.125444819913471,-0.71349851807083,-1.25476960392239,-0.722084625005199
0.010739384,-0.062200490982691,-0.124010756047531,-1.45303832238212,-0.745686860883488
-0.532875407,-0.387064852968104,-0.840044079093643,-0.813054309474731,-0.621608156742215
-1.138169417,-0.529841263511082,-1.08208115012585,-0.592645790658952,-0.750230037552502
-1.106404484,-0.476502049960104,-1.04241100999884,-0.496948497001004,-0.81522890690156
-0.6822189,-0.360746580752115,-0.743361544323739,-0.743068765561138,-0.590220619299786
0.004567007,-0.0774033459202248,-0.182180418947267,-0.844998417948247,-0.666364926714121
-0.552970042,-0.480723279297882,-1.03869893142556,-0.76818644034064,-0.448673427876916
-0.739133666,-0.508961082910592,-0.876633968347438,-0.682853225653613,-0.780690860301927
-1.090657593,-0.498170812703006,-0.978913909021584,-0.686068587712622,-0.844325206302926
-0.946025599,-0.70748831872124,-1.190843464812,-0.957698711071783,-1.12742266536227
-1.272660901,-0.50525916072821,-1.15639393497383,-0.756515546139498,-0.949582110485179
-1.062489955,-0.607187506533046,-1.27043442975815,-0.888788598097824,-0.736380290694322
-0.104185461,-0.396576744120671,-0.542536259205716,-1.14409202948768,-1.07194621000493
-0.938821582,-0.114614520116664,-0.494742484691144,-1.12365636740927,-0.988471435578203
-1.404938742,-0.379170137814599,-1.3693768507202,-1.02303331166528,-2.18829614949779
-4.028730749,-1.49963818149696,-1.57997493637076,-0.772827075518455,-1.04738692270798
-0.85351805,-0.466850456962696,-0.850805244009881,-1.05625973141867,-1.97701312159153
-0.425806268,0.00696971483022275,-0.478853265158004,-1.06737165837183,-0.532599021899554
0.375085443,-0.14922569194455,0.00205693877251241,-1.28344216791985,-0.66017159458179
-0.668353847,-0.313506466276879,-0.834735544158845,-0.810155831284298,-0.548553983498847
-1.404587496,-0.484846843868559,-1.40384804392047,-0.42005279471168,-0.730580369020202
-1.256061662,-0.299775165081641,-0.861347262803545,-0.406351313190271,-0.172975734624595
1.167615469,0.119635889153776,0.510376762376077,-0.939835393348225,-0.845787432894326
-0.329779116,-0.156442990271216,-0.348133481270076,-1.07740726604413,-0.106523601772568
-0.950064191,-0.411472086965208,-0.859234826384834,-0.923443094701364,-0.777173910987605
-1.470453574,-0.606726847405212,-1.33494819921073,-0.635182773200778,-0.897734344944788
-1.007127062,-0.428226509671581,-0.910858360435518,-0.762268603129397,-1.04671330767181
-0.842572198,-0.509600388182511,-0.792691704610306,-0.701097681127897,-0.539841659126102
-0.050690892,-0.0348567363749966,-0.355540049585246,-0.625859879924122,-0.352561491553118
0.242915051,0.0264302507587399,-0.0748063137087506,-0.51875218404264,-0.207059096906682
-0.22145659,-0.072993966735367,-0.209490792668488,-0.348659224547811,-0.081649501127252
-0.26024223,-0.106077179445866,-0.606365745069518,-0.377657508296998,-0.488810955645632
-0.811940337,-0.435468650225671,-0.966775696579504,-0.2564767049701,-0.544186123048406
-0.976572683,-0.252111979854171,-0.819443551387296,-0.575136546972934,-0.406805808295538
0.153022826,0.208790084837559,0.14690883927671,-0.743405388560403,-1.19218886087414
-1.624182331,-0.548823312655084,-0.906875410266722,-0.836499543018335,-0.220767271489831
-0.153734591,-0.530213081949872,-0.526937055003257,-1.28196853949341,-1.69141070685281
-2.10513333,-0.272569993121332,-1.22683641191104,-0.735264270241236,-0.872606127540787
-1.548256517,-0.463512296674861,-1.05709505202687,-1.14816199407451,-1.22376899255428
-0.514045414,-0.155115757310551,-0.5840267430597,-1.25098442799018,-1.3643863434503
-1.215858225,-0.531984385066357,-1.09037904952991,-1.02269332319604,-0.681474631581086
-0.735789775,-0.194116487196019,-0.676514941524526,-0.776143122024215,-0.773179858648634
-0.406202132,-0.265967817791019,-0.560329834583613,-0.743757236498543,-0.618835594438641
-0.339526876,-0.197375164417414,-0.480451556593419,-0.49536227253,-0.7435488836709
-1.333707845,-0.638001389075822,-0.96739252452086,-0.378239610600727,0.191038717325453
0.994061484,0.603746114079071,0.853574815465354,-0.683139769755079,-0.943127386719832
-0.672558858,-0.3064451976969,-0.727450184709198,-0.496844225966142,-0.0904241733439893
-0.910626561,-0.492225116234814,-0.764411237714058,-0.827317362990935,-0.481822791735003
-0.282968144,0.0254876810016023,-0.263936449786829,-0.865678672411144,-1.26075595693987
-1.755234138,-0.783026912178678,-1.45614204790344,-0.881387740718643,-0.799244131757381
-1.256226182,-1.09609161057747,-1.54087421803008,-1.07758140460845,-1.3183725930156
-1.115687583,-0.581740918164355,-1.15161547148307,-1.02597532230945,-1.12121560171622
-1.029514476,-0.493731326798568,-0.953239858683185,-0.95064563426435,-0.796098463577226
-0.388215502,-0.257189132420836,-0.350797663087893,-1.01586305509813,-0.919590770629816
-0.717164487,-0.469112704787654,-0.749704392321642,-1.02986281456284,-0.853444156269994
-1.209807001,-0.603140046945656,-1.17170890232914,-0.856973544256425,-0.979456768598666
-1.374790601,-0.643524011404874,-1.02841948846771,-0.745242572497009,-0.924481779710484
-0.690488837,-0.486688144378931,-0.713940002418577,-0.984504274391993,-1.10689986786635
-0.948315265,-0.634213476920845,-0.882145248769441,-0.847481865112626,-0.625336825056806
-0.622731951,-0.273993174437337,-0.627835188403166,-0.816195344582929,-0.241400526808223
0.663472443,0.353316083650069,0.399106747431371,-0.790358141251685,-0.742598714921762
-0.833058851,-0.509988628582428,-0.737424332399632,-0.384070888119841,-0.13179876449338
-0.858721849,-0.412205811331391,-0.846866340840991,-0.524659360255076,-0.311075406161502
0.255036028,-0.0283102030454824,-0.5048173120075,-0.612667751476638,-1.08112028273695
-1.469007554,-0.563489378190212,-1.34226488246899,-0.577056566054936,-0.246060024259743
-0.600628437,-0.264154557091306,-0.819659492546121,-0.667339907542737,-0.865646787725575
-0.482220696,-0.0634547714149757,-0.415657530884038,-0.541870413650495,-0.636446694558184
-0.652312231,-0.204647640847939,-0.462674897746994,-0.500164206027662,-0.332393156176056
-0.259888599,-0.19486780324049,-0.425387052649097,-0.347706900801917,-0.0813494526735673
0.369392285,0.370644786675403,0.504376275473643,0.0993452057464874,0.35838360726458
1.098482686,0.397453939478332,0.722452458718318,-0.0171784746246735,0.461998714957566
0.849542559,0.347877184247572,0.681867648758867,-0.124835008511307,0.270417236969661
-0.402667798,-0.446933558070485,-0.716417654187849,0.324725234236322,0.131632985454437
-0.648038651,-0.0963674857192793,-0.493759176433402,-0.0116910259041332,-0.28647757674204
-0.235450473,-0.0171221573908348,-0.290373603267448,-0.381870728418516,-0.827471236448813
-1.173391927,-0.323684120627213,-0.567475507591521,-0.487209374033195,-0.39343535519204
-0.472876491,-0.192509882846259,-0.428414898670708,-0.560401086144174,-0.844840467941114
-0.71956705,-0.282086292265085,-0.66026269996408,-0.51794926485971,-0.403787074752857
-0.159514868,-0.513385873488674,-0.804622465498522,-0.809600519869395,-0.727696931290151
-0.714160549,-0.232443161456638,-0.79132864200571,-0.672469999027568,-0.629861378233085
-1.098354328,-0.341339432844051,-0.943983672645712,-0.728922456488345,-0.608924023433626
-0.434256888,-0.357276247300925,-0.303467901358136,-1.23624802066082,-1.20036904099929
-1.231903257,-0.381895299449309,-0.931819475540875,-1.03678180043163,-1.34033222212438
-2.436232516,-0.522242113026747,-0.860685253134872,-0.745264915912275,-0.849592405249048
-0.616732006,-0.29799667745341,-0.914388750974616,-0.950783098292616,-1.28375297698605
-0.486920214,-0.0704520174260043,-0.489185050917598,-0.917560592739349,-0.14275462023851
0.810117196,0.261509258362557,0.512131867791528,-0.733663530806255,-0.65155274942512
-1.063151657,-0.225900808358574,-0.903701108350975,0.265674976563903,0.781842090934072
0.962361506,0.0444859736235644,0.0918554908103864,0.0272834761513069,0.0547477926511787
1.119975207,0.389167713762836,0.903813389538971,-0.0587510551286279,0.248106833425258
-0.076739357,-0.19843914024388,-0.232490906547617,-0.117150176654097,0.0785352495754724
-0.926674163,-0.372542428054803,-0.81190303741876,-0.203392960379221,-0.325960602316856
-0.734087399,-0.301485849792557,-0.712253253378993,-0.510146478634088,-0.790898420261549
-0.836425989,-0.407773799732851,-0.968381329154791,-0.64713203305515,-0.693381115871321
-0.679464183,-0.393803287418161,-0.829136827397983,-0.722244884847131,-0.641513658651144
-0.437182116,-0.217354940378937,-0.561016584625765,-0.651222160404363,-0.648031960523804
-0.642357378,-0.39906450590083,-0.767858069448345,-0.536291167563203,-0.402021456951775
-0.335998921,-0.246530727797599,-0.677225414674772,-0.361161180663076,-0.447671673697882
-0.364449818,-0.184517959917843,-0.521199856260553,-0.205151857337497,-0.0826727723677805
0.153506459,0.0828294034357684,-0.0316955614021922,-0.351301901532089,0.0911134963648743
0.761243775,0.241726478656612,0.56214399802064,-0.370088332586736,-0.290463933359814
-0.690776317,-0.242220908790955,-0.631448382256768,-0.119918116875639,0.0982044516306469
-0.435916899,-0.287563088612353,-0.700338853557413,-0.430215850937119,-0.549409624122529
-0.558972043,-0.360424834378781,-0.52509900876942,-0.744657556779467,-0.672970881854984
-0.873251451,-0.462448305911097,-0.810178582817048,-0.64980744422914,-0.803771906809166
-1.174191659,-0.578889685043441,-0.975807715021876,-0.680057403673627,-0.637586610745082
-0.365278198,-0.286899233607275,-0.422731968744296,-0.889314917589316,-1.03129833902335
-0.953088132,-0.65489907372117,-0.900857198878442,-0.846829202540269,-0.675326559363647
-0.895294096,-0.573520250696977,-0.825610243372863,-0.828972441255175,-0.810664242318264
-0.750176895,-0.387229712687084,-0.713071515573101,-0.744537100725939,-0.785732523953831
-0.634287795,-0.28517486493308,-0.520617974950032,-0.912281959537084,-0.849196777359173
-0.83148219,-0.375341323543645,-0.648706154471712,-0.754164133238021,-1.06096945367049
-1.624351651,-1.05022580967454,-1.29343717119823,-0.738734438861059,-0.690234061222462
-0.514472689,-0.201391179579261,-0.422169758749442,-0.876456725598216,-1.21132874943177
-0.921641017,-0.499287101334177,-0.734644230746993,-1.09920875448271,-0.790564808097577
-0.779220723,-0.298420849660362,-0.740082760122903,-1.11315107012239,-1.29572104412567
-1.895814569,-0.890042133505619,-1.46516902169268,-0.782815047669767,-0.72131397572256
-0.589976594,-0.465071341355735,-0.670099686973072,-1.18809576953504,-1.3533695692366
-0.92284056,-0.458397532188923,-0.789268226106966,-1.20802939752076,-1.01916314279225
-1.333296633,-0.0477542752141598,0.154854398561074,-1.16245391130414,-0.929232633244465
-0.912282782,-0.242583965757459,-0.66642710389527,-0.98375426224819,-1.24879765193602
-1.291911982,-0.456338725363602,-1.03106121094078,-0.943901120803245,-0.920742266001026
-0.873633532,-0.46647648583329,-0.871780716274282,-1.06324597614838,-1.06560380984911
-0.871120651,-0.395026230960623,-0.657905864383893,-0.955616320003436,-0.957301200164599
-1.003456196,-0.382970586183362,-0.840467522332136,-1.07231996705685,-0.881916411541547
-0.771060598,-0.279552582964249,-0.574802439254704,-1.05160972238052,-1.25453421745548
-1.607971069,-1.00750825289934,-0.941294979215138,-0.975786169683859,-0.926063962007842
-1.048891603,-0.706535079924859,-0.934100974001709,-1.0273829258733,-1.26842422761188
-1.094251802,-0.629385302259394,-0.933197975402848,-0.976762289114521,-0.955273912834179
-0.79566569,-0.512397513099784,-0.705383375708269,-1.01412227294895,-0.947290160926733
-0.804189392,-0.563250341659075,-0.879119425091043,-0.948775985941366,-0.799424483072083
-0.752170334,-0.141901551204316,-0.503052522845122,-0.725390383347221,-0.800164894337247
-0.940706838,-0.58717502976462,-0.812111388565304,-0.614815371063662,-0.350433216242066
0.244886607,-0.0468961921916387,-0.256224790633754,-0.853544129606625,-0.951296849209132
-1.025566165,-0.592599809108652,-1.02233574137528,-0.620472142588703,-0.354998211198562
-0.804889583,-0.366765825694306,-0.710534093073797,-0.52170723138641,-0.753949922716427
-0.628965233,-0.5484368810528,-0.577375776439646,-0.571610360297526,-0.780674510299161
-0.750058013,-0.564462377487433,-0.652413547749124,-0.890486821550659,-0.696510810378523
-0.645533042,-0.449009009289916,-0.568409215155204,-0.863553520799907,-0.99382715831039
-1.337156439,-0.835875998149869,-1.14558357457266,-0.673935063436372,-0.712863621132756
-0.807901445,-0.517478756351557,-0.682668176443092,-0.687091513267815,-0.8839355275778
-0.534963123,-0.36765341340891,-0.405320872691646,-0.843305829208092,-0.695025489462913
-0.416938074,-0.260674746552413,-0.425017040370765,-0.815431063963421,-0.838360176611954
-1.192399027,-0.636898200816323,-0.974218687892267,-0.685052118814073,-0.479931028997561
-0.431153932,-0.404070372659994,-0.546123754250053,-0.866187168125979,-1.04395143802958
-1.006363199,-0.571712529787384,-0.835014808090372,-0.711153233564171,-0.772768296602319
-0.958572045,-0.465628538225089,-0.761800780200807,-0.973540269278099,-1.14169781885479
-1.420573004,-0.773989515528916,-1.16065124734557,-0.842003688066934,-0.948049983319367
-0.973791238,-0.558409462512621,-0.815827645515897,-0.995818750431382,-1.053234110543
-0.773017792,-0.566806835112429,-0.740850120365094,-0.838299044104063,-0.843827487373255
-0.698553225,-0.492452043542447,-0.680559838918815,-0.802909031956835,-0.617730644507034
-0.411554352,-0.300348035747224,-0.347064731043821,-0.673775601940509,-0.60454019818902
-0.440866455,-0.31475113615534,-0.384582718189794,-0.606776609263757,-0.624791226373614
-0.79065046,-0.435376910607026,-0.603360459112266,-0.666621066448944,-0.623031260798378
-0.773418931,-0.601215135481247,-0.803636505869909,-0.774107558425257,-0.85395679842414
-0.978229518,-0.60712432744116,-0.856213386202266,-0.74949760097441,-0.843837150640179
-0.940495466,-0.60340106196521,-0.889773043023224,-0.841561416476355,-0.873524290304889
-0.793649692,-0.534331478060496,-0.703301061674586,-0.856358484870805,-0.889773991823043
-0.854400225,-0.610974371082631,-0.762267335491056,-0.876508685979852,-0.780691929633625
-0.639242788,-0.414288047476514,-0.652248392760556,-0.928011853265928,-1.09832329031538
-1.472397265,-0.825131826533586,-1.24158915254569,-0.759362773412515,-0.656795384049381
-0.602265961,-0.431528128506169,-0.605415401214888,-0.857072026695005,-1.1128778265044
-0.899157655,-0.487252557571239,-0.758686074758336,-0.791480035809263,-0.72164196992245
-0.691250161,-0.35051610509289,-0.601600571782095,-0.872075689009572,-0.905688287675031
-0.969441793,-0.571256836835074,-0.879843824953774,-0.77430377072227,-0.745294500541212
-0.769590379,-0.568190313402711,-0.68816832967742,-0.771379369713618,-0.85973507541204
-0.829330285,-0.460282165591135,-0.652774772122196,-0.671328795817977,-0.673383366758042
-0.547284295,-0.412054836164874,-0.491596407425287,-0.818074771343839,-0.704438115631747
-0.524645999,-0.550131495745774,-0.645774065089853,-0.725975199817041,-0.757440994591616
-0.906079787,-0.568736837043342,-0.955621683252797,-1.1836660701286,-0.786866839094235
-0.648985154,-0.33201208243874,-0.532544019351503,-1.21867046447119,-2.05127844578378
-3.66121023,-1.90685669652874,-1.89828286841368,-0.737109163341156,-0.806397582986279
-0.966744571,-0.935571047502145,-2.34836638794298,-1.30268420728934,-1.97997484457288
-0.769939976,-0.596732212888128,-1.19357524617159,-1.30672636713009,-0.956665307339109
-0.606579059,-0.811509184886503,-2.78106087579576,-1.49885615949161,-0.737941609888878
-0.590728959,-0.414875973684891,-0.570444135416952,-0.817359998918409,-0.733952432378207
-0.821919796,-0.479925220937448,-0.717134147493083,-0.777856285418339,-0.719883427482064
-0.841102789,-0.535355470334219,-0.72914565388713,-0.781597915484735,-0.814934513366946
-0.85737719,-0.631050598328063,-0.737844204473387,-0.760500306582501,-0.792757889712915
-0.766495122,-0.610773226436957,-0.693410737736736,-0.771760262693107,-0.762975077423313
-0.682856323,-0.49274441617266,-0.619944410165026,-0.756317687532386,-0.695672031969905
-0.590354173,-0.46927493422948,-0.516857917555999,-0.74549379254196,-0.715230627504654
-0.738887049,-0.497468591311865,-0.547812577935317,-0.692642236619031,-0.653321840763608
-0.694528293,-0.562992051488099,-0.62143844220406,-0.645513958996268,-0.725853315340435
-0.758746488,-0.587582735467321,-0.685586426866913,-0.682791078308937,-0.641644768645106
-0.546436896,-0.437732681032195,-0.48737256266315,-0.759432920766211,-0.776944177484287
-0.808076851,-0.654817028236397,-0.719465491286579,-0.709644898038344,-0.679618914519413
-0.791217085,-0.59003006599676,-0.661357895154176,-0.719502812478339,-0.752593902031362
-0.732723294,-0.612302451584433,-0.685260074718789,-0.723515283657746,-0.757381695626152
-0.744697919,-0.591978432968896,-0.652067420853546,-0.751048407827547,-0.681196243999424
-0.626666937,-0.528716202219228,-0.5919837733087,-0.665442687640954,-0.667547051010206
-0.626660344,-0.307023928292078,-0.504142606114065,-0.545012324624495,-0.516545180860791
-0.394010661,-0.252118442951648,-0.373191476386296,-0.564494441493552,-0.494345772365183
-0.347320947,-0.218688009896568,-0.366591474434385,-0.590664781374409,-0.42871186752017
-0.342944243,-0.219044195418132,-0.321613273277657,-0.706953169176546,-0.635361997200559
-0.855065208,-0.513467028054602,-0.782571987096239,-0.617507819739184,-0.787087911352174
-1.303490287,-0.805243641512049,-1.16596023359921,-0.726918590685395,-0.791841223467788
-0.765989949,-0.423992821800362,-0.660963040362026,-0.806942738464551,-1.12555148557735
-1.077369174,-0.695348333851941,-0.926165059867205,-0.880757775108549,-0.785784143306964
-0.754226074,-0.533253852664734,-0.729511302532427,-0.904244214478598,-0.839340214120847
-0.624137378,-0.41764988444416,-0.549541024672086,-0.754849078226114,-0.7557717290894
-0.738493977,-0.584047011221371,-0.767841440883353,-0.811016873660779,-0.61354413227698
-0.550605526,-0.418509184566533,-0.467360408954657,-0.728370458504901,-0.725918221411556
-0.704492553,-0.518215781047742,-0.571598165279295,-0.720806067279463,-0.714422810932701
-0.858786897,-0.623613276639043,-0.704999215127011,-0.705230262545155,-0.749594711297206
-0.827077944,-0.661408438669031,-0.739177563493851,-0.743073420196363,-0.785893932064204
-0.736633624,-0.546492064746478,-0.635817974755774,-0.737652688444531,-0.790347097013678
-0.78738942,-0.566032961947293,-0.643432497026124,-0.721647847279498,-0.653432243634812
-0.539791754,-0.452485314681228,-0.459107511631672,-0.725519935246559,-0.716717588642617
-0.631097749,-0.347160346408065,-0.526424368459526,-0.75954684210055,-0.671901241048539
-0.684790055,-0.443863183996961,-0.680774465093381,-0.788979013552362,-0.93028883320621
-1.285423666,-0.72143314931759,-0.828445405232699,-0.8033200260834,-0.821483879469113
-0.97571251,-0.655065518548052,-0.881614628614194,-0.930845293449962,-1.05734149041285
-0.960343151,-0.542399101070188,-0.826102614862818,-0.897083069975381,-0.852144787112384
-0.642324277,-0.41050563142709,-0.576787017125076,-1.03869799907699,-0.983334352033692
-0.997436768,-0.708753459662923,-0.902193554246934,-0.877970515597405,-0.849698741759915
-1.073473808,-0.673834638200194,-0.838445846665036,-0.798110648182897,-0.795188346888169
-0.699314053,-0.499035334492342,-0.617366738589754,-0.830153782116253,-0.67576678183661
-0.205632126,-0.185560815729249,-0.333381606297495,-0.860696548257574,-0.781672703994626
-0.815911018,-0.595263154881498,-0.754502817425869,-0.75933056917843,-0.534306211792908
-0.738244891,-0.515393884988996,-0.670039131006473,-0.751812522512722,-0.879869227051052
-1.07451019,-0.723235675073823,-0.992167350117459,-0.646464054449976,-0.734679283258765
-0.762963727,-0.528292133557362,-0.613531129381567,-0.752294564305461,-0.788130107918936
-0.512636234,-0.366629495902768,-0.391780244892027,-0.788519909654408,-0.789473818738844
-0.796933509,-0.578947911483481,-0.700000448345523,-0.753004628524179,-0.609439547880967
-0.644499444,-0.508837192945982,-0.567670867024072,-0.695639153890746,-0.763752588521873
-0.787393428,-0.531370332872652,-0.642767681281279,-0.736999728155268,-0.655722097475574
-0.582824007,-0.454706515070264,-0.500174051444841,-0.818121121827162,-0.89801519015149
-1.074607822,-0.636263346031766,-0.85288615764172,-0.75635260299047,-0.685446164510711
-0.702836009,-0.522561739642994,-0.607739795291975,-0.869660092914317,-1.04525275016237
-1.11572672,-0.699772540492161,-0.932006045619573,-0.831394667739368,-0.830982692745645
-0.93043793,-0.555740112487201,-0.708282542301332,-0.85903192985334,-0.940020429968734
-0.83637536,-0.592030678085922,-0.769142906009653,-0.89791695814277,-0.836667494157862
-0.703136767,-0.517523068936088,-0.633111544049823,-0.915193829176413,-0.845710149320126
-0.831848934,-0.600343973303697,-0.745341340605957,-0.829731964782197,-0.799285878141435
-0.905013552,-0.618284542430229,-0.807045261202308,-0.775199051208908,-0.753463814640893
-0.654763002,-0.570274971974476,-0.672257313154171,-0.829362328969453,-0.893976654407407
-0.909755687,-0.638964132957422,-0.797534994279819,-0.884455877490059,-0.755165135311963
-0.771502145,-0.558326668023313,-0.644190619243616,-0.883910245525238,-0.986006634864045
-1.144104769,-0.76559730154553,-0.969265240462168,-0.773427859746537,-0.80256044722595
-0.853218707,-0.639225116911589,-0.742616024511233,-0.807090629775489,-0.853870423400819
-0.605429683,-0.503880058697532,-0.535796339628469,-0.824167530055613,-0.786131161080036
-0.666603066,-0.588110388027028,-0.655638170739677,-0.833842043312438,-0.713416830773883
-0.757553844,-0.627434680013123,-0.683733370817149,-0.788146675519184,-0.781831858233287
-0.933218177,-0.683536677206256,-0.775934270766275,-0.683124400919649,-0.727183571689304
-0.734843159,-0.615821660148013,-0.665654858570295,-0.735840267710233,-0.739982920066135
-0.535602569,-0.443264252746731,-0.453748620335138,-0.799420325319363,-0.780074216902763
-0.795923175,-0.667341180747965,-0.700439328453653,-0.778813696134635,-0.695634824470163
-0.82145595,-0.674377536524782,-0.717590245713871,-0.841259801997884,-0.793378788088447
-0.791546716,-0.600295073363533,-0.689003987349536,-0.857620255941051,-0.91294618113062
-1.054224089,-0.737426733023044,-0.899472716532016,-0.804699592265313,-0.788151254446974
-0.776017127,-0.643002451512158,-0.759917088721389,-0.841956591185985,-0.914334202623732
-0.821348431,-0.651101758101278,-0.759892911639515,-0.834320565950043,-0.78993895256715
-0.767290547,-0.568444933642467,-0.663790195894412,-0.833615770733987,-0.795856110522338
-0.791930316,-0.652725424799659,-0.764034846917939,-0.767277963066999,-0.716347148074269
-0.638951229,-0.522247011064242,-0.564930167070059,-0.729877661664045,-0.776010966411102
-0.786319114,-0.56298308814329,-0.645860719947334,-0.714714982106402,-0.644794292199513
-0.577835908,-0.451266491503634,-0.508975381142399,-0.758177979159467,-0.840267463245475
-0.96130634,-0.646433339004797,-0.802931654354893,-0.619556421986487,-0.622543952981601
-0.667595478,-0.55828945283366,-0.65512587182255,-0.668909960678997,-0.692164792356042
-0.465140299,-0.35806284927096,-0.371593309376352,-0.68610116843246,-0.621532713789768
-0.504694922,-0.39792409934241,-0.348002002391286,-0.71700971519514,-0.61857271986446
-0.690311122,-0.379691822181707,-0.654303881127068,-0.762636101528473,-0.750296757735816
-0.838963233,-0.363068523302446,-0.708935929404267,-0.745608830977065,-1.27572504869197
-2.093920857,-1.0407404830949,-1.38990204133854,-0.705206585421633,-0.770025967345533
-0.718187839,-0.493144002210314,-0.668019513883183,-0.885110173123913,-1.34130162532632
-0.799417363,-0.518140731844354,-0.732477896120585,-0.849610398078314,-0.785573836327291
-0.666963978,-0.332513796890471,-0.562796781092887,-0.889150063081782,-0.768587878224281
-0.731486083,-0.599059396053781,-0.624679790565257,-0.707601944366433,-0.682978875528041
-0.669561969,-0.537264144824251,-0.580333768808313,-0.760626409050706,-0.722015104821965
-0.687075972,-0.632776940578621,-0.6600828200001,-0.780735521738928,-0.788628138094971
-0.908256396,-0.690677397247068,-0.779171973799937,-0.776392770706712,-0.767592353395816
-0.829739723,-0.659375910333425,-0.753519054899586,-0.816039155502518,-0.918214712057911
-0.987781734,-0.633117891187125,-0.755756225518305,-0.809101044283003,-0.824639806537565
-0.812291913,-0.651739343240933,-0.732641519967857,-0.861516215199551,-0.8902436964919
-0.824876908,-0.650808187961513,-0.748361723145587,-0.86347808625166,-0.798342744508639
-0.732011785,-0.523130927478446,-0.64368439390699,-0.851731132009443,-0.877366287599729
-0.979749486,-0.644801577402658,-0.779116012571683,-0.752370285176784,-0.691379511376719
-0.619784111,-0.478457514838217,-0.55277836228299,-0.772567515052894,-0.838337283009335
-0.752327695,-0.574363021583399,-0.697838174052837,-0.70482471472403,-0.642473100716538
-0.614124729,-0.475325488992194,-0.574755879697597,-0.761702732642828,-0.684617728628301
-0.615097581,-0.501767974325451,-0.590171998396784,-0.683598134763036,-0.672032275084361
-0.693438652,-0.603269448908232,-0.70825570722099,-0.68681445940662,-0.714485119478903
-0.848459366,-0.647994943058277,-0.728815486006372,-0.593325207435005,-0.641057297000481
-0.630816862,-0.420122865015535,-0.53742841175019,-0.602093029604052,-0.624646540572776
-0.360273607,-0.287249809425764,-0.333472110602891,-0.687143168756197,-0.728387501036388
-0.828078342,-0.577524830339421,-0.733552841130936,-0.630483065531143,-0.513157627835048
-0.591697811,-0.516917492323624,-0.576707906502764,-0.715086347806932,-0.776346079640462
-0.780159304,-0.492826781004277,-0.683453724376124,-0.637312124488716,-0.725078884576678
-0.878940222,-0.567415684671786,-0.820652054310046,-0.65501448407858,-0.662771504617625
-0.582291591,-0.401314699145393,-0.502323155497663,-0.70578525383132,-0.679637998400221
-0.4675694,-0.351959159470411,-0.440857037654762,-0.693228444455005,-0.649892219302278
-0.692606923,-0.383181432695633,-0.642764665806909,-0.808837989442371,-0.535651901762266
-0.439171828,-0.321091903385195,-0.482466771790697,-0.801851820386696,-1.02119399641728
-1.521121266,-0.623913774443591,-1.00138395112824,-0.542631397020141,-0.526369894013128
-0.586145369,-0.402968726849483,-0.546289975610949,-0.783525044229866,-0.954921291108155
-0.500687206,-0.292279379006528,-0.401406274368974,-0.824711369498098,-0.752706381252474
-0.8330295,-0.457885232852223,-0.697443492010699,-0.795620048289965,-0.580535277315645
-0.595870131,-0.526931919393916,-0.599065977560135,-0.726053048673956,-0.805808822673809
-0.844043188,-0.622536951203108,-0.778269204594161,-0.712409614741271,-0.667113929548363
-0.695548945,-0.506164246825922,-0.691744212640833,-0.724532023203088,-0.800059988530438
-0.832983404,-0.596503178544362,-0.737105452001361,-0.67619291197866,-0.626375837692303
-0.507207773,-0.469939022366313,-0.503036653696672,-0.755963692192357,-0.770044957129592
-0.731517766,-0.549801009649267,-0.662259074684173,-0.694760595767168,-0.621057475893846
-0.681100879,-0.550836642164715,-0.64808973302098,-0.72665442451026,-0.718500537747778
-0.741287506,-0.592708662674412,-0.706490203815278,-0.692203915476663,-0.682645155989595
-0.64015844,-0.424110225527927,-0.495016607890157,-0.782505387306362,-0.821524504666783
-0.930363698,-0.663766121537541,-0.85466027738685,-0.735419724280116,-0.725166515550385
-0.80543698,-0.540625251874164,-0.700665001379601,-0.751893209131019,-0.816696411594562
-0.755522641,-0.568107347701042,-0.687117494969614,-0.829314679996043,-0.749714955714317
-0.61738019,-0.496161575851376,-0.683812641250039,-0.881518879351585,-0.904787497902049
-1.075700109,-0.750123539079213,-1.00130842539848,-0.75052321176519,-0.754046236859073
-0.900115905,-0.603690002466926,-0.893886368136222,-0.696356493317507,-0.850106210257894
-0.763256754,-0.506819129965328,-0.706889908806989,-0.759957103416051,-0.59545843277413
-0.18898861,-0.258672410519643,-0.39418051027374,-0.789109671335358,-0.772017601207142
-0.818379297,-0.421932359555864,-0.740203583972664,-0.66541255480415,-0.346437373118656
-0.351686923,-0.343700381360509,-0.353033510263474,-0.672150934828244,-0.753439626389327
-0.783696024,-0.3562088589653,-0.679358762294655,-0.660994713757787,-0.54909503794792
-0.689816359,-0.364228993283916,-0.537633152294659,-0.726251580665489,-0.704905239017663
-0.665484598,-0.460651813058645,-0.717819297041336,-0.694162276709791,-0.73645268102348
-0.797802123,-0.368968345670329,-0.720531162538976,-0.67042646729991,-0.665968010470843
-0.684850742,-0.427008843976813,-0.645307543919001,-0.629997436708684,-0.655283225580998
-0.516562966,-0.443124634487025,-0.613630924489963,-0.686312173839995,-0.659059479323184
-0.553723133,-0.334981850942961,-0.537815411514153,-0.684442793471714,-0.767178130172895
-1.057995751,-0.654994591507941,-0.987282977416944,-0.582213039598267,-0.579952274206927
-0.609200808,-0.406930184111348,-0.590338740655926,-0.75924777819151,-0.790627209575706
-0.542638199,-0.331840657455273,-0.560213668674543,-0.960562000098744,-0.792108647167335
-0.849718994,-0.472755532074795,-0.84066560750847,-0.963792702057067,-0.936552907937961
-1.379846106,-0.625916672786848,-1.10256084200946,-0.827922230778875,-0.867238614145754
-0.931483226,-0.423624542273756,-0.683421744776318,-0.889693489947348,-1.10123754372657
-0.947284015,-0.485717337826048,-0.749586265410758,-0.899561137542461,-0.837559309185633
-0.677744404,-0.464581741675079,-0.693728054039364,-0.974294549081,-0.853943483758993
-0.717320076,-0.458485775737819,-0.648065586377086,-0.909320951597505,-0.843214337049434
-0.963273663,-0.515288870459126,-0.807542217616864,-0.861775662481353,-0.854052217548305
-1.005418066,-0.416207889467345,-0.693098586921633,-0.848808868204598,-0.916155017056423
-0.88917391,-0.525939095554451,-0.652463959807456,-0.958447759633412,-0.997108208794781
-0.981063404,-0.477957813029321,-0.960032085411876,-0.978398621101803,-1.00833932857439
-1.178601729,-0.571008180525801,-1.0217471667385,-0.824397033635764,-0.851418404925758
-0.786648193,-0.420992483154707,-0.812737468361527,-0.766022380687486,-0.788852206861718
-0.392495288,-0.258299706327074,-0.460743920395136,-0.92061130111127,-0.743134581805242
-0.52368543,-0.405232497906888,-0.824394731545558,-0.824129232860655,-0.897825664607892
-1.503365156,-0.793953871542107,-1.15588903055784,-0.580483187421794,-0.450516205641971
-0.257659766,-0.190696818886536,-0.32109237498891,-0.714658209482239,-1.23744855217314
-1.165183776,-0.349966041685302,-0.850770095722779,-0.63328613329899,-0.642592800281624
-0.941825903,-0.577096137833373,-0.792025668572199,-0.800304097405599,-0.73482475480852
-0.373032714,-0.327660922506346,-0.387039970185798,-0.674014257464711,-0.808730058073887
-0.664655651,-0.383971084795839,-0.612367234939256,-0.693824367050099,-0.54323255383662
-0.647347434,-0.311876362679294,-0.587491788788812,-0.566897945100367,-0.5682050296287
-0.548167142,-0.369661533469376,-0.45373340551052,-0.426425119763729,-0.444246105991534
-0.191779141,-0.252509442583941,-0.381094866023988,-0.572493239091086,-0.54853195584281
-0.53567324,-0.351496951945703,-0.7072774071176,-0.508821778871679,-0.387049167432369
-0.489547769,-0.315182355201964,-0.516509481541493,-0.609287369598931,-0.615086263898972
-0.687456461,-0.362975448999254,-0.719859272640978,-0.601885599396166,-0.756394897266028
-1.052656129,-0.577400140025856,-1.14442793666247,-0.56669620995616,-0.755719782366949
-0.947617936,-0.556760259901641,-0.923587385538217,-0.721255405912085,-0.657169899583899
-0.165856802,-0.309885086412338,-0.283280979447983,-1.00503399245604,-1.07712406465501
-1.226062206,-0.580416135290074,-1.05346693808671,-0.82323092284874,-0.66716252568054
-1.101081824,-0.53421358644693,-0.950766296335237,-0.833666830059472,-0.923335320085131
-0.719247217,-0.453831801232409,-0.685027056586547,-0.953833301428816,-1.05096162751245
-0.992304681,-0.620394447820419,-0.793792542193819,-0.996643793816177,-0.92077256858905
-1.092351341,-0.753346287093361,-0.89823274683078,-0.968121565316076,-0.936302953621007
-0.869668665,-0.670083527529694,-0.761065287786494,-0.957416352612621,-1.11464419875582
-1.224475706,-0.865750295686765,-1.00135463672266,-0.955474429874171,-0.836361787863809
-0.694366194,-0.620974848085495,-0.612703354919615,-1.09549976776376,-1.19603588689904
-1.240398703,-0.927929443812743,-1.13189364082424,-0.968000021209178,-0.9228987092822
-1.107837017,-0.85389509614174,-1.0160622862815,-0.952172885967822,-1.04309524101091
-0.982844731,-0.711894820480374,-0.876021444518383,-0.82598204499684,-0.830040661794595
-0.509855044,-0.473732957022644,-0.488618095646216,-0.934520665616734,-0.866931940707721
-0.71565917,-0.483080464046695,-0.650418022200431,-0.780000933381995,-0.700334929851653
-0.822764989,-0.523330164240157,-0.712062673266655,-0.842132842192623,-0.739710292780245
-0.712584929,-0.45862999002394,-0.721226051267309,-0.766320498686089,-0.994636015086452
-1.332344836,-0.698863589100488,-1.23773291924209,-0.628069615350973,-0.539917626480961
-0.37251551,-0.429228587074382,-0.6925193982154,-0.78606317714318,-0.744014827303582
-0.173981922,-0.145061590632782,-0.155881715832045,-0.725858635947232,-0.58066710658349
-0.669354138,-0.265918643162821,-0.449267727686032,-0.657723702476607,-0.410065942941606
-0.558903777,-0.312063198519083,-0.563909489266923,-0.635120551467561,-0.707315114069336
-0.825764795,-0.458246930166287,-0.642373791862707,-0.610338077132239,-0.650326853578687
-0.641184871,-0.55828600398932,-0.730866060924404,-0.753390143654317,-1.02748736169818
-1.380447172,-0.742217911406847,-1.10419245182112,-0.840163705106877,-0.64770576769501
-0.543410975,-0.183065585519958,-0.332073798581422,-0.817804821815275,-1.20489569166292
-1.2196381,-0.689564313989482,-0.959829328031839,-0.858963035796674,-0.660367453775097
-0.625049192,-0.335580287442796,-0.45445639791642,-0.818385911491231,-1.02269312808982
-0.961802836,-0.557635765351679,-0.803548615651075,-0.759924948699914,-0.661316789880319
-0.512367563,-0.511498590114518,-0.523290882743135,-1.03416664677112,-1.08025740551449
-1.260928995,-0.775815860371122,-1.06359966277361,-0.730394752711728,-0.839878426855202
-1.204240828,-0.584476750394191,-0.911637986173804,-0.811934795623327,-0.852865466762497
-0.531368214,-0.365567741844374,-0.559570652928694,-0.86215211756791,-0.919096551811341
-0.632853856,-0.338569792819957,-0.820403580380907,-0.87092303171835,-0.658885904026671
-0.784973415,-0.304511564316042,-0.639516239630204,-0.431225180022607,-0.380658383385948
-0.211228671,0.00688394938029765,0.0562958771667069,-0.372741793875274,-0.211743460819738
0.460008552,0.225274991062194,0.446979491822996,-0.524468459737083,-0.321649010511922
-0.286327613,0.0930988478043865,-0.221078487440692,-0.475348245183155,-0.18011382814679
-0.665232692,-0.35233319391399,-0.58725048114551,-0.397861529392019,-0.568401700497011
-1.01594419,-0.471817859183646,-0.777166088601648,-0.375817668340768,-0.570312148747557
-0.562964469,-0.407688162787561,-0.539487532462451,-0.498847180162628,-0.702902983632663
-0.544304761,-0.255717194793926,-0.512479448417634,-0.521568144523505,-0.278814165743137
0.20844728,0.162617363976132,0.0934868435662799,-0.811898245189174,-0.655780423734052
-0.65847926,-0.518131175283404,-0.885510575087684,-0.643173718808008,-0.606359428015636
-1.431346033,-0.597018186420597,-1.11979731442571,-0.341707693128921,-0.572447851238475
-0.698597676,-0.277468907247556,-0.64258819532951,-0.307316992965001,-0.667477700423925
-0.07613293,0.205919148583532,-0.027077716698946,-0.659528819885833,-0.300178062422094
0.512121319,0.189913114080122,0.265331569668156,-0.929081935002719,-0.915157588102836
-1.71602467,-0.676466786465209,-1.08975791355878,-0.656236363448585,-0.424923164623626
-1.331390744,-0.867832252947564,-1.18329636491733,-0.741430900143562,-1.11876068495882
-0.884710374,-0.448195458161164,-0.851164815660283,-0.638889643027216,-0.963973404937406
-0.663128537,-0.46559119680702,-0.705911866880152,-0.842408467913098,-0.553010554848978
-0.052193268,-0.302836613226255,-0.476692746226096,-0.81480509119775,-0.714367569444839
-0.727360887,-0.41454195190538,-0.985555448167081,-0.596902118524405,-0.421269719365267
-0.725907775,-0.301202314970975,-0.621635471042748,-0.41173902741675,-0.570857505970811
-0.681607311,-0.00506776124871585,-0.675693252708285,-0.137879231451887,-0.0952226090457973
0.331710871,0.232052876669844,0.0830111872486134,-0.427750337537825,0.459004067302743
2.074413107,0.83263055057096,1.23837898461297,-0.694182926183035,-0.440766673046698
-1.05215225,-0.308613349752038,-0.932718310890417,-0.529651408722515,0.34082620854533
-1.17442024,-0.266857673439416,-0.866789044126248,-0.423639876908031,-0.680510241153981
-0.789583824,-0.258702513441733,-0.759621760249276,-0.614008192298948,-0.759585079056412
-0.399908124,-0.421554847462867,-0.505324533650209,-0.896864218920795,-0.707654013160298
-0.482511037,-0.395921693907208,-0.49343207255904,-0.786932278334261,-0.799998511100069
-1.280127092,-0.752982826286559,-1.15563602505463,-0.545968681990566,-0.394846957664021
-0.271212932,-0.121535983775525,-0.184819471289607,-0.707290495264461,-0.848787884183859
-0.643920383,-0.356993605238335,-0.505053270525477,-0.724330514801919,-0.114252183923152
0.2271816,-0.242065028258344,0.0576649752168817,-0.775324114285022,-0.607996863778346
