630
-0.292524703,-0.286832528135237,0.217554427140555,-1.64389184082405,-2.06242758554309
-2.379924978,-0.331358965111819,-0.750730155075033,0.405658250420367,-0.276538840954268
-0.548707115,-0.661894509383078,-0.987374316128497,-0.696048050638637,-0.355565442901502
1.912549807,0.283885405841559,1.58530671757058,-0.788351104454255,-1.28564492592274
-2.07380321,-0.382370221977376,-1.1072340012935,-0.562555923596212,0.659447962759877
-0.006677905,0.126386178150652,0.21771591500936,0.230412225362755,-1.38537977043532
-1.622698756,-0.245817321033838,-0.920839355832431,0.0226049940226328,0.365654712677061
1.521856,0.48090975176676,1.45579185947963,-0.51605104500905,-1.79453280688181
-2.706645689,-1.06561554957326,-2.09658584238252,0.172692322010645,0.962308572811395
0.90532875,0.324402460465141,0.822824361381494,0.0334785495369135,-0.824568009674476
0.477656892,0.220434295922576,0.604521908466727,0.856342787357906,0.503081440283656
0.454913136,0.48612992757146,0.507096615528556,0.562671697173423,0.805314799708505
1.260667453,0.269322395188045,1.22946789651011,0.374206512103508,0.447896530629683
0.68319068,0.337504353807029,0.622217989721996,0.383886996688274,0.0943372674262276
-1.238377649,-0.266665653079944,-0.527108358649012,0.744274577968779,0.713314847523462
0.655723065,0.0574651325489021,0.746400040241477,0.712438401910702,-0.0789593031414799
0.686200405,0.216622744297706,0.520517094160682,0.47088786803253,0.87069816762089
1.428851539,0.639976672167191,1.46470301698642,0.415144747417953,0.69104874031106
0.737862173,0.134885254270853,0.370388561330991,0.832700781169562,1.01976476679013
0.733028217,0.413656740659942,0.665629674325222,0.694345202610026,0.76232869625791
0.751390103,0.349958811637269,0.727501815972745,0.728541166911254,0.580168166145576
0.321571927,0.322687998321524,0.505619318863244,0.886224631080452,0.842848645586954
0.841925263,0.563528176841959,1.09233335532612,0.875199838090656,0.924192998723639
1.47949457,0.370070657919125,1.07818578649046,0.724060902174758,1.0691434991382
1.580869069,0.164015204884053,1.0088620608346,0.701892550740721,0.756584145728593
0.016866908,0.351263140203015,0.316127281195977,1.11773228028316,1.19206850939998
0.850885539,0.28090956902747,1.0131748502142,0.755560022265158,0.493312207532775
1.073061585,0.105100819502521,1.02540535729868,0.308966798166075,-0.194387716371486
-1.263650589,-0.218142812574477,-0.51146050536548,0.059545721098513,0.263535970903281
-0.477555654,-0.281335268986473,-0.0524716478844206,0.136379898744998,-0.77063991049541
-0.689523415,-0.277760916667367,-0.5235060496829,-0.428984442648653,-0.388199132687128
-0.169046834,-0.420339046932013,0.259274048590628,-0.363246810149478,-0.62934068988546
-0.758579018,-0.206559208132251,-0.481420059059984,-0.246131551250362,0.0575965420235153
0.448642823,-0.166844614515366,0.613385618724811,-0.415265889239577,-0.415125175665452
-0.018169082,-0.0495164843403096,0.356969934022539,-0.440961629363158,-0.304911978186017
-0.910101656,-0.170626412035585,-0.464742629459221,-0.667085824598308,-0.371663747029875
1.610210727,0.966012032691488,1.41297168797441,1.47988605471738,1.2380152616704
0.888573247,0.692262300400694,0.762751386262601,1.48137301986789,1.48959350843424
1.367100996,0.989136877632023,1.06793221457993,1.47085915768588,1.23548283281353
1.416433292,1.04640901709462,1.51639173815184,1.40886157538159,1.56379600666192
2.067086855,0.709642780803938,1.77409686412516,1.12385098492527,0.897899419498573
0.323737001,0.295053945981986,0.244020556855737,1.30954000857295,1.38367498447773
0.764691072,0.788314946437185,1.42501351465372,1.4389111886017,0.785997683658197
0.815089562,0.325040410626091,0.684016509308231,1.4039045373943,1.39754232286143
2.265806392,0.673131943565427,1.6828061296155,0.841302178509842,0.846584040710949
0.839424146,0.600941587585176,1.12379662974237,1.39709798302518,1.61179575606842
1.115425097,0.587665405144607,1.18017699185592,1.28201049533503,1.27362639765435
1.817613872,0.75646457057075,1.68158750707666,1.06540849975858,0.490183600040335
-0.197510393,-0.30630819735412,-0.116371504983612,1.00349373702301,1.01187281185849
0.143735659,0.19081497423714,0.157031447430184,1.0328994516591,0.682428245753864
1.283674492,0.826769070058032,1.34796538000291,1.2587692756237,0.684751742083856
1.199637439,0.550064048922574,1.20856220367775,1.09274629149578,1.27064325792347
1.672630452,0.809032357002206,1.55141569415414,1.12195354308765,0.620243082044716
-0.201110008,0.0736637719495154,0.0399063611631881,1.32108016967306,1.5503099439361
1.594400684,0.766414022822386,1.24938980977903,1.10335437005996,0.519996370436088
0.938580365,0.688477563415935,0.795290621862568,1.27308369099149,1.26017603668898
1.03929959,0.715711116562188,0.964364082272148,1.27922071800021,1.40557086964458
1.842253465,1.14275332911712,1.59852160022612,1.31905476610569,1.32545503836995
1.733634307,0.927806210498432,1.41320540599014,1.16022818786965,1.33878382443285
0.927147623,0.635703868517511,0.688898815176003,1.31743548138222,1.42750445911817
1.095136982,0.920001542139684,1.21933264746156,1.44598744105135,1.16495300851579
1.285879825,0.930308355399635,1.26807723905789,1.23111261686624,1.17460013373359
1.31427107,0.854328133695848,1.30052878257929,1.0486699698027,1.1083520864255
1.00443344,0.677079391314255,0.947350090772352,1.19699189161314,1.00859668453405
0.52839646,0.426797983995323,0.394489376648088,1.4746675955869,1.40002384719581
1.635382335,1.12398075628994,1.44205573690021,1.5073804043175,1.50462197435052
2.471263592,1.28829942247569,2.18037698936574,1.48131050225026,1.74731503815859
2.103405744,1.20136601057343,1.7090599065929,1.62703107917613,1.9134370030206
1.544335999,0.83245947861881,1.14963988543833,1.65520390753421,1.70601873573574
1.266404722,0.813792161178216,1.13613954053328,1.54518065587842,1.48038010649662
1.373226335,0.848608401374322,1.08439136500447,1.3659364710622,1.19501255482105
0.995971491,0.851588005446748,0.973580138732003,1.39829256311686,1.42121664152565
1.564341749,0.866603190324705,1.3524859913197,1.10202300618468,1.01634360284422
1.177291293,0.550516851022207,0.988143129659505,0.99695770869294,0.679386821318854
-0.093853459,0.0805706732233543,-0.133943175421682,-0.0982206066803513,0.449549460431814
0.465177232,0.0112185127732552,0.438196321159558,-0.370269976763046,-2.34812150421001
-5.714902874,0.319782383589531,1.87432252357013,0.86631442738008,0.399076509575369
0.190855441,0.111457701787131,0.372236772273003,-0.342694914180072,-1.64808466560635
1.506936733,0.223376178086702,1.46569555892212,-1.04257245964299,0.4527288698109
1.448854191,0.16662482379381,1.24237628972675,-1.00231995365726,1.36970159927236
1.801193081,0.528530884317364,1.12004364504452,0.729787405898163,0.742512305168849
-0.0278158,0.237813968290522,-0.0370014720706382,1.41738372552287,1.1962933395519
0.440612725,0.504858994876007,0.579103218627552,1.55371361850971,1.03666047084796
1.784486022,0.933851953778169,1.77735027864722,1.60989805962424,1.26612628013891
2.218719984,0.815805603754845,1.6670771481455,1.19353199941243,1.57590973321446
1.78416998,0.769610343278449,1.57180787696831,1.26765599259426,1.25079106079275
0.370277529,0.603799350763454,0.979774917604273,1.57716052760209,1.13130576922142
0.362344187,0.284625487219569,0.189752640331144,1.21563137590189,0.694037218124598
0.740397439,0.467553689554782,0.752563203251415,0.91851361416954,0.760657405924482
1.211939645,0.504430305932845,1.12368116247003,0.599211281235356,0.659874680845554
0.614830922,0.322412256672843,0.455871043427048,0.76451578754064,0.928013343094389
0.680279191,0.503707437360998,0.668941976688727,0.833968728398379,0.827726895406432
1.020820715,0.60003106196348,1.01854309819614,0.804462375956136,0.658580164986899
0.610702422,0.245669061799268,0.801894196282797,0.750495675883427,0.871655101968598
0.791909638,0.293946463213086,0.476732390824569,0.846016840269345,0.666133904483719
0.541763138,0.651750532877574,0.827706071391292,1.11877993085574,1.07697226134667
1.345438519,0.556524343621269,1.21038026655419,1.0799246467344,1.07977151560046
1.597180651,0.71191186731793,1.18293959627505,1.1232525945332,1.36671600745181
1.578399744,0.675385443708978,1.1316263737344,1.06886129875732,1.30987506255639
1.169147575,0.514762907571321,0.884639834089334,0.970882282574702,1.06592660538801
0.580342261,0.422289778453253,0.650149363270384,1.10320051498433,0.833529330267146
0.317615518,0.519517289606846,0.929039716346973,1.0773716390072,0.896786745742353
1.10176646,0.403047479100335,0.909689831949462,0.8802008721611,0.783498965948377
1.171830471,0.361745403667349,1.08266145192362,1.13824695628748,1.16068197689225
1.312236735,0.593862054757102,1.22472126749912,1.05519659880448,1.28491419781517
1.504899727,0.632457513785574,1.26617453903212,1.15578864880341,1.12949634841368
0.949783064,0.707713758919715,0.743392893741577,1.23416969288427,1.28462046717495
1.080283448,0.737713795160457,0.76558335745549,1.19182583416217,1.10973436767447
1.204609427,0.840485797330191,1.20258978497519,1.16090297374592,1.09392608188139
1.119000682,0.736698780119974,1.08565897021814,1.07907053679764,1.13988439678673
1.113936163,0.634457236770565,0.98100643214456,1.06301363165045,1.05790106392535
1.015846816,0.57648088139378,0.904449495969697,0.98457863605074,0.969522465918545
0.856854433,0.57407792507703,0.712676947288153,0.954902003046441,0.830900168062857
0.544256962,0.522298125252467,0.644270829427643,0.968010896236144,1.0023022671067
1.348278795,0.600667096562399,1.28871641783267,0.668779057786109,0.216139527100911
-0.290565081,-0.0102588157896065,-0.510500520257679,0.930634035533364,0.898749796962743
0.376782145,0.274097154130054,0.33095106791611,0.666663978324033,0.775521064886681
1.87821015,0.581357678539521,1.5292435468592,0.639874224355317,0.209608279322475
-0.025447006,0.212104577035549,0.0848642608731031,0.721241094958476,1.25480025086868
0.851712979,0.497368978672686,0.946199072781383,0.874712737065781,0.587245720095356
1.067063266,0.567903063519439,1.06980727897523,0.803369481171827,0.520930432356347
0.257232036,0.341836745531994,0.54065480330297,0.732653219599984,0.729172596413293
0.330214878,0.349918673322919,0.261508208774391,0.826580980232298,0.709113285972046
1.099420965,0.388648078465162,0.788572142593918,0.606174276327684,0.541326136651779
0.784657501,0.303008005723796,0.47121477015757,0.704931603498776,0.756956313216065
0.387022689,0.391467170114284,0.573488904297586,0.99593972370486,1.07378325039886
1.389752768,0.548899681368466,1.15100263973317,0.801861548384025,0.730626524934452
1.060944339,0.520099487212001,1.15109361489153,0.864551502554208,0.985667161703381
0.751704035,0.420309254297806,0.731201297297122,0.845557411344039,0.822497714372522
0.535583603,0.108493487617941,0.475585452718693,0.919079003751778,0.736282949301991
0.657325361,0.290925193022504,0.401192840045707,0.886713383149848,0.659478886737354
0.629444279,0.410990506989991,1.01929424234395,0.941157891529372,1.01722836234546
1.474138986,0.444513243508116,1.32172677839262,0.678190539483188,0.770264929821749
0.990796196,0.297469204014736,1.15888954879157,0.781282799413279,0.895877341317337
0.446988139,0.362629858036335,0.700207717451769,0.925582949583387,0.735838050289978
0.264229674,0.229299804443612,0.435388459039063,0.992099044350326,0.944311899972708
1.439663141,0.356419444800391,1.33982717648941,0.700031778502303,0.580370525261028
0.85763146,0.486114846951025,1.12019296641227,0.84432340120825,1.05711306159275
0.678524446,0.574699223466859,0.991860311654096,1.30565181854804,1.35292420608684
1.811645077,0.734856952040369,1.59347310542453,1.32070097220207,1.17913749622843
1.619404245,0.627287648963616,1.41639582545259,1.20023009289579,1.71423004883442
1.919393533,0.97397623300037,1.24902313235302,1.22509800834488,1.3109850106246
0.997862891,0.639992680781197,1.06897780385281,1.50397413621425,1.43807900814645
0.914977907,0.714802525648823,0.819673893987477,1.55938177824602,1.30930950763474
1.377964383,0.800490151982283,1.27313138793662,1.39174562052366,1.53321310325632
2.276532933,1.01976379967129,1.61709913397049,1.18609794134674,1.27047532335403
1.181539784,0.56858753602169,0.95347053524054,1.41954797405735,1.81039454884835
1.552059805,0.91036238152018,0.889940299270659,1.48827378015147,1.22680245450853
1.107790472,0.609335995204166,0.845386819951419,1.50121551269968,1.38528163912518
1.256148158,0.435124981093078,1.06460920271594,1.14548990836455,1.20100320238563
1.288685213,0.750369577348005,1.24952396010005,1.16809655450824,1.07927012488523
0.855919398,0.569501578660055,0.744854782487055,1.17771757014321,1.26730060972861
1.305338909,0.754252753098138,1.01135379397691,0.986553120390302,0.937282290098706
0.982609973,0.72028955228492,0.806956851882468,1.11329510320304,1.02250060708167
0.692857548,0.453646474615506,0.572903446149387,1.15212581573046,1.20650530421337
1.423522474,0.666210084050215,1.14636063828949,1.02439469155355,0.973516914663627
1.311968374,0.683724922489021,0.970841295607892,1.11198031909897,0.959383292269614
0.388806532,0.420596602847519,0.360126829924707,1.23134160844876,1.54666949224214
1.898469247,0.8725653572283,1.56273077955424,1.30074519239834,0.817190393457353
0.973810611,0.811562403727194,0.857173658339519,1.38457494716403,1.77718039299462
1.979798532,0.973075768171053,1.60110829824714,1.18042319126804,1.13627062905209
1.25016638,0.82606051823911,1.29967691914322,1.43300795843589,1.3499645746266
1.140123807,0.69925034439828,1.05044371871455,1.14570448675008,0.288852102142885
-1.12399684,-0.488369280322046,-1.26309496163656,1.41623700973409,1.2312062302337
1.256170572,0.555461190748015,1.06764782544852,1.11685749741381,0.358514922208242
1.506432632,0.794971320221949,1.20912122737696,1.13874335940064,1.19742478105466
1.405650893,0.602931299731191,1.22640272867328,1.20156792557095,1.54264040962277
1.74178098,0.636008951974061,1.38135141195505,1.24540705843112,1.30978532778606
1.289449327,0.477384534405151,0.985083441423459,1.30052998197057,1.22999380704471
0.697183044,0.254583714943808,0.232115455082963,1.48822242993852,1.26034100574968
1.041111325,0.888569852158192,1.27865633019594,1.49852327869142,1.35009817825853
2.012158034,0.685768298438788,1.68595460056058,1.04724983653907,1.15116228338023
1.397839952,0.404297947405888,1.25921884052711,1.17295741700197,1.29710340315006
0.688188926,0.472902003412631,1.19728137080227,1.3296820371392,1.22790871345188
1.007848528,0.624623466406024,1.17428865789558,1.15812373150506,0.842040792825774
0.875812986,0.358245867445138,1.11803727834228,1.06504949197251,0.937507528108742
0.828023929,0.493014507921942,1.05360566162372,1.02270572681454,1.09114405048732
1.312885074,0.519564368684689,1.31733189064383,1.04259847210111,1.00297196722978
1.187426366,0.49049817981711,1.06418920268532,1.09237125856022,1.15155461911717
1.091897536,0.363060933756835,1.24200979279804,1.10527887444261,1.04256068810864
1.041493906,0.31246424988384,0.882033741725449,1.12043277810389,0.567633004182953
-0.177466046,-0.266535867474604,-3.33859670565889,1.144428939884,1.12155893318965
1.197844521,-0.506369909026999,-3.07766073609007,0.856302065763768,0.581894464428287
1.222367361,0.179968516758102,-1.94920280386999,0.480053616557448,0.902688933611202
0.969763245,0.15111872744463,1.0182106979831,0.668430613504751,0.468994650078759
-0.534457027,-0.579169774376087,-1.05829540734892,1.17232614017085,1.16987535866971
1.383683908,0.405143771975094,1.29994148816595,0.746465660546455,0.383174185504497
1.155615839,0.409637894485217,1.02146632040974,0.928863663314268,0.858404032426416
0.474812962,0.0859350551422112,0.269794226465957,1.00090592239521,1.18442116917777
1.214316852,0.353380739163149,1.07258427942283,1.08559235857654,0.903987145818474
1.250013678,-0.0830798363456681,-2.53547925791135,0.795329683316927,1.12309633086473
1.33439515,0.325796634068956,1.23985788375384,0.581702675273504,0.592938758843737
-0.070102596,-0.115201254607775,-0.15881392467507,0.663182313463941,0.709806833745475
0.040683878,0.0577311122704316,0.25224089590415,0.629485987098094,0.290062048208797
0.313542773,0.240476616420076,0.533794048756413,0.801185264849012,0.612458334688993
1.157648267,0.481586513811681,1.19710457670894,0.736741917127364,0.756087951376456
1.258517986,0.380630887107079,1.21071176434736,0.802400707470998,1.07147439630351
1.165762735,0.410009160004433,0.974184883199933,0.783577125002861,1.03467068815475
0.958646994,0.458665757934283,0.84373586272803,1.01631552420555,0.690420303493029
0.102753742,0.203252537397623,0.137760932286447,0.987041647554152,0.892101265198713
0.774680218,0.3337928263354,0.757263905190162,1.01019986005422,0.566559770617035
0.798970497,0.352504278386701,0.787993219432597,0.938886512174294,1.07349146306058
1.631115488,0.429963885112363,1.43019735432885,0.500991643497592,0.613256030564786
0.574916865,0.1796035190206,0.693930173422508,0.560060798892107,0.600833284663861
-0.311477239,0.010303718806959,0.266424482747505,0.629538210311458,0.232126987797403
-0.307440869,-0.000334848527324044,-0.494855511007848,0.172942204045954,-0.0410467632713804
0.254579345,0.0138578091883041,0.966182079964956,-0.0319247440725195,-0.61205708262055
-1.187877846,-0.474742377885836,-1.30964405683937,0.049293810206678,0.322306980024267
0.531291559,0.0686494540561142,0.718386612141049,-0.176718004232809,-0.427520834916388
0.197911508,0.19491466966064,0.231731852619859,-0.0522659061990032,0.0208057839911487
-0.280615123,-0.145486865696837,-0.0864832280828793,-0.13213112391915,0.0272612684293836
-0.058154642,-0.184394545615835,-0.0480533901255528,-0.279851039202139,-0.46966825094057
-0.745620413,-0.150384634357702,-0.0487895221575756,0.010844643365223,-0.370391588879934
-0.94959358,-0.118956106124929,-0.793517278039309,-0.155904627120381,0.166327659563043
1.240703615,0.100615966859025,0.99699714475345,-0.5381127760053,-0.706196822700889
-0.525587757,-0.22023115305823,0.053413025256199,-0.123907932991076,0.25435059016525
-0.485584695,-0.339951998078808,-0.73384013217661,-0.413269788021837,-0.14640118711703
0.219902546,-0.197938580378598,0.45778546550802,-0.243311855563438,-0.798855294979022
-1.248305968,-0.535437439000038,-1.02898951392881,-0.43390261113028,-0.199223683504415
-0.455724896,-0.300782729536362,-0.267738489861635,-0.490491165231284,-0.952732386024006
-0.98565153,-0.37375204238673,-0.729838077902253,-0.267937275110074,-0.353075083577722
-0.255821727,-0.238538966841754,-0.000998566694304384,-0.363739196749156,-0.275264933040787
0.54884954,0.0816252432872231,0.659605920341323,-0.606902611016219,-0.504033014399852
-0.386221569,-0.307905259606169,-0.197648585916251,-0.772681043945281,-0.874880170449562
-2.334546104,-1.05987557692847,-2.10859502346598,-0.238393666253922,-0.728126997681829
-1.403517748,-0.488065619675817,-0.422065159160567,-0.770384121793713,-1.0020812462513
0.623502035,0.157203659723057,1.02050678115889,-1.53694823505806,-2.44842418312778
-3.884813515,-0.686658482740481,-2.24880722632221,-0.773708825936035,-0.173326284115702
-0.707429346,-0.255614173503504,0.0409996197370179,-1.01187603876959,-1.7975380795842
-0.225507167,-0.474466899224003,-0.120200857622177,-1.32363788808846,-1.03444420592053
-0.530034161,-0.169657454695149,-0.481986526173922,-1.2816121246356,-1.93913013969623
-4.154305681,-1.20480433990082,-2.46867827008311,-0.172723588589054,-0.224663990176574
-0.029734183,-0.00288028974587655,-0.379010418732797,-0.48042791593015,-1.53765036806547
0.684074514,-0.0609575333353313,0.706152948491153,-0.174684919119492,-0.449095728497532
-0.434452192,0.0917800320504608,0.864718995618122,-0.2305057674493,0.372532102093252
0.323589561,-0.0358709442749868,0.490946054524952,0.333475925434396,-0.236253505570933
-0.398916925,-0.286629516893428,0.097433141155075,0.39611696604667,0.653429604200254
1.326908634,0.289310466425043,1.26958141700956,0.128991927474376,-0.325470481175953
-0.552079662,0.0419333858242045,-0.495811626080097,0.357604753402248,0.949936743500951
0.979519535,0.177117145598481,1.20573219511013,0.177789693541744,-0.204121024076381
-0.104096892,0.171419791028635,0.377877722354788,0.342955968659209,0.350661181852601
-0.058897227,-0.147002468738428,-0.0238779748779182,0.123032407991495,-0.102703858844127
-0.399182995,-0.0595749473244256,-0.775436540906814,0.0736245174592838,0.325382433927208
1.009539851,0.253022004621039,1.19494189370386,-0.437639468108316,-0.711954102278038
-1.176434769,-0.335992931372424,-0.957852803228972,-0.000627220574864251,0.144428329051968
-0.646966404,-0.402934245201375,-0.637509490679351,-0.126029904445123,-0.331026111809131
0.161803004,0.10585678238797,0.566803869397089,0.348838544924082,-0.0754802300538436
0.291762232,-0.225159991641481,0.127422852654126,0.3095679317353,0.960486754695664
2.229969253,0.156697157611914,1.76460680129801,0.0662971123877866,0.0933824715558041
-0.140356374,-0.300790247589833,-0.0152411088312381,0.769067289363009,1.14307360868387
0.282704819,0.17016307207914,0.416434056833884,0.711605714942731,0.459714391901618
0.895302658,0.28640399866977,0.814471699731738,0.48929098588086,0.0915904342394871
0.01095248,0.194702492500853,0.437070261201421,0.542525979125108,0.0935349081969174
-1.067450381,-0.40801553926003,-0.873417784590293,0.603821482854215,1.04308220345674
2.255099481,0.792402744882769,1.82497304741937,0.170402718308934,-0.311977663746891
0.272004413,0.0923482485719515,0.570858755156499,0.255410932358617,1.00174574388154
0.208556197,-0.0145664405815866,0.309987966512172,0.163212006492065,0.390922812349427
0.400382312,0.251658993780491,0.577836834115552,0.0863800577771888,-0.064916753798123
-0.16436795,-0.258002529936991,0.0302041272379692,-0.0839825165142255,-0.618144383810194
-1.917876533,-0.515941382976097,-0.708833949841627,0.170646360294231,0.0114903346457409
0.067691215,-0.1482604533332,0.167837988883173,-0.153331626541069,-0.660208113120999
0.401510645,-0.0485977036229504,0.435011626909078,-0.298767870643478,-0.15700684704597
-0.122314473,-0.0203247414689477,-0.012070919612687,-0.132453973607935,0.086034498003464
-0.200806056,0.116913190515851,0.131041834381475,0.145041591761179,0.0710202710984082
0.206306291,0.158694742990779,0.25857822752489,0.170668811992898,-0.0102318909507441
0.053396172,-0.0248036099775047,0.172102019143407,0.1506907579494,0.452118569750788
0.879264684,0.196690328950294,0.680755109997173,0.187297286746216,0.0612172281944337
-0.099034452,0.0998617920974953,0.145180114110448,0.558623952841053,0.841646753355757
0.888430917,0.317068760887716,0.628401335189546,0.335347005886496,0.583285888835207
1.446797973,0.254737074201212,1.26184236292663,0.251794845595963,0.0704178844575153
-0.745111289,-0.274320455343148,-0.866948700533185,0.267516418288463,0.720683959548459
0.289929284,0.0724537269006602,0.555368772652136,0.325572572742917,-0.712109949247122
-1.275180139,-0.196197844040326,0.417155307709329,0.150944388417027,0.396422579348107
0.851200639,0.0321712964786576,0.444832621447244,-0.261934789498884,-0.903202407261634
-1.040304155,-0.101469538062136,-0.800834866344642,0.330005412500031,0.7308294803452
0.940361229,0.235430329674389,0.784733613008148,0.420325004324941,-0.0749837335482492
0.589815251,0.338501734008573,0.850997985785701,0.592553119347737,0.8335927813381
1.423300292,0.458149179815238,1.2264314060807,0.0297115089353064,-0.438604294514592
-1.426618481,-0.414070748128124,-1.27993706734528,0.428167632006259,-0.242099159797368
-2.448313105,-0.942260300431161,-2.01496779466984,-0.285553771901428,0.479481403738114
2.660888659,0.987927696398137,2.28769764275184,-0.000873004691355539,-2.06751418924575
-2.500349367,-1.07139328080107,-1.88609807503474,-0.0642262143108475,1.71095170036685
1.605057757,0.715064538279965,1.63547238851738,0.581160742937405,-0.483036710530446
1.12231392,0.597791655865989,1.34820795409059,1.16701484184384,0.265738722208013
-0.842405762,-0.363279299772861,-1.07304255985211,0.0625928900636278,1.08796595009735
1.238208903,0.185267462168897,1.15106926733491,0.703181762214194,-0.254417130176837
0.371989428,-0.103646156086949,0.516062941535314,0.526855056745614,-0.437589405641145
-2.254764214,-0.628749032684551,-0.984480420657946,0.47324450981988,0.46868046764293
0.48302145,0.0259209708276324,0.581980125999519,0.401630020479967,-0.707715715158242
0.522282232,-0.118285697129348,0.59328527138289,-0.0915759806424395,0.0271897070328736
0.094645732,-0.393343341277827,-0.104633605523479,-0.415816819374427,-0.299714659938065
-1.096487937,-0.170728808497038,-0.590727171038384,-0.0162866919864575,-0.362839798721925
-0.920181737,-0.337307840813684,-0.0704626364986961,-0.189056110347534,-0.766481921045893
-0.806810139,-0.325775525122323,-0.5435609982978,-0.466832816822814,-0.250679064958318
0.585457351,0.0128755870488264,0.837050387244725,-0.639710838104659,-0.680833959737404
-0.692281968,0.0911259323095158,-0.507468469470112,-0.274801051519632,0.355312512821895
0.506681093,0.0734117524431276,0.500210205232818,-0.171836842107173,-0.579944465135766
-0.871278724,-0.479214704459696,-0.787288399181787,-0.333938797790804,0.552974538447214
1.293922311,0.438206557662278,0.949484889222895,-0.708663499934418,-1.49326521822045
-2.76440148,-0.476810918140776,-1.71750381271874,0.33613758101378,0.670240480895843
0.225710348,0.215386445447029,0.190987356727242,0.515745206485987,-0.594155245631168
0.856004799,0.474133577285049,0.939698476824405,0.717221337661734,0.879429059907973
1.906977803,0.820458292975817,1.37490074466726,1.02517625856229,1.27366728848693
1.650953397,0.387999635919035,1.1913230049031,1.06769355603565,2.3205224926131
3.428879342,1.09116199626699,2.29434575036712,1.12922504109746,0.827992775865894
-0.23554778,0.316822817580112,-0.176648351852309,1.9119139619223,2.22808380424069
1.249915984,0.691880180967038,1.2313635255248,1.54090479050403,0.901794421949355
1.668095382,0.758202733534567,1.40080814489914,1.14301473925045,0.922552535496382
1.098262948,0.777235905451571,1.04577167671475,0.49686673298013,0.151538673457412
-1.442997371,-0.381755940512695,-1.48593120750236,0.687260891897492,0.406640237087429
-0.497193493,0.166304300167922,-0.0440903309340297,0.470227967550928,-0.309031265262611
0.43213454,0.309477851455662,1.26293400385458,0.367647027716968,-0.070620223068563
0.377460826,0.145026245196454,0.622293146604056,0.366192272284614,0.53427759439969
0.835018738,0.134292730905158,0.869587534250084,0.394014910145667,0.443396297714583
0.491643724,0.201972021866695,0.83888661917726,0.661605579419949,0.736020936022646
0.688408912,0.38082419477136,0.857252686688896,0.644122022443491,0.675633493204162
0.82563416,0.321411431663904,0.606378588043466,0.768009891703899,0.721832485914199
0.687585866,0.420662404386255,0.542104392341612,0.911967432957045,1.04798467399253
1.232034185,0.664578290925622,1.17876190973207,1.12777351133155,1.17610207171431
1.673640568,0.650912943381666,1.45916705723295,1.15365697143694,1.32618984778047
1.713871454,0.583802680179055,1.42921792044181,1.30366191009016,0.939769024003278
0.063389333,0.054048112871231,0.193362128306808,1.37719598325902,1.61507119221073
1.651291371,0.53615602046908,1.39402464079845,1.38452248276145,0.588358930794776
0.722922879,0.534212300676947,0.607507782739791,1.3387594373895,1.57147260827942
1.807128911,0.688511368104643,1.69811034684466,0.878194198799205,0.938832772282176
1.09442923,0.249748384798659,0.586701127410476,1.02224421624492,1.2150774753294
0.825967232,0.177144714268607,0.371373403649686,0.934960398788009,0.81373174991226
0.456585841,0.13046963180134,0.575053858452216,0.954825292781592,0.639377247453225
0.492156475,0.304059562874639,0.615397336908468,0.430496715373883,0.198310891412927
-0.162815341,-0.059713892482774,-0.478115023045117,0.494623274089648,0.298950812585222
0.013049616,0.11092871855967,-0.148505507501039,0.28073050097568,0.269776150363581
0.707172478,0.213070459954593,0.790475887250185,0.440878116250984,0.00916720296654999
-0.354635324,0.0274614914880716,0.191089254527776,0.914046122080841,1.36209100089476
2.274009806,0.769522559542064,2.06335853569802,0.466319902036643,0.527299037350479
1.386891175,0.63208056794205,1.55149256184728,0.742766316711236,1.24061415009316
0.539350797,0.168070952971868,0.334787895585324,0.890351982044939,1.13704812063705
0.823279862,0.522559526314478,0.847673500801689,1.04265020214132,0.706269784677185
0.711968125,0.36935335026702,0.868300658452542,0.819451834315352,0.831638796180989
0.898964934,0.414955606586048,0.925101428273332,0.781653378158661,0.687884141024025
0.56667299,0.502653103427933,0.591632678640802,0.895020175455785,0.998655331868915
1.152002435,0.725006819722933,0.973366458633813,0.783994054809304,0.790427332669622
1.033566311,0.195894598995607,0.559716735957628,0.530830526729699,0.834703866798649
0.773466988,0.376952384614933,0.982385093876819,0.786506988138616,0.322512455685912
-0.66866054,0.134805932545583,-0.386894748602481,1.04645430362671,0.9877835682504
1.202535203,0.308460849867031,1.00198018352257,0.568263130640063,0.243762635630341
0.985886681,0.0292429330722342,0.345889465442535,0.626357665591217,0.797066910410624
0.509367755,0.103742948864053,0.643547211644688,0.971036117956041,1.17754858384153
1.308929451,0.583381625098874,1.03311522904106,1.31075861841533,1.16090707560798
1.844758883,0.32326929075802,1.12708121995369,0.667141070167182,1.17852450328444
1.495571887,0.582051225696654,1.41562359433741,1.20723771418488,0.494606394356174
-1.310187839,0.0559616085283895,-0.257746748493299,1.74092567551724,1.94973729009791
2.497954983,0.893436221844123,1.78250294170466,1.11612546815354,0.366864644155437
1.678929733,0.761254686920963,1.4833342957743,1.22487932383669,1.63019442042234
1.258388263,0.597122973222684,1.06827111279042,1.32194547476747,1.52919666121666
1.319037904,0.870060706377056,1.09432433839307,1.54543091399112,1.36873693177518
1.489374415,0.658555439381882,0.932250282249461,1.36135695687049,1.13706454104927
0.833363286,0.450170305772025,0.180717923200988,1.37846568768248,1.54988620528288
1.831001835,0.559397653533548,1.4741652338708,1.02019934665086,0.72795253611674
0.66561952,0.361818446794976,0.880760871893194,1.04244546448666,0.721944733718533
-0.547059754,0.160313519108924,-0.204835988899102,1.11397934937329,1.1215426804821
1.500761607,0.540136042902636,1.43642542333485,1.12710989856319,0.319960615172826
0.865856833,0.327165435107064,1.10682964264005,1.19608046807598,1.43249558425303
1.786961445,0.581507768887963,1.42387710117362,0.931825200707349,0.865507197380574
0.772684789,0.443576988044596,0.749489672831516,1.15829899457292,1.34379551389184
1.094546939,0.614803156646073,0.974749978056331,1.14517771684075,0.787012451575682
0.520437054,0.451973547994608,0.363972946144316,1.27525091275559,1.28765227222506
1.567097392,0.856023581733039,1.34374749856543,0.976775671157184,0.891074728132841
1.247644583,0.860760999668445,1.16845757105372,0.941864878872793,1.10927387688676
0.890774411,0.563482875734379,0.866037275719074,0.943128831946189,0.766806642652
0.147057047,0.0312245868547781,-0.0874834255515278,1.15310162545616,0.923803068346521
0.82733958,0.532022165143418,0.989546580068426,1.14617020131829,0.787560517994278
1.28704841,0.602464758586893,1.08020308178529,0.986370518914737,1.08490019983413
1.507883779,0.869607333735487,1.46376238938554,1.18892481151535,1.08521950823433
0.797905175,0.369805241007656,0.452315311692036,1.52055096491138,1.68708116204683
1.937147422,1.26447777564457,1.63156281335609,1.44541757255059,1.33128919618453
1.824198828,1.10763596763024,1.58666330881777,1.51323182220068,1.60535331934452
1.492855907,1.03591501040106,1.35856628819577,1.62748993777775,1.44360058782219
1.199996763,0.434692554287262,0.895906067407483,0.425880814854105,0.933722840337127
0.753276461,0.0725685225029128,0.0427491572954083,0.639951195954748,-0.422378804895322
-2.71644765,-0.219133968374033,-0.725045165030319,1.23795287147728,1.12481000821847
1.690361831,-0.731369198616281,-0.353869256546132,-1.30886215716248,-1.14308768502706
0.81326035,-1.0639948092207,-3.50795275952559,-1.00821083290937,-2.08657651649384
-6.49277741,-1.01186533980584,-1.76690573187395,0.446229171604356,1.21936330163785
1.65865394,-0.90458974926852,0.0676605301120517,-0.0718276539309383,-2.12453869769183
1.080242675,0.205030818859693,0.932257858312081,0.687233782945694,1.04556643975038
1.523463937,0.683003794449697,1.4416124490404,0.893584845145112,1.15389550081842
1.311674839,0.741492278102559,1.21295274079742,1.25805890088552,1.3372061365401
1.249794792,0.845011718598688,1.09883095450767,1.29378264324468,1.21886857465344
1.01510387,0.872624155117981,1.00009105051188,1.39288356482801,1.44131532541732
1.664263783,1.14802265953859,1.55207202885165,1.25045946807566,1.21084492036238
1.358033518,0.821569669220303,1.29785841052633,1.39721357787969,1.50349285406004
1.422500518,0.966063511129283,1.44879523667982,1.34658130493966,1.44630668321016
1.574846022,0.811767409217157,1.28007601242748,1.47523201902782,1.2546887743334
0.934324188,0.620541047619791,0.743458680933207,1.52447147126123,1.76749382350056
2.094242559,0.971257415152437,1.85103365029712,1.35752454292665,1.19183695982764
1.374655534,0.73869331978445,1.16165793168506,1.3700231875244,1.59486949349269
1.3166266,0.752373617337325,1.12606697657279,1.32984348632424,1.18412353908104
0.87031366,0.618167596180954,0.840233752803147,1.33436322008504,1.23543111365133
1.152099268,0.483877635898751,1.22561282459055,1.19358225531738,0.982460778584895
0.999781133,0.590832223535973,1.12731992479301,1.19662951134913,1.14259914161233
1.116694159,0.583836035138425,0.141001128606225,1.24685780648283,1.22761572364973
1.421296487,0.704596685261533,1.55229278329284,1.19129932779935,1.31540150890134
1.562599013,0.762639935015147,1.01617564937402,1.23666431220646,1.35576560650497
1.343621387,0.448764662793627,1.20444742090004,1.26457216732135,1.42056178616119
1.407392931,0.59587105633832,1.17457969598105,1.32963177356199,1.05473517459065
0.598228197,0.429489777288687,0.431130702081837,1.3754130236945,1.46348918147241
1.604636297,0.918971070925736,1.56912003889228,1.09806829860685,0.895600205934734
1.113583264,0.508132980162251,0.803789958339958,1.12904359535711,1.15554379767655
0.746790042,0.611964165566581,0.859640733265507,1.07286541037649,1.2657129897899
1.53341814,0.766252828617077,1.5391582642507,1.13490424561794,0.607161198286081
0.264291659,0.202846324942778,0.256944362367332,1.16403817626833,1.3122076206501
1.139744876,0.904763736738295,1.43279196940602,1.36833747838362,0.988507958838589
1.504186801,1.03412250877992,1.66421142405508,1.39063941337531,1.38412560942514
1.916595902,0.886356595188217,1.55701143026664,1.23642459362279,1.06551186368827
0.546435698,0.482485865069406,0.512177520224782,1.66948623077586,1.69829276375698
1.504370147,0.930190981773844,1.47469340717352,1.48046703969601,1.2823637808606
1.972091199,0.890175657965217,1.59576103669641,1.18006060917784,1.18606875161836
0.945650216,0.595206577867099,1.08706239148183,1.36566790378493,1.53709288332308
1.171498816,0.63463669082927,1.1873616684269,1.3031265499021,1.18857576343909
1.438625644,0.781399438647363,1.40120709251554,1.04029018542961,0.805370450215985
0.384939708,0.355262383924458,0.416961667166726,1.07419196068913,1.1145935254364
0.755078584,0.469792445998821,0.602561320479778,1.0148477743792,0.903941960436017
1.265715864,0.7942033416517,1.0785300446653,1.06640070684448,1.01221174573034
1.347365795,0.780347930638818,1.2943541947903,0.954307885017641,1.11499807505076
1.077825348,0.732185143517495,1.01157896355229,1.08127011038195,1.09376323173552
0.868154882,0.479905526691005,0.698507573390676,1.08646112752801,0.979462131139583
0.941633136,0.598582633161104,0.942314038545072,0.913127585031318,0.599218463884686
0.240162803,0.166398704108875,0.0235932853088126,0.963669343251144,0.765693739297281
0.380356301,0.198795570236667,0.364741859563553,0.851722828621621,1.07874364806334
2.05032896,0.771784201102963,1.55122133747542,0.825217527797378,0.421095361426167
0.304688819,0.545364239265888,0.658899420922046,1.26782053126575,1.59412608148004
1.270701155,0.816267481876377,1.29699638728534,1.48883036577299,1.29464495472494
2.271979523,1.14422277020992,2.04654474124582,1.15488424738851,1.01052018587191
0.939436683,0.439093085102045,0.844254159448321,1.15691545419373,1.26302116845964
0.217493621,0.514657446872174,0.462060084597374,1.3835554932009,1.34377232471078
1.633642527,0.895369294432683,1.29144713413764,1.26533527662386,0.791321424401778
1.198012508,0.763239362629292,1.06714835358477,1.19512794934655,1.4286843437579
1.404166332,0.765011443846196,1.26515564412616,1.16914503048684,1.35843962333716
1.583977704,0.862695787343815,1.18414538007251,1.3633703601893,1.14270125599457
0.794809795,0.638469079110173,0.610908629502645,1.1414915289409,1.54711996547482
1.699566915,1.09614828047256,1.56764276507583,1.19863808473528,0.775363882464746
0.508806198,0.713859640694168,0.664272425508237,1.37925097606648,1.48947491681492
1.295550785,0.903721473171067,1.22898150672135,1.32457155406363,1.32411188250391
2.181555266,1.13097353957109,1.74818559593216,1.20307070985054,1.01506530757388
0.837069592,0.786109555526339,0.931829345704728,1.1598333058732,1.40721784813015
0.647171547,0.695186688379301,0.704698219161326,1.28064821217984,1.2743256357172
1.590017756,1.03181534371645,1.25745034787552,1.30800061012756,0.952706901026349
1.177617445,0.830001917278233,1.08114155019465,1.03212113372565,1.40143306714739
1.414451784,0.972121156283239,1.14847523730142,1.23033179877312,1.08836016116951
0.850510076,0.860286966516064,0.839090521121452,1.43630936078911,1.47353475295855
1.578583459,1.05953130082865,1.35776485418535,1.2045503485368,1.1990159222233
1.573561323,0.943981742239887,1.37358896221389,1.13664969557384,1.17335643589269
0.860836492,0.654248701421318,0.755342315160825,1.09112106776182,1.2250144057587
0.857156507,0.672259507651042,0.795456402616001,1.23153712966848,1.02183357566863
1.027470152,0.512976625529726,0.995845516689753,1.23286804343619,1.11884547683319
1.364922676,0.678851913162493,1.29190479477123,1.04162269548976,1.18261262411321
1.44161994,0.81458754860759,1.20648708574648,0.971848558171036,1.10695752252263
0.90752861,0.549233124139996,0.740460748096099,0.959658832633345,1.15001492937764
0.885829068,0.660134168895031,0.783692787338789,1.05251119261135,0.909136323565272
0.706265463,0.707238144595754,0.608415758869198,1.11917709233014,1.22812370429111
1.620199726,1.0757480278345,1.44065497039799,1.00364616346899,0.962472163441999
1.21456218,0.797649374888248,1.06417015786048,0.976575028256135,1.26768742200217
1.154271866,0.812973248745995,1.02783170587237,1.17026132205343,0.850189786417921
0.156251891,0.462149367070571,0.180946823643524,1.49512614700184,1.6251313353262
2.131946181,1.2199898350631,1.81563721692948,1.3194294071701,1.04941205723059
1.854402577,1.16125448918861,1.3794285230843,1.35300801796133,1.64366072574257
1.51496722,1.0142769422479,1.44567941038234,1.41194425319412,1.39785708306064
0.951181405,0.823640700461403,0.901981462344749,1.45345709495274,1.22376470753312
0.793505877,0.606344512101131,0.728691129511013,1.22494232838537,1.21164788954983
1.469571233,0.90089856656238,1.3072982841074,1.09497576758218,0.851198975704422
0.811352597,0.604755483575383,0.608151915673093,1.13465878332223,1.29256100292244
1.173451315,0.763705507487724,0.912660427581662,0.963782369962224,1.16106069133946
1.703157037,1.11101473033358,1.47649736182291,0.931440240105081,0.494969296704342
-0.257148175,-0.0526768999399731,-0.290003473377767,0.873019330605985,1.06499953065594
0.469769743,0.417553046316638,0.392609244446885,0.873222539727748,0.389476983309973
0.620336412,0.407371884106123,0.582950484333266,0.731277626661322,0.960489410542663
1.644317768,0.661692533158784,1.36428995320915,0.696021847433049,0.69529805132363
0.674758591,0.694112818264436,0.876836217655467,1.12611806662095,1.50754807903026
1.589354027,0.782876348506186,1.44429333474576,1.07283666308975,0.992280695817449
1.19763954,0.727891824897375,1.07649094600605,1.25540182355444,1.30252499716727
1.145117124,0.57069003189261,0.885603442341677,1.15144489171673,1.1566439625735
1.065821715,0.693130113451014,0.813514219393628,1.05602395481201,1.14200376373867
1.200885994,0.842407858280695,1.30314710390477,0.975074979742885,0.886888194573103
0.672802147,0.550191103579229,0.682093037974199,1.09354704224573,0.998507285729079
0.7002934,0.411370863748351,0.446561230675673,1.0489219993384,1.10479179319651
1.509250842,0.92243178135094,1.46943031346854,1.12729840048608,0.945305980881278
1.133282606,0.764108776209664,1.16584754008596,1.09647732405871,1.42683667060469
1.513711637,0.850289247586749,1.3883826632273,1.2325540304737,1.17878281652608
1.167023539,0.80851122556591,1.02756154191844,1.27332525274964,1.37783634287764
1.353367241,0.927680951149998,1.2410228687998,1.11521582345337,1.08206377241637
0.997425146,0.71711047734957,1.00475911340408,1.13967198144512,1.01596532754834
0.790338376,0.683496423271709,0.764804820532054,1.13770494725246,0.617150495247823
-0.093957862,-0.0132619133108084,-0.182943749775849,1.30669149062257,1.3033494149311
1.795342078,1.10582460319774,1.65292010927394,1.12079411337503,0.861168161243326
1.759107202,0.993181990201765,1.68095162929807,1.02448196896232,1.37518109918271
1.34335403,0.849576112835376,1.28877844980213,1.12253986556564,1.1151239500735
0.356736015,0.488878602948703,0.716498517472923,1.40987089416085,1.37343858325981
1.434247977,0.702835421869135,1.31698070125347,0.993402187294333,0.680348332852261
0.895450701,0.466597180553608,0.864516819034262,0.904242615540076,0.935850321328746
0.463997677,0.280412501146852,0.314716969888743,1.10017526805808,1.08129753246187
1.122306762,0.719087829570402,1.0901786125819,1.30927241024264,1.11270921573494
1.744536235,0.914899327493534,1.35651976023383,1.18416678562925,1.20026423683692
1.337748333,0.678280572325212,1.08501148056947,1.16577083289512,1.5818927917822
1.764268178,0.828760681133746,1.45799761748243,1.30744375130134,0.778033553219415
-0.085886191,0.288407794410797,0.0619080931705322,1.5325771808629,1.67482259887781
1.710507584,1.08428688793472,1.58569784865493,1.25897887055334,0.720036163271683
1.24911441,0.859709884112478,1.19062548611716,1.28463167345297,1.39168269942229
1.304053758,0.797598663067868,1.20039211994923,1.25891595490992,1.28683194233055
1.248357582,0.763942622340685,1.04059664440623,1.3298166590308,1.41259081254994
1.630549165,1.02720925159343,1.23614309755897,1.17119320041365,1.0884884159989
0.891081637,0.654694687670384,0.899041645115112,1.1245188839822,1.33184655167269
1.141636769,0.724764887589684,0.981657552757618,1.08984152807814,0.892778768001594
0.746412924,0.470726990040992,0.765481665010694,1.06508748671497,1.08510332635016
1.111457048,0.592805377060561,0.921175948906522,0.983893603040688,0.754717012030414
0.55686525,0.313652731403837,-0.0267458086478303,1.14380550576433,1.31195768971238
1.594061586,0.772126861910111,1.4052191193323,1.18290980639288,0.995988714464438
1.323251406,0.754597483223515,1.13757716695534,1.32405896236973,1.50530188335003
1.602894548,0.88607182107389,1.38411436142162,1.33403978035658,1.33159343923201
1.322685911,0.940502768609993,1.28193876984905,1.38892114465082,1.43717638672638
1.397895941,0.840180559048822,1.28936947387335,1.21276173363677,1.08707404792038
0.945670425,0.614646380752749,0.931101043042671,1.21181568854767,0.734203967730644
-0.039828137,0.252161490777827,0.144036579661425,0.921538032319526,0.873884632558941
0.771340674,0.37494538193803,0.590049188864255,0.79629898186611,0.324264419128801
0.375945084,0.340951074205919,0.628996671512477,0.810067428548957,1.04027494475512
1.484937632,0.61345998788762,1.3881344938571,1.10697570312675,0.693949542448866
0.843945633,0.613296807747052,0.948461543154664,1.17822440395265,1.49627899456699
1.691315967,0.747416042870333,1.41909222289303,1.34918908789604,1.22355330760519
1.548351096,0.834095422031937,1.40377640698973,1.4953659780553,1.50372833953421
1.340369377,0.759849196659708,1.26433486253308,1.50171578905102,1.75259592476043
2.063035035,1.11005075142824,0.650180838410917,1.45942347270542,1.34938720780965
1.324517282,0.726380292414944,1.26322135170984,1.4271604142172,1.64871122150203
1.396836049,0.602946683011676,1.31616674444302,1.28381144908479,1.21217609493727
1.178943483,0.78280977013226,1.18849533041737,1.17488783251773,0.708363807702645
0.162651402,-0.0166125206866824,-0.084988933070262,0.721250812388911,0.200397210346983
-1.198938331,-0.55512556007168,-1.13878638889827,1.03925758729364,0.853160380655424
1.326111755,0.7680773107533,1.28436518457241,1.12568337822461,0.378119858689275
1.79553511,0.965608254348845,1.46431698594205,1.10234841961127,1.16182969013769
1.311953203,0.892036812019189,1.22414258757435,1.41588657835689,1.59337864205965
1.519788422,1.00788742602005,1.39403569253223,1.45750099344997,1.42131075186188
1.495511574,1.00810719795659,1.24457438019114,1.49418504202297,1.43252015047104
1.353237166,0.975553630344579,1.13341247019613,1.42839540829759,1.47441364603866
1.491219343,0.845432826591979,1.30616831685669,1.40168938591808,1.30524783130143
1.232806516,0.815747316840163,1.23256767202556,1.36217844453403,1.36347383349972
1.263056446,0.751777641848539,1.23361735534595,1.29410034138848,1.23324523322543
1.203069411,0.670307324828638,1.10467663518126,1.25712875694251,1.21508010192144
1.176546669,0.72229486659814,1.21504041039972,1.2143101186057,1.15984596161458
1.061309101,0.707146446997292,0.838869989318867,1.24105419376275,1.27575649071327
1.405706119,0.632662266579542,1.21101466989538,1.1469429235069,1.12213028150859
1.193117287,0.626297701648111,1.1891819561988,1.09576974245915,1.18080950728696
1.071740916,0.749606296031557,0.932320518228226,1.19492422038588,0.921750152605599
0.455969889,0.159787780085662,0.181711336466172,1.23759946979586,1.34135288458303
1.745673042,0.613254989683104,1.37058316100109,0.990814081405319,0.626688070611093
0.650994819,0.681307679971877,1.11961391238832,1.14218164754735,1.2784273343756
0.94540699,0.375839156400111,0.754368274543811,1.24233725902948,1.0164705964675
1.121298926,0.495835887835453,1.10314564269671,1.52497971408714,1.4326255511939
1.959542556,0.714897805951528,1.38221003236022,1.39687454207705,1.47156122291141
1.8606045,0.837566522435536,1.53046144705074,1.57012596801265,1.81526237633156
1.864116879,0.806725986020207,1.49365746235668,1.42273279886417,1.64972130908803
1.58490387,0.871148966896485,1.33057962541623,1.49952043247362,1.25232989791397
0.567779838,0.442920005006638,0.5797048187688,1.34123738876242,1.34356701432902
1.097474847,0.513593186300251,0.897024296205004,0.989389636602481,0.788764623555382
0.908358644,0.467079654534726,0.892505234457754,0.877460877367938,0.783782142912818
0.567441657,0.273795526008086,0.435590123671669,0.707729986129126,0.609057887578586
0.237656562,0.196751593075368,0.142397654270962,0.864931285333474,0.60357314436476
0.453923878,0.209960786055154,0.359293863049585,0.819159458767186,0.813808894973263
1.367036959,0.427793305608565,0.941111144513977,0.648048324230814,0.783224595333294
1.186312007,0.435229343343681,0.488949386926619,0.832300015045173,1.03981439792295
0.816993159,0.537307271939511,0.802172756397631,1.08343651815694,1.1250535517128
1.043385589,0.434593752562144,0.944909207870182,1.05599463617613,1.00612074341412
1.203400647,0.519398794322596,0.919345900601713,0.898144669954704,0.895534792888575
0.754007989,0.431763600927877,0.694411451700896,0.937251128339762,1.02861830496261
0.920983747,0.394362301034611,0.666472751150977,0.837441672438216,0.73790697584732
0.680345032,0.373167642881416,0.561864860270239,0.795729496301955,0.72040811784926
0.577606096,0.37624221570477,0.492037285806505,0.731476053721965,0.505335085498209
0.193208103,0.222631652923916,0.0646669941661746,0.820465584699653,0.740323237046714
0.837849897,0.180085811669501,0.799868076551748,0.728353305300999,0.694981189982385
1.19862711,0.238811985580213,1.11771199793514,0.765406625109452,0.765683581648706
0.727732712,0.368155138437762,0.927911903352334,0.936949211799923,1.10778480021302
1.136155508,0.439499734720384,0.992432247716881,0.852926642482436,0.789085408229177
0.826255792,0.242209527316661,0.680739306580328,0.879208532095605,0.833922269833549
0.67108278,0.289601114827819,0.445252822721374,0.941063753789081,0.477230219697701
-0.256280985,-0.215252419185713,-0.721847764453955,1.23916041445771,1.3746400685598
2.134563697,0.387993088479061,1.51059799626542,0.96426850258945,0.725599464198966
1.682225872,0.52829767524021,1.4204705400065,1.02125229923435,1.34612437136934
0.918788838,0.400596008481346,0.883883541641249,1.01208514156643,1.22899041279736
0.853666265,0.343989258797782,0.852219780356235,1.14931495320126,0.62740193363863
0.202673379,0.178820036087059,0.265693390970298,1.02630756971453,0.596108878837401
0.103449335,0.341320183042191,-0.0261696365804865,0.936422410765046,0.896658703285077
1.537120369,0.446853389650603,1.39753158885164,0.880329465575203,0.674324665247395
1.21005865,0.387037084431985,0.45637805870069,0.694120915645506,1.28395524397688
1.269367073,0.542539018365548,1.1407860357272,1.14467745310188,1.15496646944884
1.117450174,0.523746400930343,0.925553996741281,1.20788567141935,1.07319827441207
1.006320224,0.27686494329394,0.714678677373697,0.487305240039261,0.662837784468367
1.012824908,0.117513929566766,0.757812112187109,0.100002241340036,-1.73495871846972
-5.427198555,-0.0170500484392182,0.41376408041097,0.884786295091599,0.898289822023685
0.832234235,-0.155462064789129,0.310977107269162,-0.158197603763046,-1.98271672532753
0.250959288,0.524700640710752,0.512290458908451,0.418331790462649,0.961179089081229
1.700332246,0.298370737407673,1.43892055014477,-0.139902544418948,1.57185331671055
3.302277932,1.05822704315237,2.46482089398838,1.01777642844787,1.1312445360789
0.72995369,0.115594354155252,0.74148321101755,1.51849459617688,2.06074600767363
1.15174478,1.00825691214259,1.44301660508484,1.28265567036635,0.916681218340079
1.058828702,0.169408678621364,0.852020758586614,1.02902726768174,0.0968833820280017
-1.326301832,-0.384592032095419,-1.14633956971032,1.13627332105702,1.138730334618
1.164605887,0.315818805971804,1.03198061546564,0.999813824354418,0.238182135904251
1.48635215,0.183408964017917,1.2665165621163,0.711693663114974,1.02204495348878
1.597106741,0.507459377555884,1.39556180883122,0.358747510251143,0.167873059511699
-1.349882483,0.0480079481917776,-0.450739612392127,1.32950341832671,1.09314368131881
0.402790843,0.155232326064597,0.297443631138967,1.22352264932685,0.469597030521791
1.794904476,0.448175406514647,1.02782401416387,0.900810229960749,1.18976192195385
2.258052495,0.646062001037836,1.81353483570976,0.749620642121812,1.62646786174063
2.104016503,0.577930796243938,1.86228757379629,0.884112829280091,0.76940154723338
-0.689876585,-0.146636835199897,-0.717608328007595,1.00298180271224,0.963790016664658
-0.315379084,-0.205797695074144,-0.35667282459673,0.598556926195601,0.146337029242571
0.611355186,0.170778162460554,0.647981284707296,0.333725078782331,-0.0120179422588977
0.191279677,0.0803304755516733,0.507355379571843,0.438779581662875,0.643419261456641
0.785881487,0.0251384610646898,1.1037610866118,0.541502343543524,0.601776455730248
0.9933894,0.0810741437037443,1.04336781823102,0.649689113456126,0.770466795079585
0.830276489,0.148884491080523,0.833488879635938,0.797311347880824,0.915852082264152
0.78991466,0.383694814483285,0.985016322921667,0.904077970034039,1.12531731394898
1.590785466,0.614657052911652,1.60655362523893,0.749496388399774,0.566303074212681
0.277479283,0.312585938113837,-0.280609415832062,0.917318517447792,1.06297110856217
0.626673754,0.396228282864513,0.966307362062481,0.852908356941961,0.632221460851542
0.814949406,0.216713086598184,0.839105854957656,0.718564453014255,0.684292677840281
0.837737816,0.163237383795346,0.818869513921549,0.598129963636038,0.575885284821362
0.347621873,-0.0261145804058871,0.729673059393697,0.571329907849583,0.659545963884529
0.544484932,0.0873048983501173,0.773454672204267,0.527952855550704,0.29908596761897
0.044381856,0.00190255520342797,0.379981808056727,0.59133846263502,0.732412019619218
1.030609142,0.245294390243758,0.949484903120609,0.325659924596915,0.262960910344462
0.369864303,0.152283817777507,0.771294482903256,0.462421203112914,0.803885520499097
0.698446714,0.128181432111961,1.11033913536168,0.412332519075433,0.448381752326218
