630
0.25050458,-0.172058805241336,0.512625136716509,-1.12312419104101,-1.12241649421002
-1.221521556,-0.204959570069429,-0.924398259982457,0.651194960593644,-0.187926365707749
-0.978417507,-0.64275473341684,-0.636613749850303,-0.0309955685447113,0.405340164878844
2.352561265,0.33643743606293,1.685529571857,-0.259968362136758,-1.13292438983419
-1.581939628,-0.4220257322094,-1.27655550546585,-0.101258779347867,1.14446602843761
0.594333536,0.230218040266414,0.504585846449317,0.57285586128221,-0.764009838534661
-0.756376318,-0.0653946386489213,-0.630317418751232,0.543142841886408,0.778746383271803
1.642613648,0.422238807230436,1.5374036165465,0.0859979972335361,-0.90857443309012
-1.641927716,-0.794296100775977,-2.08382164767277,0.599197086533581,1.21982261828377
1.230858408,0.348606016769307,0.856389258389631,0.280456751826697,-0.314524066031737
0.603356075,0.234730868273391,0.859719851089056,1.04663700098972,0.626270371235101
0.18862252,0.527962910192649,0.708312189765788,0.946988979763524,1.07407237862292
1.584881576,0.341232331532667,1.35407448423648,0.661797924717533,0.655699346952505
1.217716395,0.470242294149564,0.613682000186276,0.783836465874355,0.757854089178954
-0.139045911,-0.0575358383752704,-0.380974181067208,1.07834376134714,1.44924468116568
1.788009888,0.247086387912739,0.748808875759971,1.14320443629178,0.48594041194159
0.769996927,0.432447196284067,0.800541749065767,1.12336155968882,1.59563739773622
1.789731907,0.699753980786094,1.32731992457735,0.962381065882002,0.908295594915124
0.9016224,0.320825748535566,0.584350414379695,1.33565811295422,1.38100745759563
1.096457662,0.541721085927049,0.869460456415864,0.969817162151105,1.09451249237358
1.274435681,0.549165496794636,0.860634453588098,1.09597247516294,0.846331547806695
0.420666599,0.478700214436543,0.730369269760299,1.33063270706479,1.45934519328498
1.651745983,0.777566691856266,1.21096147840451,1.21587729260622,1.16830007595915
1.799596298,0.509690838447922,1.20981288903201,1.147287951839,1.61744199330658
1.941919166,0.312945911489501,1.17292848660454,1.12864872929622,1.20457048014612
0.5329943,0.539892526641735,0.469193731594522,1.63845976258662,1.63503032493036
1.371239878,0.490905634223622,1.15301728724643,1.25744168435562,1.00618527958113
1.534523067,0.292252031813876,1.19533516502093,0.843138155808494,0.531099422700634
-0.239254224,0.0142112044255187,-0.474094764611213,0.489754566987618,0.711339433900941
-0.021351998,-0.110874650225992,0.186279534144908,0.595986143506921,-0.172748086487438
-0.420441107,-0.0732506786082619,-0.304033771071463,-0.0678172038175695,-0.0374609445726486
0.037081241,-0.222781222176905,0.60511051099269,0.102881046563028,-0.484148989387872
-0.887769331,-0.0156653100173196,-0.178427717954692,0.20612177554912,0.475677904676778
1.0397219,-0.0147749979265439,0.806230415512814,-0.00961817808721194,-0.0788726604828439
0.69207685,0.157838311658641,0.42046935129685,0.0919091172328893,0.425372735135115
0.066272723,0.174309930386073,-0.409776942873948,0.180790428815113,0.432876085411411
1.880581931,1.04394104467411,1.48691138155368,1.74345948065995,1.53651755733554
1.274612748,0.847432107276726,0.863103949412016,1.69814221673853,1.59599588129964
1.224800521,1.10171489832312,1.20072853498646,1.82134903538428,1.62756982476687
1.850740364,1.20465124130657,1.50660400636137,1.58191346019549,1.68462946212011
2.38762915,0.910114370368811,1.78705504807981,1.43044713160979,1.19375262235672
0.411305206,0.415505205884385,0.360114359489853,1.53200351842679,2.07340545920208
2.006437126,1.06598352226726,1.39896024522942,1.53267633370007,0.839519218949265
0.847724225,0.430260126048,0.821106964511179,1.60436259947202,1.78774075189602
1.868332818,0.715914200183399,1.80524338860693,1.15020602997218,1.08847327934238
1.13258741,0.79700631591047,1.26870548901823,1.62945333763323,1.60946213923816
1.42775722,0.657438652632711,1.29882804031092,1.34393642457903,1.50642520670941
2.060405291,0.78533353997683,1.75605998284026,1.17963990261884,0.82640743935372
0.21570214,-0.125104197675993,0.046346411011729,1.26938854717431,1.22170561980403
0.279822999,0.276221779923601,0.223536161439057,1.36104382263975,1.05448030968436
1.64597044,1.03844774545158,1.41166874606156,1.55157842038607,0.929347656384128
1.497045659,0.756131091442472,1.28876998572126,1.47447375847055,1.64552523791246
2.011518467,1.02431094163905,1.60682818503701,1.41059530566527,1.19719166878561
0.800645503,0.224255696031901,-0.067987551979176,1.5187189888198,1.71522598649353
1.574912762,0.973048728144098,1.44934986631909,1.41255827513241,1.01378058196733
0.990696144,0.847790647140563,0.917291604366463,1.57931403950122,1.45859756673505
1.307230683,0.856377887949478,1.02858858473316,1.4802266766422,1.60475018714159
2.2012092,1.2484273944638,1.67006970011528,1.42832373857115,1.54784299083652
1.969723358,1.03144472296306,1.44847782721253,1.35206900604943,1.53260912673157
0.939369268,0.740457177574366,0.820394813879346,1.58386704283378,1.67536771827034
1.339048255,1.05300582779309,1.28654919983217,1.6800011265447,1.31113854049573
1.538618816,1.00634351778354,1.30623689552395,1.42609305483382,1.3798413445015
1.512337274,0.956554163453586,1.36910356270198,1.24145914859628,1.32361027000577
1.206102863,0.794952603848209,1.05543898969649,1.3292211200423,1.15156213147142
0.68098882,0.473558563959466,0.453492119505121,1.55981062323572,1.33733439851392
1.232808731,1.07995934980418,1.48865845424562,1.59988963160257,1.63339361586738
2.646918691,1.23704388918138,2.16879657346056,1.35766744098305,1.41551707455645
1.666831771,1.17470390593375,1.92703890077777,1.7858223554451,2.05005940557871
1.648624305,0.827663665456153,1.30693136073932,1.79010290977587,1.80484580116895
1.873867149,0.870835663184876,1.17509950734463,1.65451695221135,1.621911683023
1.625426595,0.956504373065143,1.18701304488999,1.57385502268703,1.56724487961037
1.234204983,1.00940543366531,1.11936703085154,1.64421306202665,1.63693677046004
1.703718825,1.05395254408407,1.47984151374872,1.38736109366863,1.20725996716013
1.29584184,0.584134230356205,1.10161819546185,1.14741994174008,0.87268023463745
-0.003392294,0.198479726617129,-0.0897037325850288,1.35586561600941,1.02568416531973
0.444863816,0.468268063219335,0.74646843167512,1.2101592211523,1.18432670545078
2.443426407,0.902714737105724,-0.536580609808969,0.826913332195393,0.511982502783507
0.430733602,0.401678515291857,0.43086156053695,1.11085881896599,1.90219774524408
1.700036666,0.732831146929817,1.57828276334185,1.20542883381919,1.080686538551
1.541922559,0.791514950444987,1.36893740501267,1.22238348899464,1.32072119314889
1.268602109,0.55722805356181,1.20662980989609,0.900169705538381,0.821819287668297
-0.053212834,0.233154991329916,-0.0357483624867431,1.41729059952556,1.14151315698191
0.819539668,0.581855469160021,0.734187097166411,1.46946159708749,0.997515867916231
1.808709815,1.00915255001335,1.85648150111828,1.59242181496522,1.3812968550865
2.085087709,0.903810683645067,1.82655037181649,1.40701230658452,1.72578243821527
1.981239253,0.833963257218459,1.6287525216449,1.411659313483,1.41669356667297
0.849431036,0.699139598514495,1.04612926246284,1.6451333616581,1.3008541478325
0.54087968,0.337034001789369,0.275167097291817,1.43214755335951,1.02688209659038
0.960504265,0.587433129855372,0.839667137230477,1.20580644890634,1.03040942403062
1.551000195,0.648410618473515,1.20834171216111,0.830638772286069,0.88642094596872
0.865338777,0.459227774994103,0.543137870694256,0.995462351536335,1.15742156675358
0.770621057,0.639452016820624,0.768855378370887,1.12682134080022,1.16120001042772
1.449364927,0.79596510474226,1.05196879103838,1.03111733304972,0.855012304556726
0.892862401,0.466059172329938,0.971504192834845,1.07505628731695,1.18607311036415
0.970331728,0.453941777381483,0.633038362484683,1.14833397969213,1.13306028312465
1.249441237,0.92358257941667,0.93465453605989,1.33231697374617,1.29241303005782
1.636698735,0.6749722027065,1.28064937049683,1.23522295465849,1.35243777827132
1.496376823,0.935615612753317,1.36339829739904,1.40674473703758,1.53808230601075
1.531536757,0.814008220127007,1.24713225036272,1.31857302165356,1.42719895751064
1.434974813,0.731981835690659,1.07169797083014,1.29544663201692,1.18697386307074
0.735433727,0.667151728424472,0.849845664548108,1.52090903097543,1.46075310692447
1.434856035,0.847921721189291,0.944793642176704,1.33679218816906,1.26421244914341
1.72831317,0.730092404725136,1.07847866637692,1.26635676819443,1.39595500854921
1.44603502,0.570198666695291,1.18215935949289,1.5046707006265,1.5582212365973
1.404345967,0.936773626793371,1.30322433476874,1.54645382141932,1.57912347060034
1.770810306,0.834538968782863,1.33744684298035,1.40629690053963,1.28532756696115
1.146812529,0.791669955477312,0.816471259578677,1.45833698036548,1.45951279736429
1.116942059,0.9000659206533,0.911200510856121,1.4847073596431,1.45628426190734
1.731957202,1.04508066980423,1.26449373156854,1.32841204425807,1.2602415076078
1.420140541,0.886454466928492,1.14443885548865,1.29768611684927,1.41833621474788
1.188013381,0.805629891513405,1.11435187165007,1.36651831401352,1.34172434264319
1.246793993,0.811593680846628,1.05852792892304,1.31093024217337,1.18110634389861
1.160100572,0.760081312862002,0.82322071774219,1.21477939841133,1.11663017131672
0.907287936,0.750261828756949,0.761232424710752,1.22499502740026,1.31323263427036
1.624081315,0.833129704868994,1.36963749884125,0.979538965529075,0.717814200605886
0.438724503,0.126094583079204,-0.439938718335642,1.20940158627382,1.14700853635125
0.578122992,0.463286774579904,0.492582153588363,1.00569119512193,1.23423205798684
2.139306628,0.805963895804595,1.65347640719469,0.957236589854418,0.453131016901371
0.171512822,0.332866988971512,0.15667124182956,1.04652366404597,1.54952160197193
1.19654024,0.657623028212417,1.04233342207478,1.10361015106499,0.803361771941951
1.256678976,0.736045099058472,1.18577568248427,1.13000258643158,0.897281714955916
0.712486688,0.493117450806522,0.590219562743364,0.976258067596063,0.972610359957178
0.618255574,0.514431668298923,0.417441486014296,1.11697204356692,1.02591000430536
1.303114161,0.56828534445845,0.85901491546219,0.911880387369291,0.835149857944841
1.065167737,0.476458728123448,0.665902912415297,0.920260638773224,1.00539678725349
0.742528872,0.504124626018051,0.748874494043455,1.09766603122992,1.12746525753182
1.173905608,0.659547372047155,1.4270780880427,1.02463203647107,0.967266437502192
1.169114771,0.633005720612124,1.25215839148365,1.03011239412092,1.04778733056018
0.93739355,0.51252941564375,0.902430559193492,1.00183854648317,1.18695242352998
1.275797079,0.253543627529645,0.655387916550238,1.0478671135677,0.912537704519703
0.793158397,0.38429580208241,0.542131427959758,1.18476250647068,1.21475772458107
1.127198372,0.640844874212632,1.07903111247571,1.28802704386679,1.2338751369034
1.617884383,0.693853424497128,1.48014362792236,1.17076532038765,1.32294209280598
1.702390472,0.442414567983742,1.20785096758523,1.0464358037137,1.14198045214825
0.749538429,0.603019888530679,0.882273261810129,1.30636649084939,1.20115879921539
0.539028535,0.452752869201174,0.590200358492468,1.43399268485134,1.33235019151562
1.8350543,0.521272741562872,1.45324784778366,1.08570421545612,1.01612227725246
1.565877657,0.65538408104797,1.19465733687641,1.07973551861515,1.19019527133703
0.4976634,0.682594726182942,1.14476844130298,1.62665326571827,1.81866144620937
2.143137581,0.823493632396402,1.72556054520102,1.38445338705348,1.12093784824566
1.643207345,0.688185818952965,1.53631476706011,1.35921936413854,1.57868955773913
1.198445499,0.977780644606735,1.62327302170498,1.40877162355525,1.56914907238045
1.497342011,0.672586769443552,1.14345269631511,1.52571964505406,1.23780598387606
1.157024515,0.674871357795085,0.889195970676834,1.54796838113997,1.46750867085452
1.380278345,0.803881442411375,1.37727965410421,1.47577257686938,1.59598751045719
2.089420637,1.14342975491061,1.86283366394887,1.36402253772392,1.38649198187196
1.465889901,0.514550735348301,1.18057473447753,1.30161390512472,1.56725304387704
1.221443515,0.872151092206309,1.07783249838966,1.44641910036924,1.16211842499944
0.665681938,0.629187645849159,1.2399389841267,1.5952322866025,1.35335079105202
1.431424645,0.446293398852357,1.24674858629365,1.2545458660484,1.1125197737838
1.52526754,0.729856892938282,1.3842825138907,1.13521215241972,1.23947600951434
1.1217162,0.589858133344279,0.829339571454909,1.28094997952685,1.39914837870962
1.316460008,0.886930564483547,1.16273654027495,1.24171369643201,1.19989667011266
1.251160391,0.845579457107686,0.927530441984362,1.27569505385267,1.17625837400269
0.978309497,0.532739227783568,0.650150492852189,1.27849174635448,1.37995199916286
1.560509401,0.773347984236916,1.32716451006894,1.11307506837974,1.0955745398411
1.239563106,0.811983482788359,1.1777182052107,1.31137975568247,1.13081127947408
0.576136154,0.504909135193577,0.510377735508066,1.37380606415015,1.61276844438984
2.038595164,0.984540555559732,1.69902715838287,1.44363507487738,1.06368781585761
1.32678126,0.907173745023396,0.963791773253463,1.54519529494317,1.97956798229747
2.242017883,1.13651277558839,1.68133290771701,1.43384600124112,1.42950897057971
1.516444282,1.02229862651383,1.38291112706589,1.65921412175808,1.61487562862653
1.471127493,0.893703920301162,1.18436854932352,1.36458156829011,0.346957253168111
-1.346104,-0.693638851235621,-1.29864204007991,1.72594366856958,1.51856838040303
1.469188467,0.789231665194762,1.20000769747081,1.45663843253467,0.528921641700387
1.982006786,1.02826565436947,1.33896108145112,1.44299243441759,1.53472872788321
1.946594082,0.805090211651247,1.33488387275528,1.41572480534882,1.93950455024306
2.167636916,0.789196643479544,1.42870003941346,1.44459003607619,1.5834381123692
1.338566992,0.753612748133212,1.19900247037378,1.69929757963178,1.38880636734444
0.430613057,0.364499812894002,0.451243404262608,1.87562578087471,1.65976479414595
1.80789383,1.04835115044036,1.29576936647514,1.64022279436719,1.37561256438524
2.272993335,0.963022456629977,1.79933003524544,1.45572386891547,1.59380178786764
1.565234413,0.642363284151897,1.41724894384263,1.60240034881701,1.86374157607909
1.602303717,0.754077483491405,1.1766255490553,1.69034637184712,1.46100769514346
1.224772524,0.808437349438643,1.24433905841571,1.66079524000609,1.55263201948174
1.545947242,0.520989060292815,1.13554974925572,1.41832274654238,1.24367526532549
1.140485789,0.656330664710888,1.1347180011632,1.49086231931144,1.53576453764932
1.595078988,0.719047859596703,1.43214746869317,1.40228210100261,1.29273455781147
1.389021582,0.710828479672607,1.24470921282604,1.47413633953422,1.46404904399466
1.631975887,1.06097305020774,1.34902491836968,1.12498112260989,0.724760537296532
1.267220587,0.340895474601302,1.01344506993404,0.602657299813375,-2.6628018801764
-6.494148108,-1.82080451252427,-1.86795129740522,-1.91243528286412,-4.02117803042885
-9.976731608,-4.67737586833805,0.580803344297078,-2.05304238511409,-5.58930303370951
-7.091214601,-2.57168717557628,0.824180721655018,-2.10978247622744,-4.06507996856543
1.419021837,0.494757331195471,1.16162961052564,-3.13283732029357,-3.89968149047196
-0.730086805,-0.896843098531999,-0.895157495906279,-1.73324999733015,0.849698009490463
1.663715175,0.424473385741392,1.42145532929342,-0.238980527541231,0.336904364188728
1.423737115,0.574442569451388,1.19475680282975,1.18822433484248,0.896072800752963
0.42473127,0.108903802549549,0.472673164195963,0.362234769460282,1.06293887100367
1.535249888,0.481041926478175,1.24240380402633,0.683872114527763,-1.67553892044045
-4.865219498,-1.71010766568135,-0.595753949335585,0.984066034269183,1.4015743821261
1.641741441,0.486776940137676,1.42783284884192,-0.175085211556143,-1.9076514347885
0.015239695,-0.0972947114791409,-0.0105856334785831,0.356573780200992,0.73286695549096
0.628990323,0.0937471054267983,0.291144728000565,0.268993279580529,0.482646380818009
0.726205519,0.475051985730149,0.794246009524192,1.1577212548511,0.99138881340004
1.386528839,0.677559388079626,1.31977444067558,1.09759325237012,1.18181330117649
1.718580452,0.561321703972987,1.32353158652281,1.14122087372029,1.31653781056679
1.358534093,0.648380407888857,1.19401598608493,1.20293102479478,1.47457031953226
1.351875443,0.690920173968182,0.979290560329603,1.36587160917336,1.19019268050191
0.95675151,0.53184184524413,0.322075151143668,1.29989929001442,1.22735161494366
1.075351438,0.506456382165997,0.847299159577831,1.43207815027254,1.11189747775372
1.056091482,0.646362964219472,0.95786955982234,1.45094524945481,1.56323987325504
2.243765607,0.693124394122906,1.51031792755133,0.98720565075927,1.03703477043759
1.114634737,0.333189192447549,0.824252973188281,0.97109219971311,1.26293611144399
0.561544224,0.321622520725407,0.441482018955486,1.21272200672804,0.570792990596358
-0.399228993,0.193163267938724,-0.177554205617254,0.937940103446673,1.07848531538462
1.87168726,0.250441220326803,0.715663522664763,0.395801464724764,-0.452911905970131
-0.939432806,-0.338212405591924,-1.18608465568697,0.574243178588506,1.21855529511476
0.984316597,0.28329907859756,0.750426848073458,0.331384461262041,-0.131813099897735
0.308373744,0.439230086838695,0.485193564525524,0.621816374334923,0.508626947449809
0.250304779,0.0440776717583536,0.0434956198196511,0.278031813715885,0.362924868624941
0.43200591,0.0479549339375272,0.113768201290743,0.108768755081201,0.0801888373326515
-0.052914997,0.0604359911047314,0.0972656588140083,0.381473485559269,-0.0083476063826991
-0.75664278,0.0896233913184771,-0.628542958593571,0.404600208202106,0.738079716825803
1.709583017,0.241312329693616,1.20960451559589,-0.107033794865986,-0.298023286969892
0.124741523,-0.0510116637622261,0.165042449584414,0.256279089150571,0.474287873502247
-0.582394302,-0.188062814472584,-0.50727770029116,0.0574035057127116,0.443303316821781
0.76596927,0.0153063272971493,0.537508493241079,0.255251550631843,-0.471081410942995
-0.604560738,-0.159915770729573,-0.699657696499725,0.0388964423730882,0.359956978676965
0.206807396,-0.0214387841724003,-0.132259131613177,-0.0676898328726801,-0.345927950467504
-0.376243326,-0.123750249132312,-0.737374900300274,0.343559020487751,0.236662292336525
0.245506335,-0.035761231764345,0.190112430118033,0.234312861044018,0.358352654452625
1.247910534,0.367871331106272,0.808421473226943,-0.0857324325923054,-0.0558181965527253
-0.033200766,-0.0551206789849499,-0.0800401711813374,-0.0969210914443974,-0.279662949362624
-1.880746645,-0.885227796277343,-2.17769444516861,0.384412207954065,-0.0853184581902578
-0.480740477,-0.32608599368341,-0.244170853288514,-0.2423272405949,-0.444657829129879
1.307833537,0.177782512674768,1.14243520411272,-0.902133535314535,-1.73167680326417
-3.322185351,-0.445701530313249,-2.15037694472632,-0.0490279360403389,0.528082236760308
0.000814073,-0.0813176559295167,0.235824680337275,-0.374050842036813,-1.20051583786477
0.460678927,-0.323404011275122,0.110658380386574,-0.768424354107198,-0.602149738043444
-0.478905464,-0.0628818319223877,-0.423932540375334,-0.567131635151617,-1.15764373488991
-3.252285147,-0.950636618468743,-2.16992216502552,0.367345643437227,0.213638386346319
0.71632349,0.1517901521554,-0.61009715780051,0.104897070646374,-0.823291924159865
1.142482255,0.0451800727052103,0.903796196923387,0.482911767056384,0.761630575269436
1.425894375,0.366013405391227,0.723854278552801,0.450150169094913,0.915814919048209
0.85961593,0.272603649921399,0.649514528572763,1.03096347301266,1.02031850186461
0.585326704,0.0104197115845732,0.215637853222327,0.880622168621861,1.07141898496601
1.464072223,0.540264300594891,1.4305060647547,0.841364990091057,0.196391208889744
-0.538372856,0.135597341162863,-0.434580433247624,0.978465284144667,1.37829323179414
1.548979339,0.42261360898663,1.28647055980414,0.711033676542482,0.203567490583997
0.691500783,0.3844658002238,0.486824500504588,0.67714553190518,0.892528526622404
0.622627823,0.0497411873375349,0.212426587546754,0.456728890507242,0.315426508989791
-0.281566577,0.0335745284733533,-0.681405558615336,0.552917890072533,0.625685126481673
0.849328033,0.348065286721859,1.39284517868114,0.155478505845618,-0.460072003262827
-1.009626854,-0.176462726279241,-0.36956713662862,0.560160248079396,0.619025002624633
0.467609381,-0.274092410616015,-0.144989989639312,0.170955344485242,0.0898888349903385
0.903894271,0.202635133652245,0.731558443178709,0.596228946039087,0.691337858602619
0.994547171,-0.180135270035163,0.139901971231359,0.55452342707783,1.24820271484977
1.993983991,0.289648915880462,1.93560184686775,0.608910989553918,0.451342829789936
-0.201233837,-0.300931769937217,-0.10439032905097,1.11775669144717,1.27591772492894
0.66511357,0.221360903630039,0.546058318005109,0.905420676170979,0.540752767015615
1.090113884,0.35780173066703,1.07082961565404,0.641250081167007,0.456778741499684
0.470956635,0.271699787703067,0.652200284071812,0.641673422016505,0.280747957502718
-0.83508023,-0.285762859315614,-0.791615205850985,0.909353688286729,1.13489995745305
1.880196293,0.734493084557676,1.93747408725274,0.53153634920562,0.0836307548861976
0.830917591,0.185291237822531,0.688880401708471,0.527685743863759,1.04582865514125
0.555461553,0.135231202730537,0.449093868524188,0.54688400908827,0.850326478294484
0.844207867,0.39693015883017,0.548137599935102,0.661754001637512,0.476346433069511
0.395021991,0.177698709654272,0.182998602401517,0.57746619247857,0.421458951932468
-0.069348233,0.000983445535935365,-0.843973562212096,0.652039628074814,0.537029721429336
0.579027733,0.217400622973689,0.337073959049609,0.526134657401229,0.42023043507255
0.912836168,0.347081645050219,0.625383943336153,0.390013664120149,0.430379316389789
0.350989358,0.318105327900059,0.227330442984599,0.551787391886742,0.654474707010087
0.430298692,0.394493389907938,0.299389365105967,0.665522520610208,0.523748542946842
0.579675829,0.426948405188387,0.413094713701706,0.774357045994264,0.644946525895681
0.75976963,0.291184008718169,0.40705844792045,0.728026443253277,0.993094704061531
1.571020472,0.477060735377676,0.914095965988053,0.667322598754453,0.676597514788135
0.564737924,0.294874146453702,0.313442102217168,0.974429451268646,1.20170081137841
0.892582464,0.558779198779562,0.912033801089107,0.896635991842294,1.0146749867925
1.697205315,0.335203765517167,1.22797761509377,0.593615900343446,0.0642897804402298
-1.023611902,-0.215133264418463,-0.799561437880511,0.952709267944706,1.23783162422225
0.920691467,0.235617640532104,0.606178193321582,0.650052254351605,0.0858918399742643
0.827079455,0.313033754097125,-0.107434270117132,0.337111848437832,0.687678946345243
0.906116809,0.0191588933940451,0.450462269099024,0.0834252707280537,0.128625823042652
-0.789060888,0.138613286262007,-0.774715802565904,0.94944253174905,0.851363715668321
0.710673522,0.441678585726719,1.01340963276001,1.13735622805406,0.423637457545625
1.35930932,0.389866586723629,0.906209303234268,0.77513407659684,1.02482760454538
1.925081132,0.48500774965292,1.2885394049239,0.386434888073769,0.249493819811979
-0.647073382,-0.335089255024998,-1.45755183300059,0.79711653657933,0.294582570109098
-1.861835061,-1.01268788054016,-2.14432179828711,0.532681253092393,1.02925169706125
2.833831252,1.0636919194133,2.22915658575688,0.738566999285761,-1.0569023060182
-0.941372014,-0.726848033248092,-1.77266594062135,0.458732575682633,2.11811081718215
2.233956026,0.884911163841454,1.7150719986092,0.995802907138414,0.335227363026546
1.42447536,0.756096005527592,1.44471833542889,1.67809432374896,0.697566951547914
-0.75965922,-0.382844300922642,-1.1648064036405,0.826810730182182,1.45388656582656
1.552489894,0.331147296580005,1.34250420595439,1.26459038799512,0.131870149575743
0.898586962,0.0748474667785308,0.723067605758006,0.938956830648366,0.37039851542333
-0.754462213,-0.197939521779627,-0.587479818140315,0.858689816727675,0.896359682999001
0.835656742,0.130443730527678,0.773928103480197,0.851936824208178,0.183952869994453
1.022007423,0.0409022582871922,0.818689932230688,0.341411445134535,0.310573216125756
0.11134792,-0.300269158345977,0.128973158280336,0.256162406804124,0.118650203602616
-0.893364957,0.0382669986785466,-0.390196618609906,0.431502410337783,0.228402873936978
0.329310664,-0.136982164385492,-0.0623793815807588,0.0877501966011543,-0.569576487686892
-0.665784428,-0.136277508712764,-0.414358344626498,0.0404628048276588,0.58742649717985
1.261589832,0.181090635700613,0.935282932524227,-0.223468074841589,-0.500695015840371
-0.696933358,0.187249850791181,-0.524104267065219,0.336146141451035,0.933650728948101
1.069009242,0.20596151219949,0.51829473078411,0.116195921013845,-0.330746915852506
-0.454215456,-0.369049566437288,-0.618951348536995,0.103690741268817,0.982886744898367
1.623506295,0.405702654898721,0.800139455424757,-0.293025600143236,-0.984577766081168
-2.170117624,-0.489297276727018,-1.85007852122169,0.809144059829502,1.12278422598262
0.797696821,0.389955405641588,0.44154453101267,1.04470956166239,-0.0674023187449487
1.327143228,0.562162721716471,1.08883561092312,1.26497787223816,1.48508229075739
2.584565487,0.909352039111451,1.33421433291917,1.61640129186072,1.73524970133833
2.026827201,0.377657963368898,1.21387920932141,1.64138765519353,3.0373618725132
4.286099177,1.17750852910273,2.30971221784308,1.58587882893527,1.22342210526062
0.153181392,0.340814390198762,-0.0275142814163541,2.40638395208032,2.76914706734143
1.552315013,0.725197301479675,1.37399822035383,1.89945532381407,1.23954766808186
1.94214642,0.824086516359895,1.53264791928496,1.43935748218496,1.06309727782064
1.08640408,0.963478499353128,1.31500983042368,0.827140522662395,0.181680326077526
-1.853338559,-0.479929766706493,-1.45086107491562,1.22404077999973,0.848040222203806
0.316847101,0.279607245856702,-0.202739458188557,0.830939916191616,0.0480041360974573
1.561168764,0.522836122887978,1.10913038157682,0.748272686290885,0.577498699354214
1.058127889,0.657203910178854,0.778512632891512,1.1195567344169,1.31980739093689
1.249884355,0.593357592307487,1.0212612718749,1.27172666180511,1.35400310793695
1.676295888,0.630467113192392,0.850108555785241,1.18806583145451,1.22506994487429
1.259315747,0.814095326230671,0.961447833838207,1.19385310498427,1.3125853012148
1.005196386,0.668117128231687,0.823879882970719,1.32823699171599,1.19443190311897
0.971692526,0.67868758392959,0.665371237120209,1.39875293279985,1.3626250408404
1.641221582,0.865336703801982,1.24673664158635,1.42713092229851,1.42176422418047
1.857332825,0.902603769506939,1.61618162805732,1.50755381375942,1.70865600867468
2.053251939,0.834561682776648,1.5411871574053,1.56136853944741,1.33657548165288
0.740862826,0.150850218018919,0.21825219519112,1.55257791296546,1.78616167900517
1.676185211,0.622125264957886,1.50059953113246,1.66625023307504,0.901863055004609
0.650973209,0.642601896081791,0.897671398776407,1.82470507718523,1.84267940629855
2.129427866,0.754380716054036,1.68408362944409,1.2383757881011,1.42912509506028
2.194838948,0.36820267232281,0.593774284957762,1.47653116134038,1.64589436205016
1.374074519,0.191125847586202,0.174159918100165,1.41439467431428,1.72940244805024
1.558837779,0.257669457749582,0.655276458609064,1.31485565031099,0.675054589552919
-0.111853744,0.378850494439889,0.925671515125196,0.968536634824392,0.621418283539469
-0.385071203,-0.127926455296514,-0.566746029099674,0.885622136614138,0.140570523619272
-0.026099232,0.223804876528187,0.0892334943494578,0.68676255038342,0.400578884435762
1.251327923,0.203251488574556,0.844250384108166,0.451691880117543,0.113896231528668
-0.072182411,0.0960637190612846,0.433652313758291,1.15645221291132,1.71865261782819
2.519016456,0.816510955041618,2.02094778933271,0.789696320149908,0.857248879805006
1.73297778,0.7467239489211,1.6333967919757,1.11712259609442,1.56077804397396
0.921524599,0.251636653202973,0.418118722929262,1.24549233659618,1.50644860398963
1.221725276,0.686259321240694,0.957598377098412,1.41462623919676,1.11936899069689
1.185361179,0.597945727023604,0.963671900630846,1.15515117161429,1.19265619010257
1.25201298,0.577817193068687,1.09401475166056,1.05434352000478,1.00887099493141
0.789227728,0.628550055825502,0.748988037857928,1.18429618558619,1.15390534575459
1.059223715,0.875702686341948,1.21504913507349,1.09484868078585,0.979446752736969
1.135307995,0.265857973343181,0.80759378398873,0.739126429528112,0.970359792536587
1.114702424,0.398921008948776,1.0409842067412,0.914701499895099,0.440724234116977
-0.518158167,0.144712330414034,-0.223736740112289,1.15621637567813,1.23332742635344
1.42192589,0.417804447468521,1.15628105048903,0.789227132270357,0.338892100749021
0.911890771,0.117788253198405,0.630553292293103,0.866505363592986,1.16985974040264
1.144118342,0.145650463278835,0.774919438519421,1.01726675613228,1.1405188218114
1.254288564,0.716483475408874,1.24377317921972,1.54888285971926,1.43978844132949
1.80245868,0.365206377454274,1.2187259757088,0.916443796829577,1.39142738408746
1.882982895,0.656533812648523,1.49641498265194,1.32973386760969,0.688236892190874
-0.831116386,0.0641637063776646,-0.253357707033622,1.84246349826141,2.14843330499662
2.553056931,0.95282544413643,1.84772504933436,1.3131769716494,0.681018527047914
1.87035165,0.827569505585697,1.56080719156191,1.45194164802091,1.71985558486314
1.315508017,0.66350195284213,1.21163535439288,1.46287993423975,1.67126642353613
1.483332547,0.918759667113708,1.2167810379728,1.54615523231883,1.28821562529035
1.268590067,0.691685058656309,1.06239590792985,1.30828910543625,1.04950977659443
0.477478609,0.393974900963913,0.27416322772113,1.38431189720907,1.38891445193191
1.529263705,0.629201387138439,1.56946734028006,1.13077662631016,0.896296539699234
1.362459468,0.493579799607196,1.02211155839965,1.02946782628253,0.807943939542907
-0.011782825,0.273496921833786,-0.0858442237265803,1.24946472548414,1.47010430101917
1.631671827,0.592840570942503,1.60332116411355,1.25956461595545,0.719516350627834
1.220015481,0.429489273408224,1.25350102818818,1.35959629315515,1.39865850586839
1.425912969,0.60936051556555,1.62722884616095,1.20094350740386,1.18846186120919
1.122870674,0.499704086464744,0.874382690938472,1.22094358893536,1.27635625272457
1.253669173,0.670399063168451,1.09219049975542,1.26228044756463,0.874096676293703
0.404336456,0.457230405727152,0.3942530824025,1.36873425059874,1.42091213807608
1.645019361,1.01084662594443,1.4712940860266,1.14983422332593,0.942102659980879
1.430730345,0.894496741359572,1.17782751476279,1.02257055131367,1.20034740523027
1.034964514,0.607960801047198,0.894526677626859,1.0344090576399,0.8629974007774
0.116914919,0.0820562472959383,0.0968342570212255,1.2997353765603,1.17756873365881
1.248770529,0.664996290110587,1.11473026410819,1.25023666119865,0.792976214916561
1.268325961,0.714460278702456,1.21421393133247,1.18875320033954,1.36481857923709
1.706134063,0.972821295484001,1.52967353042241,1.33153477632811,1.216104374909
1.030086052,0.425612021468563,0.536820153729023,1.69292580623767,1.86305933468209
2.112139855,1.36984785413525,1.69774307755073,1.59101522417189,1.5397892551842
2.025794924,1.24905413083997,1.65238244676299,1.69185305763705,1.77033123714314
1.641131349,1.14845395671075,1.43358390150655,1.81731602524903,1.61332358999901
1.36117833,0.449417734547539,0.990288431529319,0.531493846801694,1.02413605991524
0.8074655,0.0825976964710635,0.249107257630061,0.761294373181717,-0.412440067793081
-2.71644765,-0.193556921477576,-0.692605481467665,0.454856947086421,0.691543373803489
1.792230087,-0.731941675837847,-0.239568448662703,-2.39346408236587,-4.54859672018286
-7.215303514,-1.59881646113961,-1.54599980569492,-0.837698887780442,-2.03152904202223
-6.49277741,-0.808087802506008,-2.27649999925844,-0.687165388238516,-2.11329959901925
1.814703325,-1.06242488956485,-0.503338345908296,-1.41403030625641,-2.59001720554279
1.168575978,0.235668220229561,1.14931877301556,0.313579126359062,1.08762733295946
1.608891821,0.668584967484466,1.52224237708326,1.01237972257249,1.29703091508212
1.55630866,0.729532095480586,1.27064207419595,1.35306821068847,1.4000184778069
1.264994065,0.915095186438767,1.20304480729572,1.46002995735419,1.42705660582931
1.215970423,0.96532789779383,1.0618913549157,1.5489676453789,1.54650521457079
1.794482896,1.20648757369168,1.6159503230104,1.45686598832019,1.47843732305561
1.743332657,0.939137823454946,1.37459592331122,1.55987130587836,1.67222216270806
1.61691104,1.1516133074833,1.62113879198695,1.56416262276513,1.73662143301162
1.831709268,0.967565856250523,1.43024795663864,1.70551206414813,1.41070648690182
1.009571774,0.707614072313469,0.859855003356179,1.78197097943348,1.99509956945952
2.298739622,1.09210299042968,1.90854224097974,1.55975951586558,1.34401037297298
1.565798765,0.952730189449727,1.31016409077917,1.63042663097031,1.82327643484007
1.550371779,1.03972396765293,1.31328730762335,1.6198709408454,1.50980111442795
1.344236029,0.763051412539999,0.9356409768376,1.57851402421547,1.5412224219847
1.625637199,0.645710912812952,1.2616155190777,1.3030827867466,1.14017384740073
1.086360117,0.838305156856073,1.28482308738615,1.45012093323099,0.72625997444706
-0.479103693,0.361872785866553,0.43418860721645,1.36303608271499,1.48543357389254
1.916157545,0.874573380346667,1.57172057406259,1.27181555381197,0.485214041687705
1.094440758,0.564327585721969,0.991816514761759,0.917794737290737,1.70791163867065
1.90580993,0.657774902259949,1.24953887923006,1.15327552002805,1.25806442294565
1.453812678,0.729222522962062,1.33012302501986,1.57482186156646,1.26798760971342
0.563379952,0.504496810979094,0.629625519153947,1.50178434258139,1.62500780134614
1.817536444,0.989795939865424,1.65213657051305,1.26880513479322,1.01898991820764
1.414818648,0.531294564813423,0.872685336912491,1.22365850512239,1.26098623382597
0.718108206,0.682076834459798,1.00604983308654,1.30763670618943,1.59531212542596
1.943035882,0.795596686098559,1.56844837388393,1.24121568284421,0.709823330629898
0.492691858,0.201941387874182,0.20598465994265,1.35402021608628,1.46487510447064
1.044694777,0.931161041875728,1.49760151003917,1.5910914119017,1.22931291349063
1.749595619,1.11096050461186,1.67577040933055,1.5661113290665,1.44968708529815
2.061764969,0.962312675488597,1.60241554813264,1.44060943812361,1.33831108712188
0.913200962,0.529833854464263,0.541116068042885,1.73753972078118,1.88119027162523
1.762763464,1.14285324956613,1.57469363156934,1.71870668181818,1.42457976297557
1.826756037,0.965711822400765,1.62309239823864,1.51987769569633,1.56492578954067
1.461902179,0.773920390444617,1.14947715783618,1.57148431049973,1.65895725204483
1.521058947,0.843781802898324,1.34882985972038,1.54116888344547,1.50059814988185
1.647886721,0.896673092772458,1.46459549483108,1.28466161494805,1.05191050628271
0.521793272,0.474562268425223,0.541068979207046,1.30456351037448,1.28282198440278
0.853543311,0.515573005107263,0.665031218305871,1.19371602812417,1.04866972661967
1.397790562,0.877271519254116,1.18248034148064,1.23178231165572,1.15226681284835
1.519982054,0.872495433561318,1.38456192952428,1.11153482039771,1.26912944537411
1.249733235,0.869504758213047,1.13249558502693,1.2693596705096,1.28983497602824
1.086528769,0.623470416048478,0.897330766547122,1.26346623272566,1.20029288421228
1.260412124,0.710350694867456,0.992455685423823,1.08410032799956,0.703770357910794
0.205244141,0.15825921782376,0.00531674105026108,1.14581026246366,1.00874765665218
0.595720614,0.286621996747474,0.422487419769822,1.03541819452882,1.0878505821698
1.98630558,0.873014692329285,1.71440155417027,1.03166054719799,0.703625478198819
0.735109986,0.602007833610875,0.720181527741168,1.32321283240554,1.62671400815497
1.365732224,0.912359311476579,1.47766958280612,1.58099122573031,1.51234324117779
2.330624299,1.18586432352999,2.07889459166159,1.2835418448267,1.15695065861097
1.080390909,0.525426439340732,0.959960110638736,1.36684200484737,1.42472807829072
0.478485965,0.568190675562023,0.530806199986371,1.53015313070202,1.51377752610561
1.849976883,1.04794135301312,1.47889012044641,1.40686957925161,0.998055071697119
1.385884445,0.860741972529833,1.13945537321748,1.32255369789204,1.57994744896473
1.50009075,0.874184803602495,1.3425647471246,1.32704677469147,1.45787944825051
1.55974198,1.00122301470758,1.2852469952362,1.55670058198632,1.28722682709432
0.954436867,0.772632494520258,0.729790682052352,1.31517369293655,1.68817877632373
1.990963721,1.31317208231652,1.60900163252731,1.38605444068657,0.971140281313777
0.748441835,0.792344072314454,0.676237698397908,1.59038688613744,1.79937283835203
1.660841219,1.04606704836576,1.25353078018081,1.55669542656236,1.58382872616397
2.474207571,1.28429721160953,1.7535018646594,1.48035633531935,1.27787131830336
1.008288372,0.871231495569303,0.964341088322952,1.38985860649381,1.66757475264514
0.904015778,0.756198701955804,0.731085187130026,1.46183532716088,1.37483109237564
1.578637908,1.11165302200478,1.36582825020352,1.49428711376837,1.14294195173099
1.321433708,0.937444459611959,1.14205281422399,1.17557517421324,1.45280671328652
1.467190833,1.10889199577572,1.2516304012521,1.37028769392174,1.25345997455494
1.057720334,0.952742334672226,0.886252111890819,1.55135233404971,1.59795508749493
1.76616741,1.21160749830065,1.4547029806171,1.34712377437837,1.37735989909191
1.750451941,1.06652631326374,1.44326284354866,1.29114407533865,1.33576517069296
0.979190427,0.804578863258779,0.857025023525787,1.3391437185923,1.43730503376886
1.052743658,0.846110842624537,0.890905006061843,1.4843431875949,1.35174233946517
1.584334953,0.716261037942115,1.06521739225882,1.41157405143927,1.40846705800533
1.8164414,0.988406519999285,1.43750112676881,1.25883219144364,1.46675848437467
1.505032093,0.998633352936481,1.28484394197437,1.2288303333506,1.38054537293148
0.982842188,0.679524576042669,0.830042111285366,1.15392057325379,1.29199674560637
1.062028874,0.76697896987271,0.852821464864524,1.15196577446238,0.988540154977301
0.770941788,0.771508491088153,0.693391192024386,1.22535510560555,1.38057055729861
1.7741735,1.1745708342417,1.47163874878838,1.11456373797617,1.04169268491218
1.275118712,0.900192895788254,1.12213242045775,1.13501373025894,1.43147700382133
1.332063486,0.892347132806736,1.08876975533019,1.28318359771178,0.99895689876364
0.394059647,0.503258145632559,0.261194328033277,1.61757957146977,1.78119209366563
2.293265551,1.38165813733266,1.86033515372918,1.50479754458944,1.20575618794471
1.900271192,1.33128167588656,1.57660096672741,1.56092725420214,1.8866896458422
1.879818738,1.159869341095,1.53046237424695,1.51931937828839,1.44623726889287
0.959056354,0.904171637836567,0.985597220097914,1.63463312115528,1.46842381949762
0.974260684,0.669212775892311,0.778559006973527,1.30714780840064,1.29175991525803
1.599164253,1.01321155194251,1.39161539983426,1.22980460459809,0.916828410323579
0.769944809,0.621420556832096,0.651404177758181,1.21777245135725,1.37523629395987
1.202936316,0.831839234445994,1.02743427629857,1.05616816841481,1.17309961256881
1.721098777,1.20413474536991,1.621554878782,1.02228099632948,0.586000569493927
-0.100726244,-0.013302601872328,-0.225136361685196,0.972976882926989,1.16210925415548
0.632168438,0.495599053190361,0.482412585364377,1.04127520501859,0.582387929493837
0.883943571,0.542115211962084,0.665617619935967,0.897636313037424,1.12633879705787
1.775904471,0.848243502159552,1.42914703314353,0.971330615701853,1.02403902152892
1.097975539,0.915628700330259,0.977684767204622,1.3438121967034,1.74837671080746
1.955952515,1.02554209728772,1.54334560847915,1.300517533014,1.25338524290264
1.328730186,0.864351550048081,1.1298050153937,1.46428069271868,1.582347144367
1.342355929,0.759039536046999,1.01692636640809,1.38386661617811,1.31685311851647
1.195299955,0.856310491400642,0.901419153450141,1.31575427272721,1.38372347926266
1.510756984,0.844886298749486,1.34332942184942,1.00421294349188,1.04762869497393
1.00474584,0.547499793758258,0.780655784592358,1.07812420236921,0.808490190685333
-0.112572094,0.452951162626953,0.9219302633024,1.31634004477186,1.35633396494946
1.646607745,0.905112829516492,1.54123271085492,1.30926888572721,0.829342346251539
1.580870685,0.721526041704183,1.14127633764733,1.11430125260787,1.53663701889678
1.719319199,0.808199936643826,1.48252437091131,1.32268524489103,1.45185825396507
1.312376913,0.93479808106445,1.10239445418845,1.53678360468529,1.62419769503878
1.624949918,1.07357724854715,1.28127144756679,1.35751910920656,1.25984742023764
1.222323713,0.842548266214004,1.09285723463712,1.28295564269212,1.16335474952386
0.882695926,0.751248257054543,0.838200268749753,1.2713272405923,0.603889747086462
-0.410746304,-0.0265254792387889,-0.102573337198542,1.46433795687069,1.40450487952977
1.879243828,1.10159547917212,1.69364095102952,1.20664726628355,0.795365092686268
1.873211453,0.925311766079395,1.73733125008903,1.12522727865274,1.47113196584111
1.477931916,0.911164721746717,1.44561777612361,1.27144896917533,1.31298829674402
0.663513377,0.582615977148015,0.88445912376338,1.56954560958864,1.54813550565404
1.664210146,0.723520634036884,1.40675852495136,1.17032798576261,0.901236867638098
1.084835611,0.505475804346093,0.93673171860345,1.10272827206613,1.05650266627787
0.431874761,0.26644730583547,0.255673043502032,1.30256620107847,1.28323847160821
1.351534938,0.856413502590135,1.28657214786599,1.45009018602955,1.15520866710665
1.824881613,0.982644209052371,1.45191061164285,1.31174433964862,1.34628812198485
1.434151905,0.747024360496167,1.19615898794709,1.28528470075661,1.68044171050852
1.838374706,0.93202666452274,1.5688805171896,1.47239944149328,0.94817673400123
0.163406844,0.344052196007681,0.127872818904085,1.64940687012735,1.81955664627538
1.935629225,1.22712438941682,1.7055691571052,1.38924981123322,0.900651663529375
1.384943782,0.966686284865973,1.272282695141,1.4483462497013,1.57825106384654
1.453436242,0.903109322946993,1.3236431096169,1.40656268874158,1.43243018558941
1.41510038,0.843537657104303,1.14679996491796,1.47685959155473,1.48811930745199
1.576646714,1.07145683474867,1.27423926198638,1.35053434170978,1.32885495693127
1.233861207,0.864736226956639,1.04946481720359,1.36255758709548,1.40529900152381
1.268139227,0.820460109756855,1.08722004636025,1.28492174731559,1.23887662591031
1.251193283,0.521757672614594,0.894771815587307,1.11137186156385,1.07687559421738
0.983417196,0.701766407017875,1.16630344780086,1.24260520068269,0.786052209464704
0.068371178,0.349860348368012,0.256376646467669,1.33953812823556,1.37885193786792
1.759504163,0.861254247567521,1.53724944333529,1.2798457792232,0.899500509841991
1.571317248,0.773250252121491,1.25085455159256,1.36290287103965,1.60261588373207
1.704450697,1.0244177957688,1.51242204912647,1.49455296527863,1.54584147493487
1.533982032,1.04170760539826,1.35644687968829,1.56598433463407,1.58526805971719
1.561031501,0.985082827420121,1.43502284072681,1.41849029578435,1.31203063819908
1.190953692,0.730729269214354,1.05059214920647,1.37856569609553,0.964468983502853
0.26148038,0.403312657811915,0.197912260285721,1.25921587452855,1.11096475471531
0.88586287,0.551812759464896,0.672685259954208,1.16640423284142,0.94676408483984
1.473298302,0.651092217668328,0.672242870064858,0.958151588774922,1.18082733463446
1.657728341,0.821744762008247,1.46892416746002,1.31608791719241,1.14798069494226
0.769797878,0.798079742864542,1.08446889275677,1.47266033406588,1.69843728015919
1.798774471,0.980341997148779,1.56087818318774,1.56788044768034,1.29052247704904
1.729295442,0.784991909119825,1.5216835902013,1.54563216102306,1.54688108108205
1.526926813,0.740945599534302,1.38294242481947,1.58152231046426,1.30052453551821
0.747799975,0.918570548049891,0.933000276146329,1.67936274249297,1.59729573241482
1.640806693,0.749186558241202,1.37969600570117,1.55489128205961,1.24809116951482
1.712001695,0.636622734521989,1.41827101946637,1.37368488293113,1.33604693070335
1.356925919,0.785713219650196,1.34479596233584,1.22150155661885,0.820783413641475
0.063131085,-0.012142396576036,-0.0394370749454066,0.963042259980494,0.383171574099038
-1.03544674,-0.563399750497523,-1.11219402880525,1.15518263097345,0.934528981834567
1.554532919,0.877527300459395,1.39790302470801,1.30766150354944,0.523860866625315
1.929864419,1.13445440931193,1.55570366717948,1.3270587440038,1.4239598337497
1.633672982,1.0966079596942,1.31124503784308,1.60779296445118,1.78994361659955
1.781257397,1.20788716260949,1.48762210554625,1.66377469305004,1.65118180209429
1.652283753,1.18600568064417,1.37694360122839,1.72085941174402,1.66946504815223
1.555884994,1.06916456250011,1.24048131157299,1.66939569331285,1.67799770569565
1.71363409,0.999868542856972,1.43919803776541,1.63855821580256,1.553944777449
1.52990523,1.01506422785199,1.36510371153576,1.61659770642953,1.62830040319104
1.550543174,1.01828856423075,1.34692783463914,1.63107629624344,1.59762832255402
1.611959603,0.94173752811419,1.23550704409021,1.59859476781326,1.67816072276387
1.881161723,0.971359860241181,1.23793532547426,1.53455685628699,1.48858295716491
1.307245257,1.00644061492136,1.00100094041195,1.71761191944559,1.79709865541902
1.77166854,1.01124056407011,1.3500198993539,1.57457311916714,1.52288791333647
1.733866863,0.901835544071025,1.28184771985663,1.43235152403255,1.47335002078422
1.338186863,0.923443119694358,1.08165179342059,1.4595008712488,1.18300377556729
0.440707298,0.321412385240282,0.43565387094568,1.58366259605379,1.56719967048187
1.831747156,0.800815950548151,1.55710881539118,1.37031083040408,0.893126424472083
1.193909417,0.854300000179958,1.21139350760085,1.35801434172292,1.44700923092638
1.183549281,0.485522770945996,0.944832503835835,1.36042290033578,1.44211951437948
1.5900657,0.604310082975259,1.22189752562142,1.59612312091518,1.50145703501721
1.827141032,0.827062396457134,1.56568901201167,1.54826608474796,1.61416115557666
1.661164983,0.936112516438739,1.67995997738442,1.69526851672899,1.84291713768247
1.93906501,0.959860028174647,1.67577057537066,1.60849477923684,1.68896018663182
1.828636557,0.995733027698694,1.52749522539311,1.60113535235133,1.43038157998186
0.870257787,0.5778505184515,0.793837401755494,1.59941185741944,1.65593874748469
1.51180243,0.702654491609132,1.11414679050112,1.29049059985243,1.13261780383947
1.31396165,0.676189693059018,1.08858722260756,1.20245248159831,1.16132454466036
0.958576377,0.448847301647425,0.650455027570731,1.0336845410956,0.901316312965548
0.404116432,0.328490500466945,0.388157775081997,1.20787630792616,0.929818313707065
0.707073733,0.33360216010201,0.480742680196983,1.12085545706088,1.06139461092288
1.659141426,0.570063679299611,1.1015179412475,0.973967617906287,1.06065678478123
1.476555333,0.621365083169511,0.290824833036907,1.15781787977236,1.39207803738406
1.235671607,0.735008103472698,0.974974868972908,1.39427698172252,1.48172959902127
1.490923998,0.644698616948717,1.14481911255722,1.40798663877622,1.35071920939661
1.462332444,0.74779102854381,1.14291496670653,1.31596184059709,1.34839044825012
1.238786704,0.702314986527167,0.900117676396248,1.30479519840406,1.34942260788088
1.26403474,0.658442378305206,0.900606401758504,1.25161425986675,1.17836576327053
1.106715829,0.614867542528426,0.773854254464368,1.1736533062998,1.112051321942
1.024315847,0.579390292165358,0.713453918774977,1.11883130151912,0.859316801303178
0.469338138,0.312524885550266,0.190005669082554,1.23723889958163,1.15093642891451
1.18657165,0.416119939186579,1.00067734334871,1.19662563498194,1.12101968326548
1.751164972,0.500860388659228,1.26564050223839,1.19279062652225,1.20777168408106
1.294585483,0.648229178221566,1.10573721459914,1.33164386639049,1.57072554010974
1.560749113,0.681911510814028,1.1726172285529,1.28293800621129,1.21598727007966
1.091868611,0.430916121690389,0.91952946239464,1.39165958342146,1.28327516833801
1.103194618,0.428563514770708,0.642016032171908,1.31934937031926,0.911813021876119
0.429018404,-0.216528079315697,-0.79157729378211,1.54111586319876,1.56072995340839
2.008413663,0.453827453988409,1.66315776176585,1.39115909502607,1.27528694429634
2.152036701,0.622085870848442,1.56713817089603,1.28018450613378,1.52692524270185
1.30657638,0.534816858318463,1.09391259372104,1.37253947719124,1.56987767087543
1.08340816,0.583540150247154,1.07883796793305,1.54680331346368,1.11792835870415
0.801481089,0.422211595880872,0.471282454042934,1.4155097490014,0.998869546687174
0.701049679,0.467065187169151,0.137753417511361,1.22082773980468,1.31648800697176
1.860724657,0.704746698812059,1.52002117345796,1.25746916490767,1.02793554066125
1.259697616,0.62672824371347,0.711731357294663,1.24902831143539,1.71697647451406
1.750070129,0.977607258588187,1.32003366300559,1.59665120962273,1.51621041560164
1.745623289,0.943387441974492,1.13597431340598,1.61389323367188,1.59078283140424
1.513271639,0.847510216020828,0.926311830197425,1.50923421948472,1.56536162882362
1.478620323,0.733131287931798,0.993794725160714,1.52268466477477,1.2306930770015
0.892631341,0.272842496975681,-1.40941388587085,1.30066524104481,1.26371337930744
1.094278834,0.13431783069517,0.448886058315544,1.35123180313561,0.852521761068204
0.452817845,0.777156730501365,0.682275339639121,1.69149688766603,1.66598614580017
2.267109661,0.678150156013771,1.60706369709191,1.10864873617667,1.3642100167203
2.4301754,0.997707835666225,2.50124338869327,1.19478781553158,1.39219207286408
0.735462774,0.129456904816762,0.748707742255308,1.60117996291996,1.68442310002011
0.958714928,1.075950702745,1.59239323827175,1.40414183069554,1.11316673577067
1.613189278,0.297245273511183,1.00568706419658,1.08347211759546,0.0635444042605501
-1.281104117,-0.424702898202578,-1.13121071061323,1.46533393736086,1.60526369784505
1.658197417,0.42773841603692,1.1222284561992,1.33036317535913,0.520621429392865
1.989677368,0.333722677786691,1.39549440303549,1.12242820636965,1.34627340771134
1.752885847,0.57419529088918,1.41027525045146,0.78968731584776,0.683416803654459
-0.786882715,0.108108738809255,-0.237652449087783,1.49755086683804,1.39396679648842
0.942242866,0.235174213527486,0.412992278704311,1.33738066427382,0.513365406328816
1.294416589,0.568843129741218,1.4656206120845,1.30641739909172,1.46892734640895
2.177736437,0.730866972696548,1.93847724553135,0.902624128006154,1.75942672389212
2.918474504,0.670150124898437,1.82912211693834,0.824865234155699,0.438892301318216
-1.424820484,-0.190119359944248,-0.636465473641868,1.30202444850398,1.58050850577816
0.251170169,-0.0443286591022411,-0.167321468099294,0.853408604230969,0.142966679680057
1.057404362,0.448441757028068,0.820855354844067,0.990419722533971,0.648746429431474
1.126510288,0.428670652732552,0.627621659421002,0.906877419489517,1.27493312903953
1.638868605,0.363220090586069,1.16922184954794,1.11414599065952,1.35963230326631
1.701933636,0.324162573267859,1.05367072350975,1.3003260659719,1.37261268208421
1.129362954,0.517254365941501,1.00902534417657,1.52462607485642,1.60078710958312
1.545983274,0.704226380145505,1.04084407850295,1.26956561673871,1.29624014732398
1.687088622,0.888755369201046,1.62897167904074,1.22571997309871,0.569152384545688
-0.722389407,0.1384376483511,-0.0625306771350825,1.52256592683712,1.68437301512421
1.751388228,1.07746360096963,1.00726139723731,1.32778046865801,0.555905667835765
1.504865479,0.642877261812929,0.922477095255675,1.30443790200102,1.37721923461808
1.313612551,0.526424791756037,0.927737189460322,1.32975828657439,1.42711712425615
1.35494918,0.585932202327163,0.821229284589281,1.45611897803139,1.36478317343379
1.406217182,0.66665922454551,0.873749780965774,1.36438936364858,1.32167635781947
1.269321075,0.49172790833591,0.429956620004479,1.36116104325893,1.40478748340388
1.406917086,0.680950567738098,1.07311501770561,1.34383839545179,1.36168791401167
1.34577132,0.665992524792464,0.824071660957844,1.3580901076122,1.68851417217523
2.040657481,0.850247386427296,1.10868623728919,1.33411941386829,1.35228314213536
