630
-0.404039646,-0.229173463780558,-0.408835146703664,-0.622070959292012,-0.406092242241705
-0.319303507,-0.149567244412035,-0.460890306283488,-0.476129894458716,-0.671141889751345
-1.064359585,-0.796084504650586,-0.156760998268657,0.0589891133236094,-0.141283496894447
-0.092502409,-0.0671866707515571,-0.279509976547975,-0.305447000550851,-0.0691351861379168
1.023607995,0.102323284246496,0.603849158000561,-0.601723205860451,-0.294211546525339
-0.267116196,-0.319129117578157,-0.45634756197029,-0.528709140529581,-0.0470935103056088
-1.018657423,-0.312194631902027,-0.839905901355763,0.12140228321186,-0.267966394299956
-0.712160488,-0.121816046051972,-0.325611996161388,-0.220754495552948,0.129090958796986
1.458624622,0.0951395508777389,0.795894543222931,-0.69610316061228,-0.704222277004851
-0.673733023,-0.2030114922665,-0.716726108271126,-0.43697860899635,0.23731831978275
-0.722770298,-0.322058347369247,-0.581211277061876,-0.506327120965183,-0.336086339667295
-0.169845617,-0.00228878283107512,-0.162838642248251,-0.538010991223687,-0.752407765924923
-0.91662372,-0.156005472964257,-0.513191562097371,-0.379492209165884,-0.292061115473672
-0.479402751,-0.0565200741986925,-0.47976472272596,-0.395358911652658,-0.178331196388187
0.682194003,0.0890930557941497,0.0346189538805971,-0.708362914025972,-0.667182719403743
-0.73455316,-0.312341155950883,-0.499129660871466,-0.658298229591659,-0.349709154246641
-1.269051767,-0.360942880406549,-0.84361968606209,-0.450093177660752,-0.678457045651253
-0.806846352,0.0201199410805981,-0.570566203359203,-0.669474569662158,-0.98648321651477
-0.803742724,-0.541824836051346,-0.696976501897096,-0.871270398043482,-0.85863964232439
-0.882213761,-0.491076451277174,-0.729197210628208,-0.870388456323789,-0.764152600051432
-0.716260176,-0.493410753363645,-0.726663892500568,-0.764834309016844,-0.793583524055698
-0.756811272,-0.434854089043482,-0.694040784013567,-0.666869442512333,-0.609944051249032
-0.490740873,-0.282571930202494,-0.377294803669269,-0.764252777486511,-0.587728073589722
-0.327909087,-0.265726559020025,-0.645171903843134,-0.798355450572635,-0.740391723582937
-0.952601104,-0.546607030808309,-0.815145933351257,-0.601313841528158,-0.64846937251672
-1.015387875,-0.558010717027112,-0.678216065327397,-0.613145934604128,-0.683845719613361
-0.442035701,-0.319433364985811,-0.531127621320747,-0.846442895272142,-0.924734302328577
-0.84151265,-0.509551123558666,-0.799987361229888,-0.691622097916993,-0.734293290898957
-1.003268904,-0.594066581056078,-0.857693152676067,-0.812662282667787,-0.700912753510164
-0.530675258,-0.553208465563069,-0.621085120990389,-0.781572623081585,-1.00849072981842
-1.093146877,-0.627545497040015,-0.678623583528034,-0.927982609208553,-0.684318849722837
-0.695818582,-0.650801851932228,-1.10445401397989,-0.781002906463431,-1.11028885836602
-1.325028852,-0.597587226738067,-0.697349458110471,-0.7368150997519,-0.623738768144458
-0.515154906,-0.269863435543423,-0.606357865210344,-0.614482659954387,-0.83651706441625
-0.626007461,-0.124407524778261,-0.578935191821801,-0.227126565038994,0.0118664862155263
0.676506711,0.140009781610695,0.0527666595129938,0.272922492767863,-0.0720075059321362
-0.799097114,-0.549605305927001,-0.662832451999516,-0.793475750353777,-0.775869359144329
-0.749170093,-0.639608450335439,-0.715755029497528,-0.772760169468042,-0.805533158565988
-0.84194448,-0.580148853806323,-0.726191844079031,-0.739786774386825,-0.702374943816719
-0.623493865,-0.546280390942081,-0.635140403219188,-0.789431173995677,-0.808791307029059
-0.786412042,-0.527020971613549,-0.694675896952135,-0.770323922452179,-0.72712594917403
-0.71115997,-0.548066078435726,-0.603933870716523,-0.875501479684208,-1.03474906499839
-1.361009799,-0.811687713748038,-0.977447779320662,-0.776118472614951,-0.846291906404647
-1.017113667,-0.603718158231627,-0.799812053385616,-0.787657257433045,-0.994027281796954
-0.740087515,-0.439006598470765,-0.661808771569303,-0.821289894872361,-0.841033680869273
-0.632255439,-0.435160192143469,-0.687021179108735,-0.785712292081835,-0.694861785330696
-0.678029168,-0.272783697072253,-0.678001968693086,-0.564578551481362,-0.415007708130905
-0.220746925,-0.174807576947323,-0.576826894689521,-0.594967702745452,-0.293784555362364
0.246887991,-0.429325976658358,-0.295256508263444,-0.634037537693348,-0.55401981737495
-0.835776706,-0.318080850370228,-0.730346960653936,-0.440299549680341,-0.279553901530953
-0.715469336,-0.18852637234101,-0.649017808350835,-0.646374621890177,-0.734681664301669
-0.738973024,-0.204450085965301,-0.668335674992944,-0.809224187164904,-0.874887906643576
-0.97472246,-0.263084364729201,-0.632019789153391,-0.773896224420764,-1.06828406655197
-1.528110814,-0.624814349411054,-0.889728000900539,-0.790140038301225,-0.812223337909705
-0.65537158,-0.298413642968224,-0.672710511740904,-0.907039618630827,-1.14864637941254
-0.86313657,-0.354995127481805,-0.787283158505902,-0.855515862772831,-0.799151988430164
-0.861816573,-0.387081329838087,-0.741390184234148,-0.824402043494478,-0.733890733054845
-0.584750471,-0.426819408910525,-0.530669826648333,-0.804422021509617,-0.833697617102879
-0.789939416,-0.637926383140179,-0.74585732415774,-0.785468803550393,-0.766229430170374
-0.940727229,-0.615956100754261,-0.757237655162061,-0.76363370677676,-0.738752164594862
-0.713871632,-0.532080524711857,-0.675183317849957,-0.700011287593948,-0.808639342563739
-0.720867768,-0.461978985450096,-0.651928290409117,-0.789497459378051,-0.672340071629417
-0.523857342,-0.373542039717832,-0.44856178141752,-0.838009172118491,-0.88034736788102
-1.049555822,-0.737743493729079,-0.861317476508703,-0.750830178126093,-0.757721980776885
-0.967553639,-0.58217188029011,-0.806737140120774,-0.815416312203898,-0.951221275434346
-0.965593209,-0.476318589713677,-0.82662461342957,-0.772670739664899,-0.839178357609874
-0.736351268,-0.35244944549502,-0.683869816279065,-0.810979425245595,-0.762210866185141
-0.536143476,-0.334270838245053,-0.484272368825931,-0.780513678095331,-0.727554865467652
-0.682219336,-0.520859481152932,-0.677715319499415,-0.737365924987398,-0.633683804126798
-0.684682227,-0.460272348030324,-0.611034942126875,-0.70451182209283,-0.712970721621307
-0.761905964,-0.529761930305997,-0.748520524976339,-0.722315984965227,-0.716707539555212
-0.738301699,-0.47344772556042,-0.668447454794428,-0.725157091282204,-0.788478195071193
-0.868783772,-0.341658107000631,-0.579513093863325,-0.704621950906122,-0.665342455446374
-0.546353738,-0.478474523446176,-0.747126855426698,-0.753532802382938,-0.845549453457582
-0.889911709,-0.51875199789446,-0.726756293178994,-0.674999510042898,-0.579835958661887
-0.542368214,-0.527884370643344,-0.563204554818259,-0.713032178016722,-0.778777858417214
-0.733027922,-0.431918906922886,-0.652044171620581,-0.591166599462159,-0.591452639040402
-0.608738428,-0.4965433444462,-0.603789706575006,-0.709046322058897,-0.614589938971775
-0.463007123,-0.299306561234401,-0.479261471663781,-0.704578836483435,-0.726641740044987
-0.856273951,-0.406858194684096,-0.609926226557859,-0.598715877169203,-0.581344360118467
-0.677891089,-0.36967803399128,-0.428048022693166,-0.64396413774727,-0.731521976699999
-0.691766848,-0.306073397387279,-0.596243049211619,-0.595620451453692,-0.595184632653561
-0.511110761,-0.39370895222502,-0.581855656006495,-0.613321757937562,-0.544817406742736
-0.379506077,-0.250284341844173,-0.37167645877325,-0.601814253877482,-0.517924153890748
-0.466652387,-0.354431737261237,-0.581782767884797,-0.499287515511967,-0.537961876993866
-0.750610947,-0.287655156887758,-0.608297063886338,-0.402293777114895,-0.343829206200591
-0.16393399,-0.0969023957030992,-0.109956221138075,-0.582710228277156,-0.657376392267112
-0.577792081,-0.401159024247135,-0.543110906017737,-0.583709010162017,-0.512778862527699
-0.824247658,-0.377436778501953,-0.593682451496011,-0.554032617134925,-0.529402108300054
-0.502737994,-0.297596960325469,-0.536832136890591,-0.64191851153962,-0.735173774758032
-0.685750954,-0.493027925687665,-0.579472299979674,-0.6687148704923,-0.630930990144418
-0.735570388,-0.459792283902075,-0.703088718156583,-0.672935947244374,-0.640023265286711
-0.615666831,-0.501004742797297,-0.621325220186748,-0.663300872386145,-0.669849610149927
-0.573982972,-0.474435889327423,-0.600446482108283,-0.721057176614937,-0.738928634939635
-0.866252176,-0.687536832075044,-0.761445427411505,-0.700452814438614,-0.656228864595624
-0.717836158,-0.570545998987137,-0.635549660206042,-0.72302895832041,-0.810575000780553
-0.79965361,-0.662586245511442,-0.731910361437691,-0.721378667301305,-0.759165931494429
-0.804190538,-0.655536782906684,-0.676470982752388,-0.73161201161569,-0.731668721618037
-0.679173728,-0.616913964821381,-0.665895305550545,-0.716872464795255,-0.721941465459505
-0.647338552,-0.559595463350429,-0.594202560622176,-0.685928999564431,-0.654171385020811
-0.612861439,-0.546607625001163,-0.612023740375775,-0.661430402756438,-0.62679705826241
-0.588945358,-0.562859541257301,-0.575071511449082,-0.65608056684404,-0.636689000774082
-0.637166146,-0.560872239556354,-0.590657342446776,-0.655092517789742,-0.672184619450011
-0.757056695,-0.632938986366869,-0.637157322568469,-0.689325337889699,-0.673301455893128
-0.710328488,-0.527475992179095,-0.650535600138711,-0.69611998422071,-0.743140999335603
-0.7546979,-0.545159409450656,-0.622497904791883,-0.719591126078163,-0.712907318312019
-0.713600307,-0.549569124243564,-0.656506680736365,-0.712457259850279,-0.723545995031684
-0.704532683,-0.608113935367387,-0.663006492702508,-0.722056537210478,-0.691329190464287
-0.642977813,-0.537351727751214,-0.642440522137819,-0.755937890143311,-0.74423147711253
-0.780807821,-0.557572500904293,-0.675116732003048,-0.733520201828029,-0.719875629360125
-0.786144474,-0.594689322563,-0.709833941608398,-0.74352302562502,-0.77729363398935
-0.793239399,-0.585820262774674,-0.682569282196778,-0.754077958527326,-0.78701944053756
-0.797945691,-0.628378418465319,-0.694311368198718,-0.774900545402251,-0.773499077437903
-0.78106664,-0.432703359540063,-0.713895461298564,-0.740559661791402,-0.703425814138361
-0.702601576,-0.313060763032249,-0.629528297731803,-0.673621329503722,-0.433849407308653
-0.027330379,-0.0877363280541352,-0.0462010932777437,-0.628665680019487,-0.560824899720302
-0.378583853,-0.390317794548962,-0.647678833263986,-0.689857181039079,-0.348920176142668
-0.501979036,-0.244508145472978,-0.526957702236191,-0.606795178509841,-0.639744417735587
-0.98734384,-0.346855462465013,-0.845519776712295,-0.440808452946664,-0.568664175513309
-0.681370383,-0.37695862282987,-0.657221264159948,-0.54311425840828,-0.723095329179443
-0.595959756,-0.262245850394105,-0.597661110587184,-0.541947429576326,-0.453565168466457
-0.225653679,-0.0240527300260257,-0.456250926584882,-0.636719600082286,-0.305492914551612
0.168696731,-0.139426624246017,-0.364617947227926,-0.613679586761331,-0.610149281405096
-1.009978761,-0.26055258492078,-0.657538522064865,-0.401402624039061,-0.209283727076774
-0.481976352,-0.375643119792529,-0.502346922867829,-0.559861611472506,-0.787625675194272
-0.736225571,-0.355974201033687,-0.676586615018128,-0.587433185392457,-0.621815622436064
-0.704343365,-0.392675406576506,-0.62321924814165,-0.744699498388386,-0.715577537187726
-0.699283601,-0.358225458815058,-0.697139923993205,-0.752932159779719,-0.787444405477619
-0.823755435,-0.423467013244997,-0.678088829259396,-0.806446182709805,-0.916784264184411
-1.179761399,-0.528878670408648,-0.398018983069047,-0.687168132566067,-0.837835586512193
-0.971073041,-0.563180051745335,-0.855703079337434,-0.706172504879718,-0.711899700192428
-0.244235983,-0.269705616962796,-0.272862029666959,-0.763263573928892,-0.805633739517942
-0.655089697,-0.242912651027188,-0.578094635950662,-0.527524705354921,-0.379804616732782
-0.412625847,-0.311007709489838,-0.480230398855144,-0.526544649678849,-0.479287911768254
-0.322207511,-0.424712056783935,-0.485151143719603,-0.473006882293962,-0.469081571149016
-0.496751787,-0.419843466215111,-0.672467323047687,-0.410415818250635,-0.415686278096461
-0.526748888,-0.307952917265822,-0.493369137054856,-0.460921671929844,-0.381498354997293
-0.202737141,-0.292897534533449,-0.323539133776314,-0.499499934413569,-0.650947683391449
-0.83219723,-0.379689600430603,-0.676117487510385,-0.502001755828916,-0.377661220015686
-0.481820499,-0.355037611330064,-0.458910193976576,-0.539350207050818,-0.691402885409091
-0.679975227,-0.403858156162312,-0.575863157891081,-0.572888273440057,-0.460365563873813
-0.337487268,-0.302294699636526,-0.336850934119755,-0.692754106302035,-0.703394431226253
-0.752504727,-0.523171450248887,-0.631858616090945,-0.628685201603386,-0.562587982636401
-0.739702778,-0.545394101240624,-0.665995487298652,-0.664032256466558,-0.719182361972644
-0.753194638,-0.551005852586802,-0.718349256121274,-0.639192347013284,-0.702135259807676
-0.674738279,-0.456639301794011,-0.549571772306004,-0.736297961887353,-0.69974435684838
-0.616556545,-0.421448345972884,-0.528479152650627,-0.699073126815604,-0.760263559311708
-0.900011011,-0.370099525056304,-0.591517074934943,-0.510994342469578,-0.544996208779459
-0.543503796,-0.333478795961855,-0.526738762681399,-0.555761542896888,-0.432990365219104
0.117754478,-0.290263901509356,-0.217082906442879,-0.621951812222706,-0.652274119224808
-0.746673851,-0.12135168193434,-0.438898347137111,-0.476431201696189,-0.257720726933379
-0.47628639,-0.364678400457092,-0.581676130426702,-0.663113670283639,-0.723546488213451
-0.80349935,-0.332965019897467,-0.74021428608564,-0.616597752716169,-0.687071835622752
-0.900799912,-0.529109283168644,-0.79889039584549,-0.67856952305222,-0.741151567899791
-0.738422647,-0.576652941679225,-0.711317437824495,-0.657631237933732,-0.762029765059603
-0.672377496,-0.406996256278064,-0.592186147187132,-0.65745331356518,-0.623633359763873
-0.475536683,-0.384230574093316,-0.487778843495683,-0.669841940249424,-0.620893828567012
-0.577111829,-0.437209417617475,-0.610408933642947,-0.588949204943706,-0.472723775268658
-0.408531357,-0.252044359025049,-0.376468658384095,-0.609784869953975,-0.587130117357075
-0.595709365,-0.384464085942587,-0.574535518416836,-0.571950402336885,-0.553896777323553
-0.688219721,-0.338851799119018,-0.617355321133398,-0.526129519297739,-0.587459129211942
-0.664020053,-0.343416160569729,-0.594208341398598,-0.469285954633049,-0.466287963733832
-0.273007314,-0.287308602734838,-0.479296880017962,-0.659097654287814,-0.43216291260859
-0.10768832,0.147543993513504,0.213546378879421,-0.510093998731976,-0.525084934120353
-0.825516506,-0.315505811042489,-0.675416354604605,-0.285354297429992,-0.125957306316205
-0.102996286,-0.155205259001954,-0.320222344074383,-0.48392814883451,-0.438464898236416
-0.051289428,-0.317628975726573,-0.439465459945225,-0.430022497149305,-0.466162695489087
-0.874967834,-0.115201505454224,-0.65258923550372,-0.195156113529359,-0.0118987480325043
-0.028762597,-0.108766799358515,-0.250926615266251,-0.184136952233278,-0.132185346149378
0.6520712,-0.0762165090521513,0.42254546966854,-0.340637316937221,-0.28213217196048
-0.436249732,-0.0285486561187364,-0.440460631501455,-0.232888814055267,0.0808857446756419
-0.36115657,-0.0327711598633683,-0.343433965818428,-0.313696124552881,-0.362001665593361
-0.382890778,-0.173160382236606,-0.400946876039591,-0.338917881649847,-0.534593742887239
-0.783973164,-0.18918269501418,-0.540145784259411,-0.356429861230222,-0.362980972731199
-0.352613081,-0.106393954674572,-0.187337486213688,-0.548093644450237,-0.522260595947883
-0.237415506,-0.256114732322603,-0.33498109322732,-0.610048648666444,-0.602838867312864
-0.823560188,-0.33610736192335,-0.726318717149614,-0.55599489060633,-0.455982288427442
-0.638353184,-0.340452465881469,-0.55482325980781,-0.513689573929969,-0.724199542228107
-0.798744681,-0.440506960411298,-0.633918777590495,-0.497101622929259,-0.426607282988436
-0.141957353,-0.188231539018256,-0.23408395408389,-0.693918672965432,-0.651924888354427
-0.609976517,-0.370179776602839,-0.576505635692865,-0.532203219563704,-0.146632033347857
0.042517907,-0.0130466019317608,-0.0325976904043707,-0.582010421584801,-0.584528140372708
-0.600912035,-0.691890607136681,-3.01630902271618,-0.414849222521667,-0.370799619465288
-0.719694289,-0.381518692897246,-0.662282602897,-0.480092292087139,-0.535445888825883
-0.530488176,-0.327275137729515,-0.421092222049953,-0.522861987052677,-0.685280709102409
-0.703650348,-0.613352842728884,-0.451500947741312,-0.60969841446185,-0.554014096753439
-0.524764475,-0.334536608112868,-0.551238605246337,-0.720842403922815,-0.699417374231677
-0.673917568,-0.455070947538267,-0.697833787809476,-0.654302741245811,-0.75675026250284
-1.021859132,-0.648786474423229,-1.37529706984445,-0.643501764045019,-0.649637952574747
-0.633752596,-0.49984646069469,-0.575748741391587,-0.719985662882872,-0.835140717007921
-0.696479641,-0.630160498126155,-0.716337536968514,-0.868301815413568,-0.713171488505021
-0.658233308,-0.27497920124322,-0.524445430637762,-0.875029683411694,-0.957663221155368
-1.299945959,-0.925943635477921,-1.2672511231663,-0.701834062913915,-0.717735747307227
-0.795238114,-0.491755468766242,-0.664914352491465,-0.752271581854983,-0.921625753504279
-0.67765696,-0.453330323476351,-0.600117259330009,-0.672696003269814,-0.637437361821909
-0.387295599,-0.327815806095166,-0.532404597329329,-0.724375766767691,-0.649134382961048
-0.579830794,-0.300347712942468,-0.485961205323168,-0.576753468148396,-0.55380040388913
-0.690134059,-0.451010610610158,-0.633292950292759,-0.605810942243247,-0.56613246266444
-0.457952386,-0.265874537427145,-0.362984359511038,-0.634695960787741,-0.951491009768501
-1.349499147,-0.919622656262235,-0.955282278956456,-0.587870696306732,-0.530009623312383
-0.561088642,-0.382861701743022,-0.514350303256246,-0.704351032453189,-0.921514863513633
-0.630028824,-0.329716303113679,-0.512941059524398,-0.545517877878656,-0.619512506484271
-0.657158888,-0.277882172351948,-0.671346415614147,-0.528510635129786,-0.385160269558129
-0.12612972,-0.0662650434444872,-0.116567392127266,-0.610160302738007,-0.422279821957377
-0.02600254,-0.232172960650482,-0.277252755012591,-0.432651571988572,-0.664847733031226
-1.39113292,-0.241491652055081,-0.851376660721343,-0.0572691111916703,0.167102147420546
0.459985662,-0.0155044290498926,-0.187923610909639,-0.469669081013523,-0.608673853790977
0.075698098,-0.31623845770012,-0.475029184260838,-0.393135323714083,-0.198039452498579
-0.755962513,-0.0969857926894712,-0.658810881242699,-0.289277437983647,0.161585374761743
0.415767586,0.188770638379892,0.0800485773922666,-0.423944418597847,-0.736100477295323
-0.917132353,-0.147448883739396,-0.471542836393359,-0.256444771411854,-0.0851204359834636
-0.434775179,-0.248505841906273,-0.488702894712327,-0.415036217028724,-0.569963678132451
-0.418509522,-0.253960378706266,-0.64954030598327,-0.489456659030488,-0.385728989441428
-0.14746954,-0.0609460506451859,-0.261997310369219,-0.577731665139324,-0.765462813849687
-1.265060986,-0.0716443024802295,-0.440901770563459,-0.310252838791014,-0.187054918853321
-0.105726047,-0.29228458419131,-0.405005398714786,-0.824651712005777,-0.867836425556266
-0.494804658,-0.381937536092781,-0.715226289713233,-0.691294845304372,-0.831947212658213
-1.477331868,-0.37428932083307,-0.677571076817118,-0.584648232601443,-0.738478178575473
-1.130752491,-0.53203261271213,-1.04873687320294,-0.566779079358947,-0.851795419514225
-0.354660648,-0.391017655822967,-0.499255036663892,-0.893207723451099,-0.838028043293958
-0.474278559,-0.478576292539013,-0.687030482153774,-0.81820059843443,-0.614433100654104
-0.815947524,-0.252343845804078,-0.30758440750597,-0.4210553847934,-0.436838203433384
-0.493964586,-0.068988980942223,-0.42711049887922,-0.339368332944587,-0.313336969902721
0.062619166,-0.105943806640695,-0.542472585382164,-0.454184828416755,0.0154788070810271
0.741205782,-0.214179981385124,-0.480903958347012,-0.376624790271933,-0.22899855905213
-0.486851585,-0.275435741738501,-0.543918322444212,-0.0301452483542106,0.255304417247316
-0.163479192,-0.120231428647617,-0.201113872345361,-0.068274773814193,-0.0814551422681502
0.260263368,0.10237430405568,0.419460268259112,-0.388976907314465,-0.307675208890639
-0.321558793,-0.24624407405431,-0.311436239196434,-0.5432799907033,-0.420554042587363
-1.109817414,-0.438334647767752,-0.521962336044101,-0.21560402209854,-0.425477132918487
-0.789086227,-0.284330865694194,-0.686135994960542,-0.378204732792375,-0.276265931593244
0.596335797,0.062354566755203,1.04245856210852,-0.696972353761317,-0.673416764249813
-0.483856244,-0.163863774659918,-0.37570200619064,-0.765740851708402,-0.200503999598607
-0.767549998,-0.377280410328768,-0.644970189275943,-0.66200701201509,-0.619799580964964
-0.924603383,-0.521000146515939,-0.765984425966207,-0.489426550629494,-0.685942768833068
-0.714182419,-0.425755975610659,-0.672756533007206,-0.593148359341133,-0.64359814863562
-0.372819556,-0.447002333494918,-0.40239087757572,-0.770972557543827,-0.632308812331403
-0.432363487,-0.0670102004120223,-0.502944321462878,-0.617243595775081,-0.735035159723253
-1.17345484,-0.19977587068539,-0.479062717712826,-0.481578512328772,-0.364237772529843
-0.257960424,-0.0205368998086908,-0.195129457455953,-0.524331018003619,-0.789867768780226
-0.546508683,-0.0825013683192078,-0.503817052576991,-0.487360688671311,-0.365875678328805
-0.332348635,-0.329332628254062,-0.150533476774562,-0.574458215081867,-0.496417135116746
-0.415221597,-0.173996798378817,-0.0180976648054294,-0.744332732034808,-0.575787045606656
-0.561768361,0.198093530491039,-0.135068028047613,-0.822108879877635,-1.24812571089432
-2.361648903,-0.507097096203215,-0.842727224205862,-0.534772282903589,-0.541677841716947
-0.493231813,-0.556337333494839,-0.349939554182104,-1.18232606808609,-1.46278744641268
-0.809015022,-0.195827174905503,-0.961404214467557,-1.06479122575176,-0.864799618689551
-1.062696014,-0.402878683271936,0.361023420875734,-1.0240457678101,-0.711291480815308
-0.563437678,-0.186266856934336,-0.459699776216264,-0.808705707532316,-0.998442732017854
-1.063664567,-0.499668638378165,-0.907451909368074,-0.652550534511464,-0.548821610099601
-0.493471359,-0.192977163618777,-0.541971409638046,-0.605557429429246,-0.652262231495915
-0.335738497,-0.198118057233917,-0.325038452358389,-0.494186349987703,-0.352163768593273
-0.065714879,-0.0304742028081058,-0.143063783908477,-0.591636455137273,-0.449292073420753
-0.467160824,-0.271686154685892,-0.530198023776709,-0.521593566340735,-0.491698550466675
-0.897495511,0.00762271291290428,-0.635156267231042,-0.392161471445417,-0.570790905834739
-0.812287152,-0.147472030701364,-0.676487231201346,-0.272335834020866,-0.536918579982072
-0.274633407,-0.188463689683261,-0.317313749655785,-0.669099389708607,-0.458730956040381
0.083364059,0.155138417838194,0.173752044618913,-0.880281573680034,-0.758201877396741
-1.105307098,-0.623062200431778,-0.990800480126907,-0.626706215891454,-0.72886911770621
-1.624567614,-0.941915956116273,-0.728896727025312,-0.55608685096122,-0.78298512434358
-0.651101832,-0.450361340597762,-0.690345102340116,-0.650667058607585,-1.01273559381176
-0.569664676,-0.349559964758991,-0.567058771487244,-0.656466253285317,-0.456696306801914
-0.047862185,-0.213746876795073,-0.112225899302773,-0.783606999531716,-0.604421053383199
-0.535482817,-0.29171749862385,-0.556567354283816,-0.558741961334973,-0.572640711418699
-1.115623695,-0.359606138874121,-0.881276691160578,-0.391902679156879,-0.457446316430555
-0.479278895,-0.39932162922618,-0.545267593797957,-0.453033771392785,-0.618866725969748
-0.158368999,-0.217348419738379,-0.552103843033314,-0.463897523826323,-0.559215404265677
-0.678748317,-0.267799226565037,-0.498584692893834,-0.430322990082596,-0.0473421036187992
0.1702134,-0.00139611340152977,-0.250173994674433,-0.377516865122344,-0.3744234359983
-0.062066777,0.0917751495255891,0.0530338884083461,-0.435578847550273,-0.261083893838995
-0.415307932,-0.23053481994062,-0.575744142913819,-1.03970739636515,-0.763821225586003
-1.117666324,-0.0962548833270827,-0.771700970630881,-1.09148765971237,-1.95619548300933
-3.906579903,-0.283871459964427,-0.615680674696836,-0.649332338605871,-1.27491685937822
-1.798504575,-0.176875229679061,-1.09212278818846,-1.04173317300558,-1.79212741101917
0.003925676,-0.147175774993405,-0.158763394710741,-1.6318860955746,-1.41166934195401
-0.789705851,0.0414003544254501,-0.648913991632834,-1.18097330332337,-0.493705677001743
-0.734339518,-0.308791449172269,-0.646721651270712,-0.667362310207253,-0.55558643745093
-0.564768097,-0.235132329465647,-0.511191079493687,-0.333406247233231,-0.0799464278566711
0.40760528,0.368532479949244,0.412183906196728,-0.0471514200007654,0.456193161568648
1.852525886,0.619563665410356,0.876071820116583,-0.364220865004709,-0.113580251618374
-0.415669038,0.00441357965728319,-0.0734354034543737,-0.146689748425169,0.366655189379288
-0.949534199,-0.503533416498916,-0.845285598268835,0.345561191063205,-0.299133501384003
-0.527727678,-0.0822581781513087,-0.453856813477494,-0.174780950534477,-0.539867207958469
-0.25899552,-0.114739658660004,-0.403852030101777,-0.563351281078697,-0.405303963844446
-0.16664234,-0.18334652852337,-0.185884472257467,-0.623552853623292,-0.475926902444265
-0.682397151,-0.257426005304952,-0.561981646357717,-0.39419600591847,-0.313059883280755
-0.520785199,-0.216686821895371,-0.47490338487509,-0.31176064996651,-0.28959268073292
0.073290615,-0.413723859488858,-0.683059397054132,-0.541099113766124,-0.378089640280859
-0.118532871,-0.148562043830576,-0.223945429774345,-0.562169097141918,-0.41419536245886
-0.97342303,0.0191265273505003,-0.614747634527229,0.0351677396167843,0.00423331225088859
-0.061241356,-0.312427598336484,-0.187087859403961,-0.164901624231084,0.124993694850113
1.457595457,-0.005029027226367,-0.343161475205154,-0.597331080944118,-0.576409399884253
-1.016809149,-0.263626538806192,-0.533661520936089,-0.238203094934781,0.239692189495213
-0.757757718,-0.0730574253838757,-0.714803988698448,-0.0987027564810519,-0.637135828892236
-0.707056371,0.0186849416211906,-0.648172410220506,-0.112277763360393,-0.342312421428634
0.196133637,0.242054095245757,0.255924141651234,-0.495086000142629,-0.706138302469353
-0.981145469,-0.310100165314865,-0.798365696654743,-0.0628669550262982,0.478823658769478
1.005505982,0.197539358648657,0.834624034326556,-0.240014685691432,-0.269105184736865
0.36010102,0.245268439136613,0.160827007246899,-0.150494956969814,0.301570735697018
0.003569272,-0.137838309895775,-0.0345193953674136,-0.196241193736768,-0.228751345437138
-0.909851032,-0.386680618800558,-0.80039848122586,-0.316973515025967,-0.300376614990997
-0.600804817,-0.268123245703396,-0.506868049003128,-0.632824896185108,-0.900227505404857
-1.128394666,-0.387968869892626,-0.557242771179361,-0.71205153667763,-0.571519429747007
-0.430809205,-0.371026379592354,-0.496944527574475,-0.86455819879665,-1.03202105558036
-1.062952596,-0.233590266299479,-0.436905998485496,-0.745100197065197,-0.619981534255917
-0.723719298,-0.446207852088848,-0.598381288711584,-0.821776770682931,-0.826472737781764
-0.651837906,-0.277781988728393,-0.562117402352595,-0.731001818980462,-0.770112267357083
-0.861167325,-0.248538004131469,-0.466396270090667,-0.575085066579375,-0.486546735163433
-0.443389901,-0.0601310044201266,-0.400302849449152,-0.610632759532109,-0.175413184309169
0.698940662,0.31210270399544,0.661898653364033,-0.655720170259436,-0.626749937017668
-0.814867871,-0.250992993602667,-0.621841646305128,-0.23589965344302,0.0623194749379453
-0.441590438,-0.244203944804485,-0.362659118889563,-0.363196037650543,-0.370668205866208
-0.035064667,-0.305648347848426,-0.398637468654329,-0.51941669958127,-0.556287564409062
-0.651176327,-0.390680365700077,-0.632184541057277,-0.479801570639554,-0.354948931056962
-0.570097509,-0.434422646921807,-0.572703200395037,-0.548834888034566,-0.70231691033483
-0.871048012,-0.274982363664682,-0.652285350831969,-0.461556193644151,-0.604088254085854
-0.684801041,-0.414041327582428,-0.623354562068025,-0.559319647941046,-0.600056645817951
-0.365279991,-0.323158946323648,-0.480714872401674,-0.614106156096859,-0.565511962254294
-0.418131384,-0.266442019952439,-0.545279238671114,-0.604187300865938,-0.440245174968569
-0.431755306,-0.121715717292566,-0.395214835664111,-0.547954903468724,-0.532649954682761
-0.695729996,-0.283905719946832,-0.629491681482368,-0.451356580965945,-0.401862696677305
-0.340717663,-0.289887812263119,-0.381285045727935,-0.441283276468723,-0.609256307181762
-0.624005584,-0.242295350388645,-0.616476366935627,-0.518101986732143,-0.301664222360263
-0.104498331,-0.225733510608243,-0.464753407016771,-0.762472473227419,-0.716238304370987
-0.807073719,-0.0226058165436284,-0.581669344831247,-0.420988738935804,-0.614521274236252
-1.279824346,-0.50667708840222,-0.936530501876119,-0.449145100226762,-0.236410557162814
0.403467864,-0.229579622917801,-0.0323726577000684,-0.743131631117609,-0.941432216444161
-0.716571191,-0.309385227185533,-0.693981931154791,-0.632938859454644,-0.181398945738504
-0.621906819,0.165949603608522,-0.118827789406591,-0.447041271769588,-0.285515635314293
0.069778003,0.0223594203862371,0.225079285957074,-0.300763083539007,-0.461027796241926
-0.300141168,-0.146781557934682,-0.655016058219961,-0.42948085686724,-0.185227748752838
-0.29848189,-0.215560466842006,-0.432505543176575,-0.477880426951149,-0.408984269472038
-0.50258685,-0.277592462208539,-0.497146094224132,-0.419036469843765,-0.582296256816423
-0.931159152,-0.2884136929968,-0.821398807419835,-0.398120748800328,-0.503296421293124
-0.557301224,-0.288667248006131,-0.507965984386259,-0.572096521641908,-0.637122710927373
-0.35147159,-0.414774857387928,-0.508186346372026,-0.730053304837966,-0.67927083841634
-0.740922877,-0.435621915225481,-0.695485588437433,-0.644259568442939,-0.613574573951087
-0.882915617,-0.471591980354921,-0.792548318441728,-0.659291266332795,-0.63558022402326
-0.538725167,-0.341561000116332,-0.700313194370398,-0.664288011308318,-0.843740944798453
-0.916401865,-0.46729706423263,-0.618945711276359,-0.669626636763092,-0.475591127115617
-0.288276736,-0.114386309771665,-0.453808422528233,-0.758294653927894,-0.834140860310311
-0.817163365,-0.497658376525299,-0.636844695402991,-0.665543246101399,-0.543536813699805
-0.710572614,-0.11653782243342,-0.370250780703843,-0.658469046116056,-0.735550357700201
-0.750361827,-0.465498878987801,-0.680218048050701,-0.59480173841389,-0.633308290284376
-0.552590293,-0.372929021363879,-0.615619989512756,-0.698217004989883,-0.64032323231781
-0.559322024,-0.495083163124482,-0.566588187492337,-0.655319167039449,-0.490265997809856
-0.300023205,-0.438793503527596,-0.365684641882172,-0.891607135929043,-0.761551090927025
-0.866198162,-0.361072399508777,-0.61046145577131,-0.646344288522772,-0.916839730455358
-1.703758204,-0.804605933375104,-0.941999159059531,-0.403104515358226,-0.547019492109348
-0.380413436,-0.300492134923729,-0.44039141128353,-0.742648946050882,-0.728217520108272
0.253327178,-0.042388232437145,0.00920628355406098,-0.804676267140368,-0.630736188949089
-0.744794666,-0.275887017785572,-0.545143202723938,-0.616788494322144,-0.167797033853444
-0.444657162,-0.338425802485907,-0.548437209281342,-0.463028311222551,-0.604267758956798
-0.59800374,-0.322149672985427,-0.532373032540379,-0.495131429963998,-0.524505281997824
-0.596328705,-0.321592005923758,-0.637150361887474,-0.565709637217553,-0.529982019297005
-0.492165109,-0.268937970193007,-0.698260847907427,-0.520195454319203,-0.506529846955079
-0.406301673,-0.284661976664086,-0.6965064725156,-0.530193703464912,-0.500376671004378
-0.507468673,-0.249513555964566,-0.584310807475702,-0.506841870079826,-0.417258625901546
-0.405865561,-0.303944191467582,-0.417227087475339,-0.481334304829224,-0.474262299311171
-0.446064107,-0.282372602427813,-0.446019000686431,-0.431745928639526,-0.458955818154313
-0.524496502,-0.349230462796888,-0.42762551548756,-0.410894247065067,-0.397494649343025
-0.326070204,-0.336062267250463,-0.383855542224712,-0.512095589901329,-0.508857178547991
-0.486729908,-0.385886382320637,-0.486974511733626,-0.522619043706639,-0.48326294567068
-0.603832056,-0.49140605156779,-0.591747296896597,-0.56784760296579,-0.564402334644357
-0.646026961,-0.496306326405266,-0.61858912894195,-0.602734277289853,-0.667892792002494
-0.754250758,-0.481434821493789,-0.664179757069955,-0.64694152420299,-0.68944207192852
-0.74603071,-0.476141876470935,-0.645258437434776,-0.667595002158621,-0.728716286564353
-0.731884189,-0.363427358158573,-0.694185531985524,-0.693418162333826,-0.701358705325115
-0.65526391,-0.331873532443769,-0.629641910131426,-0.683160660753114,-0.703914316805808
-0.759946976,-0.557757131489206,-0.789084445169052,-0.609566298622393,-0.427060509721909
-0.103999534,-0.25730026585835,-0.219096450093681,-0.708776299312055,-0.702027604579598
-0.639923734,-0.381631267246942,-0.630367181764935,-0.625401264360476,-0.480477239381987
-0.763460529,-0.30765482561214,-0.664715576179006,-0.591504112928269,-0.659512235418128
-0.742458996,-0.531110061915635,-0.771705951609987,-0.616367691635394,-0.747399775741819
-0.780880214,-0.477090518469521,-0.694316834384517,-0.687201245919913,-0.690694305172404
-0.626095195,-0.464802016684722,-0.581784819619955,-0.747267953425505,-0.747004071746288
-0.698806644,-0.418807275167532,-0.628914558680609,-0.697257865294414,-0.742531661034178
-0.858291842,-0.579371076721381,-0.571746843037695,-0.693701305449996,-0.702445483269197
-0.699575612,-0.595830557633703,-0.721483573455086,-0.699662046919614,-0.813257700540763
-0.669142694,-0.509523509076591,-0.568914230967961,-1.51181324631941,-1.10815256623917
-0.660980782,-0.628673261660987,-0.867906305410677,-1.65432428764217,-3.45452442460446
-7.215303514,-5.23282857474553,-2.00168805222391,-0.669595697755815,-0.661415753563914
-0.659020654,-0.628145999830337,-0.884242196178991,-1.72336495709099,-3.44751913237918
-0.65691757,-0.729766954738839,-1.4482906284822,-1.80765339959802,-1.09334548452595
-0.68642337,-0.306240617673877,-0.557107930269496,-1.15581683231162,-0.751782438067593
-0.702320758,-0.507016934852795,-0.65602840909718,-0.712161256637043,-0.76354691921814
-0.864969503,-0.565229093887757,-0.725937935498653,-0.690555291012744,-0.654358265395203
-0.571354501,-0.545595203259334,-0.570432903409578,-0.778353975412341,-0.823290390847429
-0.829375087,-0.590150287576461,-0.720574235323993,-0.65093539036603,-0.644121123962058
-0.711441007,-0.482952154119741,-0.627333016843278,-0.654259347863412,-0.63782973340513
-0.463380593,-0.446816147289252,-0.556901050182938,-0.676873889518587,-0.645691697256571
-0.544476527,-0.438950040986148,-0.519840690965425,-0.699112900867815,-0.599095420136672
-0.669590114,-0.533879079807047,-0.604073696302548,-0.601792262193752,-0.690893223534284
-0.896700395,-0.574473422189287,-0.740839573369617,-0.59363385494067,-0.596356270921682
-0.513094984,-0.43698201769865,-0.480219631142694,-0.702048117505042,-0.785564375933344
-0.70942228,-0.621107609740575,-0.653793628346017,-0.689843787592966,-0.643959257439231
-0.733297926,-0.577536079852404,-0.637707584817908,-0.694944249773516,-0.675672892257415
-0.645364332,-0.593665376463892,-0.614029566672051,-0.715855880115442,-0.746618503838793
-0.771152553,-0.577367808281915,-0.664520499443745,-0.699670595427566,-0.699518925761379
-0.775088053,-0.540686511955646,-0.652701506731909,-0.668036901292533,-0.652682313528618
-0.544684426,-0.315843920447267,-0.470185078315792,-0.737495077179059,-0.680371254372522
-0.563047359,-0.282398381422469,-0.450894245152344,-0.584455681794308,-0.656680119444284
-0.836194169,-0.384990896178456,-0.692139199439937,-0.576128451391735,-0.362139694828611
-0.02723245,-0.126167613092675,-0.123685794781609,-0.78206512065425,-0.850400901629037
-0.885338956,-0.489937737605137,-0.748211454871908,-0.53730851274935,-0.580074896972299
-1.104357461,-0.739503715102858,-0.873580673608758,-0.674009539397943,-0.650213307024944
-0.470295299,-0.341893412478977,-0.463258667345413,-0.679800658029408,-0.950030603770916
-0.8716073,-0.660907531790112,-0.775185252748521,-0.784114633953034,-0.626849597720411
-0.715983625,-0.495244654806335,-0.632742556249652,-0.729552046425867,-0.70274967896888
-0.569403973,-0.389130619440758,-0.51434223009038,-0.659088206669349,-0.689335254441755
-0.623206258,-0.508612314340063,-0.609348259414008,-0.757767404193738,-0.68568221868181
-0.786946312,-0.426629531645257,-0.599970986863326,-0.664937951030715,-0.671505111278415
-0.734110858,-0.470019552874185,-0.640927550376735,-0.671944345020624,-0.715026086932611
-0.657423353,-0.553700492270946,-0.652883171535372,-0.708984729636651,-0.73413168194991
-0.742439807,-0.581874315928829,-0.670813566285119,-0.709858560920635,-0.664572250751396
-0.647312477,-0.512079753480934,-0.598473362702251,-0.707623182522311,-0.730311408369119
-0.73454027,-0.549486488122225,-0.685624136325315,-0.687296143036367,-0.679155173035612
-0.705382006,-0.495695911332683,-0.641007598163755,-0.692186744165425,-0.691012623395737
-0.659440463,-0.393001901100108,-0.562080387580255,-0.641084038608701,-0.681197896076798
-0.696474684,-0.483671340108756,-0.675827803030534,-0.662767966310429,-0.541091077927285
-0.33869695,-0.390862589374868,-0.359009944616228,-0.781818746815576,-0.771317420498552
-0.85427268,-0.521464467088545,-0.731698194039727,-0.600438902597468,-0.610786012226715
-0.87029222,-0.487814836826382,-0.752489991902138,-0.643115685323339,-0.69276137363559
-0.579031649,-0.421935378774623,-0.629060268261644,-0.767647475123687,-0.79029910964636
-0.690723416,-0.630279341226346,-0.686983327248923,-0.8076154398129,-0.763687366875277
-0.952418719,-0.650550267932853,-0.808657549048153,-0.673050479278547,-0.663505135526735
-0.738132159,-0.507557513882267,-0.652406345505149,-0.674900428897615,-0.52033655933046
-0.022891123,-0.128512037477296,-0.108773638549556,-0.752790234502385,-0.747490154534797
-0.743519652,-0.578417020951802,-0.700793910220068,-0.645331922386495,-0.396499660425356
-0.631539259,-0.442945756270893,-0.589928310206414,-0.647842607686897,-0.733292631267385
-0.847729145,-0.573237437157711,-0.724993568303779,-0.569056438446461,-0.630279268597874
-0.619059537,-0.447237152888494,-0.554540983736511,-0.714615683625015,-0.740336619978124
-0.635992488,-0.376075097725172,-0.516241421146596,-0.711437164821528,-0.738763470094084
-0.851146673,-0.590154325055024,-0.738939865286098,-0.667901022670513,-0.670454369264891
-0.725909901,-0.556170792112058,-0.643787522678034,-0.672199986626996,-0.696207360877782
-0.558333522,-0.487218119635598,-0.538892379441939,-0.768020615325145,-0.69883455388547
-0.620714146,-0.429643428549184,-0.60056994471916,-0.673453710279079,-0.726591511411208
-0.977593354,-0.520664726911423,-0.796998067860181,-0.591591816960728,-0.429894348366768
-0.121178622,-0.364878808703776,-0.449114780837946,-0.734932528644786,-0.932912004929033
-1.007230195,-0.54069344491265,-0.85574353553094,-0.551098247963001,-0.408640659229029
-0.597413009,-0.37947000878456,-0.579899741005529,-0.61840733802388,-0.672992104355571
-0.429598901,-0.35188629946456,-0.543149938881756,-0.661086903954752,-0.615715301484423
-0.578218795,-0.415299797429507,-0.606097871450477,-0.693470129510933,-0.558350935127143
-0.626077782,-0.479759526178274,-0.59266226104908,-0.627894092708079,-0.690843317924674
-0.835710713,-0.499664462501517,-0.725928849736968,-0.630784935302482,-0.677012089860329
-0.733208038,-0.542981849773956,-0.634319541938621,-0.739514566993979,-0.783046361640155
-0.761817653,-0.571082002895751,-0.686353625856682,-0.759237128863187,-0.75768145371547
-0.764486718,-0.526068596656438,-0.656737736670796,-0.785642489518576,-0.785867516076872
-0.821968958,-0.63818554597168,-0.715591003814377,-0.746437046975155,-0.761666955404732
-0.770605467,-0.586116307456253,-0.692001013028352,-0.750420717846052,-0.75536549983679
-0.694755374,-0.492305203075617,-0.620668955589855,-0.756056364201822,-0.744933009704579
-0.708462678,-0.532041572824151,-0.63603445011548,-0.757223692714265,-0.722484245442878
-0.728297815,-0.648558872919429,-0.661121235707843,-0.751541383900134,-0.750221313955685
-0.810349326,-0.706132688740068,-0.726266422273671,-0.685851156141836,-0.707274065591294
-0.728291808,-0.634211114365244,-0.653065319120754,-0.702513384862073,-0.632834663206797
-0.411204553,-0.42587230524836,-0.423346358522199,-0.762323126776476,-0.76459171591477
-0.795923175,-0.680469053784064,-0.694855684639449,-0.716393615255175,-0.610029587925858
-0.761205088,-0.599712314940773,-0.678895759776085,-0.732956214773971,-0.748553382202881
-0.75445202,-0.557381495061898,-0.68901411608624,-0.733682595535077,-0.746901761532613
-0.738603626,-0.618880872289646,-0.707322348434154,-0.758041340359743,-0.734628553295318
-0.705445814,-0.553132972125849,-0.667439565109233,-0.760220164759514,-0.752257060129425
-0.759580768,-0.589494312196349,-0.681390456687031,-0.757265477153901,-0.747971916276959
-0.781419682,-0.544524216523154,-0.689845399141025,-0.743782533213486,-0.779232199397493
-0.830040534,-0.622740315028756,-0.725344590697808,-0.729796986288938,-0.724028957643092
-0.676908728,-0.521202328773898,-0.618247765590319,-0.659222452486277,-0.729793714937422
-0.661818588,-0.553244858412967,-0.621516200719031,-0.668566204154229,-0.599139625645233
-0.448193236,-0.434418592366495,-0.487412252527626,-0.702659668304718,-0.729177483787649
-0.829682183,-0.616037566223258,-0.685657971674985,-0.557795853024142,-0.526426162065968
-0.588804921,-0.523005333121448,-0.597079462846378,-0.611101903275209,-0.626365183935448
-0.453915707,-0.354216272257796,-0.455550030593533,-0.62879527512931,-0.606966375639618
-0.573107789,-0.414937921075696,-0.416283851440914,-0.664338404282169,-0.604939749969876
-0.747729282,-0.367858986332242,-0.670015636166118,-0.537643513052054,-0.599199040543797
-0.694307955,-0.277554901393198,-0.606658559198894,-0.556563255448789,-0.524181543513976
-0.261888234,-0.358573251155339,-0.544689430174517,-0.695743014548343,-0.703547493150525
-0.704840001,-0.535561911198637,-0.645989764650553,-0.684944524072488,-0.530057451121841
-0.752139992,-0.543524810036552,-0.670370233582053,-0.644085945888215,-0.635790251617163
-0.620521612,-0.484509076327048,-0.582285940357011,-0.626236515866807,-0.688016290522976
-0.646394845,-0.571643476936024,-0.587131708429501,-0.6927108640077,-0.619106792993808
-0.560038769,-0.513776132779211,-0.536484364238514,-0.7278411775535,-0.736801769482406
-0.838865141,-0.653185864579805,-0.695633892949777,-0.686061115677836,-0.671228384835308
-0.773716019,-0.684996056752546,-0.7244969267058,-0.741353015447744,-0.772772722876469
-0.735220608,-0.627137815151329,-0.690959226280902,-0.764828372423803,-0.794228790348537
-0.82142994,-0.604808376066215,-0.738502469823351,-0.777901109093453,-0.746514685253975
-0.739925042,-0.624236460909749,-0.681525812049907,-0.788726136332668,-0.813154169580923
-0.804764772,-0.623953986853498,-0.681605440429422,-0.777933706921392,-0.817792397101368
-0.911245792,-0.518104289371646,-0.734144477027357,-0.725660470720098,-0.767148209693945
-0.766364472,-0.623100232384216,-0.711253043023647,-0.766889822882186,-0.73465369928925
-0.538556432,-0.461766395999626,-0.510924481720963,-0.787330285984395,-0.784318970028618
-0.809553433,-0.560655946842495,-0.696900633964877,-0.728659514587733,-0.604435091282843
-0.598707372,-0.476286094142462,-0.560056450179397,-0.764986863575476,-0.801799375004957
-0.839996149,-0.48248909815725,-0.716601316351566,-0.664123625362505,-0.696267934760739
-0.823647656,-0.545807145756518,-0.726611389853368,-0.72119645260542,-0.628448170281674
-0.405636813,-0.46121419243369,-0.438557143909241,-0.687677385658692,-0.758532607567275
-0.749677674,-0.352298635899814,-0.616617397761341,-0.592099137217247,-0.429214063607172
-0.356047524,-0.267600543276451,-0.398373485041298,-0.692472862614147,-0.646335809705075
-0.56255981,-0.395082488470236,-0.57158617636443,-0.605074815801603,-0.56126856177605
-0.727522902,-0.513311254500442,-0.638742030696361,-0.607824282583668,-0.587726216177805
-0.644750108,-0.445960698330369,-0.610872912756087,-0.528064303271435,-0.642785096522899
-0.686641698,-0.470594022392546,-0.647416703776725,-0.517561852308281,-0.335063801408913
0.061696394,-0.178669319277885,-0.138913492323892,-0.63567064641459,-0.573006993861493
-0.442333271,-0.317046305204301,-0.39180637302153,-0.559181937934503,-0.31971678204639
-0.609285789,-0.333520969640266,-0.496367790500914,-0.410535507437824,-0.4310206913612
-0.5355754,-0.333127956879081,-0.537482680562654,-0.384771244203004,-0.36560859119513
-0.07531742,-0.26545155375956,-0.428853369761167,-0.539091013819182,-0.576928481072425
-0.624626844,-0.468734022122105,-0.560049566396531,-0.539987277300077,-0.343875334592684
-0.485679097,-0.292663255748925,-0.447342859020593,-0.568908256011758,-0.70879198852955
-0.889768351,-0.467929948143572,-0.738322167280783,-0.590114220426473,-0.609551903203399
-0.704310749,-0.517088686674966,-0.594055416631877,-0.740809942318044,-0.830961479690916
-0.869128388,-0.594442972041555,-0.670093596758582,-0.69927389386896,-0.669863827542952
-0.608475753,-0.463076623257643,-0.474288884897324,-0.755015403550496,-0.754468189339949
-0.67176081,-0.551384867623167,-0.625739611559252,-0.651229872269595,-0.624241575820504
-0.610709785,-0.466448290853913,-0.574875456078817,-0.663706169814644,-0.617439178517442
-0.552775868,-0.50755536138602,-0.536647925280601,-0.639245790495215,-0.634195734992875
-0.659760904,-0.495977760426812,-0.599734655955773,-0.608803924610358,-0.575914802287696
-0.598247805,-0.534410268111368,-0.605638805789044,-0.60173859559919,-0.591249901885284
-0.516449125,-0.420631354595896,-0.509442106283195,-0.639971453573454,-0.63047657870948
-0.650063312,-0.55382825065493,-0.628980862438652,-0.65507600864257,-0.608649133958018
-0.682118799,-0.498395955912,-0.629091085571099,-0.667726715736672,-0.675140889713159
-0.704088717,-0.52208995890275,-0.629069960672831,-0.709598559631267,-0.736475215039018
-0.779289167,-0.483978312704533,-0.622533758857795,-0.749731236694785,-0.802942084823365
-0.904297344,-0.723378925055201,-0.713718182306718,-0.749710904872101,-0.842234643356026
-0.954143639,-0.619150119801668,-0.724386623031851,-0.68298274986968,-0.795441447213972
-0.788855833,-0.561401141145908,-0.707381434047566,-0.719085004545393,-0.593671098849419
-0.168667254,-0.199069491226652,-0.172958097775974,-0.853834881624675,-0.740742248891332
-0.623780052,-0.406872453192629,-0.557335842536552,-0.66482737950843,-0.59651633882171
-0.988121824,-0.535759021013414,-0.724433954089186,-0.575637096938093,-0.578203943366298
-0.58264463,-0.339871468958065,-0.56361890845577,-0.668355600401198,-0.766644672002279
-0.572447054,-0.326567801129206,-0.575109361546005,-0.694895159223947,-0.721404191502702
-0.869396214,-0.345655645910235,-0.659253181777972,-0.629186126979224,-0.523455628301228
-0.430822075,-0.255868552386505,-0.406528238981165,-0.652597255847139,-0.743125029634305
-0.675548112,-0.407366974430178,-0.630366716477941,-0.665437813632035,-0.530829449903292
-0.540461783,-0.400625569598272,-0.533498111142601,-0.752593500580466,-0.69765937490831
-0.756045047,-0.274358418721802,-0.602563623579489,-0.562197554582131,-0.628232270188167
-0.855908577,-0.392045664907838,-0.625369971320126,-0.374972139656578,-0.27098409121034
0.284163955,-0.118493291157657,-0.122761861248433,-0.651055552608859,-0.609677564740374
-0.335734971,-0.211429055261357,-0.353399644725506,-0.768007647687734,-0.267103421988641
-0.585193584,-0.266163722002188,-0.5517104469556,-0.636046117730447,-0.643670508113508
-1.09978788,-0.421925780632162,-0.893226456161199,-0.516945746344632,-0.550660347986853
-0.549084849,-0.413948667474415,-0.566878128688169,-0.646186518036985,-0.830988590664833
-0.672220101,-0.459502464444973,-0.651916029124941,-0.652919036167995,-0.559800523694192
-0.487105336,-0.409210106208899,-0.530479292356576,-0.694630392433246,-0.620659209195948
-0.574246262,-0.438957867109203,-0.558481944208804,-0.545442416709616,-0.553230403534441
-0.6432034,-0.44636120594707,-0.621544005763139,-0.469318026155186,-0.435970117369273
-0.289057694,-0.241771592634171,-0.338138903737217,-0.550955156509022,-0.519390493110952
-0.352837424,-0.290818721639327,-0.403590313981241,-0.57952566192098,-0.52827214609474
-0.72941517,-0.365321771758764,-0.801980510748307,-0.463276989895461,-0.495923678995351
-0.703755768,-0.335743316153042,-0.573834178560741,-0.450503961343298,-0.47859782443612
-0.230864144,-0.272942501883318,-0.312198315817224,-0.582043135359045,-0.643843741613154
-0.577141484,-0.249805680788846,-0.518533496984761,-0.575362010185332,-0.477181184366157
-0.661782415,-0.306302372208805,-0.609434736472892,-0.524081349472263,-0.570379004373218
-0.658199212,-0.583879743141587,-0.847313914013993,-0.413611431373323,-0.473220768272268
-0.34373388,-0.175100450390804,-0.356442405915653,-0.482237618426605,-0.365926111019355
-0.049192659,-0.122961250644672,-0.35476948918354,-0.437120668869559,-0.309195003994913
-0.207703051,-0.247719778599994,-0.332875322119319,-0.433600517006276,-0.221278002774356
-0.302607659,-0.246212663425678,-0.329537856091103,-0.389170655124232,-0.379018813731898
-0.545494279,-0.205327219147024,-0.468679856146993,-0.443549276630653,-0.485543071498188
-0.69471432,-0.374193249425284,-0.581773579315099,-0.458177671915825,-0.568683750285048
-0.654488909,-0.423963935834675,-0.52802723214839,-0.484485789507385,-0.581550290611321
-0.50350042,-0.309821710373123,-0.415930546955962,-0.545264478696283,-0.556862750544458
-0.478219328,-0.310943985788719,-0.439254071568059,-0.44455182666878,-0.43284324115718
-0.343423309,-0.198893964879826,-0.276290134990743,-0.460205114334329,-0.400513523313974
-0.288502684,-0.220883414658192,-0.417426705926853,-0.443465356912223,-0.416861478185564
-0.479288188,-0.289575081142889,-0.630797221932774,-0.356657972380898,-0.35538410120345
-0.450243866,-0.343840553843778,-0.616035135532434,-0.323313909423994,-0.320020007563866
-0.150144052,-0.217919111167004,-0.213093293203326,-0.422583408113974,-0.425552494700509
-0.37304548,-0.254571472315428,-0.47911429459927,-0.500377854130327,-0.375860486844895
-0.53026995,-0.284391996233438,-0.597692229779124,-0.438407063945974,-0.525887711976251
-0.748571,-0.342885558709386,-0.66462477187564,-0.451086483321214,-0.481694888370854
-0.421127257,-0.34004484483619,-0.504859607613896,-0.628401583827613,-0.698304189447705
-0.680039561,-0.382042569150164,-0.604294323554337,-0.624580994487362,-0.588683561933775
-0.735192377,-0.441810208276588,-0.651367849524898,-0.595582181966191,-0.616380721026804
-0.60327526,-0.42800410896021,-0.659258320635595,-0.577521175848631,-0.601712634374677
-0.464928993,-0.387346032766091,-0.514555617105675,-0.685781300815601,-0.597662603052577
-0.479953267,-0.449098338116045,-0.601861722162449,-0.706839455954345,-0.798405984411646
-1.163809322,-0.51406203541053,-0.887020242820706,-0.583914456520683,-0.637934730890108
-0.841520652,-0.461919238904405,-0.707457596915983,-0.585079010180331,-0.795186821185245
-0.534412282,-0.307428777866104,-0.481905647225208,-0.683962351855408,-0.686062702037507
-0.474792018,-0.443874122165457,-0.446119153767477,-0.689296715544923,-0.606115608038813
-0.642174852,-0.388816255940106,-0.654840023967071,-0.584353117676109,-0.515505362309174
-0.561785393,-0.439879760874299,-0.616146255961357,-0.504748353927888,-0.516799957152358
-0.470576339,-0.327048845401145,-0.71872372139166,-0.460368736038856,-0.332079706826441
-0.060135223,-0.138677758253614,-0.161070679189326,-0.472173306536585,-0.384961932524702
-0.259133194,-0.230849827286495,-0.314378188152369,-0.442225385452725,-0.275848013452689
-0.401612483,-0.251056297974496,-0.372200947996903,-0.524712593901988,-0.407524107244986
-0.548653886,-0.286588012987224,-0.486549565025608,-0.507260551796565,-0.554888999960732
-0.765212667,-0.376014821085308,-0.621152623560062,-0.476254184311861,-0.535290389275955
-0.504840962,-0.45305080607993,-0.506756924987297,-0.63129254905911,-0.759567448918859
-0.797281619,-0.558406603380208,-0.539460416395597,-0.769932118056811,-0.644439594272374
-0.709792425,-0.192790324661092,-0.568796661796182,-0.660662925684937,-0.86950464198625
-1.068108625,-0.526160057957883,-0.806832747791299,-0.60266863248964,-0.600586535413822
-0.46481484,-0.289291347786263,-0.454145538699299,-0.735230583822428,-0.804376355851589
-0.54930249,-0.442684935291841,-0.503475392456351,-0.701089877491689,-0.695032185614087
-0.865500387,-0.489228191402129,-0.681944715418637,-0.701355971238073,-0.631072212172669
-0.684687245,-0.533429774343926,-0.686122215986728,-0.691145635427915,-0.846122998744981
-0.866663884,-0.524892729205426,-0.723906504803986,-0.83586918250986,-0.810569238038973
-0.871055657,-0.378898863746131,-0.449421648702524,-0.838043348446399,-1.00797399403892
-1.292985896,-0.260579517223501,-0.729355404442332,-0.671023690694265,-0.681722908946733
-0.508237025,-0.267471398073617,-0.54855933950219,-0.692118476215321,-0.830012522664692
-0.550031093,0.0719455791795839,-0.452379220058193,-0.554644616301494,-0.186076058334445
0.393899538,0.155930931589864,0.255758995263455,-0.642650565230333,-0.582271697012385
-0.643432838,-0.0826804788047852,-0.522296680090705,-0.285405917413194,-0.0666896562582948
-0.437944856,-0.34377776357353,-0.518864201342774,-0.190994804836245,-0.294762244415395
-0.054739455,-0.168686775215945,-0.181305227388418,-0.306420593002871,-0.336903373546637
-0.16514443,-0.192022457928123,-0.140348693255216,-0.461730848527489,-0.339949109027691
-0.584802192,-0.314203935280689,-0.517506086047933,-0.327937128662588,-0.308777969480874
-0.423570808,-0.0427806635824823,-0.372758144365741,-0.454189850858255,-0.593999153782782
-0.618970504,-0.384082651755042,-0.495221329329471,-0.720246602024553,-0.689342194317677
-0.906279398,-0.470546038817436,-0.678179556000172,-0.675795680123948,-0.863284456595202
-1.261646549,-0.297558387688121,-0.730649235537483,-0.517389457883783,-0.637203910161959
-0.462653957,0.0445704165543771,-0.278186850749305,-0.620274154792054,-0.673886689104221
-0.135743,0.0620504161583498,0.0131339378823172,-0.699690434448999,-0.390343884185715
-0.100534779,-0.2172111349159,-0.420922810577453,-0.7390960970179,-0.506624609927896
-0.821496416,-0.393040101479637,-0.675102615756846,-0.356807714128538,-0.436396267753317
-0.843152998,-0.263080216948866,-0.706483241329246,-0.392000373889632,-0.492690101901382
-0.201286259,-0.260508908838709,-0.34941854283223,-0.621192782340224,-0.741094868056532
-0.753074291,-0.345861672173382,-0.50418955355536,-0.450982636682715,-0.207490722364433
-0.053854553,-0.148434100073177,-0.358980230174604,-0.553495901674129,-0.590741797172298
-0.478226796,-0.290226230073438,-0.530266273805793,-0.495078374097517,-0.376295108335882
-0.550388791,-0.16614550578368,-0.534387276524251,-0.520322566950858,-0.668844600412098
-1.02366688,-0.0141311500779184,-0.631737750592853,-0.402771928623753,-0.395362129520596
-0.194156892,0.245432933744167,0.271545451113908,-0.588064963442362,-0.786957716271758
-0.672849715,-0.199146624307863,-0.651906027344858,-0.539937108262737,-0.32716805653774
-0.29360506,-0.208630232247229,-0.590170861053001,-0.606010977350572,-0.633281854436176
-0.704606193,-0.241283948354142,-0.591951770579601,-0.402513635883438,-0.336345146383036
-0.289616813,-0.363229153604137,-0.323059826236443,-0.616592245708827,-0.605951111889526
-0.503169002,-0.353537188416317,-0.420743905515949,-0.500223123738346,-0.618336605569472
-0.999942507,-0.715024973872853,-0.757646087488196,-0.518511038975975,-0.382678999830544
-0.220360507,-0.135453055229574,-0.221117431857976,-0.636806993982702,-0.794881027606932
-0.733044312,-0.37916990612876,-0.645248937756493,-0.623452207393093,-0.273059357694835
-0.211273917,-0.140358142334329,-0.131625316686055,-0.705252754779304,-0.671926646527927
