630
1.016563748,0.341947068383702,0.507590158292246,2.93042719368356,3.42407244528282
3.790800939,0.380866870147476,1.62472988354493,0.666022928488272,1.19469884397464
1.632899487,-0.39632654971399,0.273970905369797,1.19929915824064,1.55365927099733
-0.467512175,0.19416792753648,-0.580806713166277,1.82509751212234,1.34055089658824
0.518450803,-0.449630808219245,-0.513368327939181,2.25067559886621,1.09411494245892
2.070150518,0.310543199323543,1.40255600066363,1.24835892862262,2.01780591909059
4.211068854,0.2819806150571,1.95523171209761,0.670164820921175,1.0196284437953
0.142432098,0.291127834583315,-0.045275345048994,2.21371055934373,2.24312149727395
0.393906649,-0.444184940428557,0.446101871041559,1.93530996612519,1.3449201348608
2.2657512,0.571316017394695,1.67987665039289,1.3799191263757,0.436040154481519
0.201118692,0.0591132361083638,-0.0635321191075527,1.12770656075873,1.86788244575994
1.85293887,0.737762806912166,1.33567603665098,1.41835683283997,0.797335739136374
0.945376655,0.367447624573132,0.119767275665494,1.26923796113454,1.89456812699465
2.554030683,0.614911098102499,2.09688149789677,1.05158723427538,0.43480429379413
-0.634396971,0.0146931546822612,0.408002548603994,1.79870308424417,2.35964983258661
2.590643585,0.222415159223136,0.393809215929549,1.33581484685582,0.533630978977747
1.054905101,0.486622450334359,0.76201132522985,1.87319501201653,2.2892814846153
2.489487743,0.688152173910358,1.12399455865996,1.54351875293574,1.5739658032118
1.906771381,0.329209381539802,1.37179842932681,2.11060941762858,2.16484014825963
2.001666187,0.734709629339033,1.3094589413486,1.75440031146297,2.07818730969029
2.343946789,0.750239272425295,1.42320423517196,1.87391103774361,1.65940653973005
1.195936683,0.707786073487767,0.876754522830509,2.09465344061413,2.16519111319093
2.064518681,0.973899829783091,0.830304575360602,1.71892001990147,1.62572154098815
2.084564909,0.642754446595636,1.33235925284996,1.57097083261091,1.37693715165636
0.601750162,0.305224200810616,0.285097575258377,1.55582791565495,1.97802539422213
2.121857055,0.600455940412985,1.45486623268546,1.22824152115053,0.699879136341104
0.476548999,0.390658753463714,0.219432980975394,1.41060182318874,1.54175506523858
0.982242038,0.342492643701348,0.368364263631756,1.06530510315996,1.42012178477825
2.313171502,0.510778689403831,1.3513484366612,1.51677924184684,1.06942851938809
0.991045159,0.255595496963938,0.405815446584026,1.47937028377888,2.24557062708184
2.495738409,0.692733648371073,1.71477997826905,1.71378099834147,1.45508013479272
1.67629022,0.605451154672131,0.511654338889388,1.82577315054218,2.23734663975534
2.216110754,0.642250311827133,1.28759162800347,1.96700970396395,1.87085886639265
1.890574583,0.823959185608698,0.904451118619219,2.26548476912447,2.29324851977718
2.317383821,0.781876514118434,1.42985847259854,2.4224359607924,2.5233771448101
3.137127627,1.03840730536132,1.48298940982452,2.87213017922562,2.63250306997238
0.584802901,0.652344918844441,0.671188459029315,0.915629151037442,1.40475899903256
1.967729126,0.700809534934454,1.2491517959833,1.30455576243193,1.43759384951766
2.302218407,1.00851958930632,1.87219895834678,1.36065163020176,1.88732435947987
2.097505746,0.854811131237689,1.20102528608225,1.70184795319586,1.86590219935864
1.118909295,0.718813484166721,0.567106619855747,2.42181623401534,2.92168011818979
3.858308193,0.755819025014206,2.85527197088088,1.92063796794552,2.12543241337079
3.269229723,1.24140238861843,1.44877117616979,1.73288837815294,2.4128570770736
1.430486067,0.519754710645787,1.20436624331075,2.12858987300623,2.11579236767039
0.688333143,0.666889865506475,0.74409504513281,1.95866471467631,2.01271396050986
2.621856791,0.805883237038561,1.20886406213536,1.23082327838935,0.707463065437438
0.447545086,0.566218968973204,0.427116879777036,1.54650436838941,1.82057919957417
1.060249594,0.517837366002255,0.294448972863745,1.49457733153492,1.65000123571536
2.570233931,0.325820787757795,1.70302390621496,1.66357501544547,1.77843943449637
2.762625748,0.876248562708225,2.13624194769125,1.26894698874914,1.82661187587486
1.390538765,0.772389727031067,0.917648862018412,1.05776266884328,1.79898003129218
0.936335666,0.555611869645177,0.607965876918487,1.30454697377227,1.1378061906124
0.379151938,0.517537374890904,0.404839592362853,1.53991735477121,1.73928118241466
2.511435757,0.672087982712702,2.07770565879063,1.38187979016494,1.2715269824427
2.072937422,0.749835507970652,1.09700191014949,1.42122727715489,2.11555147682244
1.988341058,0.672815033156917,1.39351167557529,1.82324485720695,2.16197141453156
2.372128786,0.786942710138934,1.64725125848099,1.86776191337532,1.71765056086969
1.399927366,0.99972737771522,0.396127725923134,1.94523361601202,1.96270176208526
1.580870804,0.92604939057673,1.00067325076658,1.77079875776689,1.65107732148314
1.833586345,0.725426428749061,1.39830970046191,1.80806215530984,1.47422547409361
1.346439506,0.828502429139642,0.911142214204267,1.44588453557128,1.66309903395211
1.626235,0.951375216125164,1.22095855537983,1.50784208900467,1.20420934676629
0.770051782,0.708627191227102,0.599878629890741,1.81204103623583,1.93111676858977
2.171629759,0.722617612916647,1.13771152396873,1.65510240273251,1.8535116469552
2.922189106,0.704723811719775,2.05512022958761,1.73590609503346,2.08818302082186
2.335510341,1.02152738947693,1.85125566604942,1.50625017394271,2.09439252195454
1.615899629,0.791020728917515,0.808634518488788,1.57150857120427,1.31566457494211
-0.004786995,0.54589232765996,-0.0930251126473046,1.9622605276069,1.64379916669638
1.471334185,0.636922073791768,0.975079225601509,1.66963916962581,1.13804061759847
2.064342656,0.720888265187366,0.948675490360864,1.39921740832754,1.52941708382329
1.826207385,0.757505997735569,1.3203103280417,1.34185695828795,1.69912111535981
1.579060459,0.817996084939527,1.12415708649956,1.33601549738408,1.28237218931287
0.730734097,0.690754455913096,0.859140332152795,1.59188996932031,1.14051074829043
0.319464863,0.42690187300202,0.557379195352573,1.50815971101135,1.73404456319387
2.83143446,0.766181678070065,2.0756493725709,1.02074896411225,0.858115042593813
1.269588516,0.459114093024135,0.81076657233652,1.4772871753698,2.02017784476536
1.393658025,0.677202661994496,0.867388185281771,1.44343378888112,2.0209378762755
2.960877061,0.95970298189372,2.10504008991032,1.47746342225837,0.953967251458342
0.349959823,0.430551646591512,0.0524825074717012,1.59839685131889,2.05864107586904
1.363878724,0.568640001463139,0.892354941782705,1.58206674092703,1.12266274370727
1.347856718,0.539082999737433,1.09774513889358,1.89137506905667,1.94290275571236
2.809395783,1.09521824793729,2.92042665258629,1.10665108225064,1.44278841955293
1.691952864,0.735799982586022,1.32774751898635,1.4724887552997,1.66752368997164
0.602903272,0.421533291962916,0.0705404038617688,1.58165223784681,1.69398722153942
1.623738191,0.6337526500248,1.00634106967611,1.17050638607467,0.997986975341662
1.216465835,0.631991217409316,0.602912490774326,1.3430933526243,1.33433440305045
0.986332038,0.404284558394089,-0.012628358827692,1.32109423007669,1.73665814537921
2.335274383,0.540774518159348,2.01938181010724,1.35453626341901,1.27894685748152
1.576803379,0.637616485732571,1.35778186969506,1.48767386008153,1.70449048961726
1.181666382,0.706273458282282,0.908240606516919,1.6932018299469,1.71566402771805
1.730105618,0.703722297642013,1.31339817575477,1.89632449524576,1.62558933743811
1.971723577,0.978237240129816,1.51364417255277,1.54882693562087,1.90132354864863
2.361587694,1.08825266120569,1.71781488252529,1.44936949175956,1.41773073710775
0.72086077,0.67045669668332,0.469222534189902,2.28002210158294,2.1414117793898
1.782927986,0.603222261567552,1.1998056738235,1.9055545770053,2.04939637130228
3.460512043,1.30714793519552,2.0647042109034,1.65423267376298,1.49673601620512
1.25687967,0.725506778208017,0.756663783543083,1.89953197899386,2.48215534338562
1.677823714,1.08050747589645,1.08636887164113,2.11906639483671,1.93252963556769
2.421933515,1.01023536508072,1.7812496142975,1.87112630033449,1.69395545965857
1.726118931,0.939160165198967,0.953502246998877,1.80027809283356,2.02894013226216
1.716012031,0.856205667084501,0.97123615911823,1.81466062639107,1.87913033443576
2.054126493,1.07628009836681,1.29474814689294,1.65173700455193,1.52841796095987
1.359287777,0.963222350583988,0.746841735026557,1.6637069727988,1.57287610462628
1.084841442,0.639504547941462,0.620354715117299,1.31827336449575,1.45491325336175
1.519482507,0.829421263429086,0.803123174261125,1.41391117020549,1.11045296005655
0.862603642,0.59489060678264,0.460357130123629,1.52228154960819,1.88877823449161
2.308149666,0.851873203376149,1.85527641638404,1.6047861266716,1.65287964665199
2.473310671,0.905325306937561,1.44535841933193,1.68399014472496,1.88855673743492
1.66463621,0.911357977085213,1.04683900577168,1.59413868117547,2.06695891004834
1.818291897,0.910331358388999,1.33293979961289,1.80486271652621,1.45635512592179
1.01763578,0.882462490185747,0.817219758275157,1.86341246678384,1.80639040670763
1.814539134,1.07035021545848,1.20284317002822,1.62136798001412,1.42908490285418
1.672204979,1.02207052482341,1.17412711283033,1.72216487096217,1.85631228342821
2.046753575,0.994616029412451,1.47755412910481,1.5963002340371,1.70573900600312
1.702652963,1.11122914736682,1.18793032065147,1.84547080809841,1.94891807892168
1.927510933,0.517872734458406,1.68714461362724,1.79771952061589,1.76600521619533
1.806437288,0.689156868367501,1.35763470348257,1.77036994605074,1.78543730578163
1.73502821,0.707881408879721,0.629204604021221,1.58029569365305,1.56270960327948
1.296779435,0.584992234895098,1.53815372542362,1.61853525696943,1.54947409434544
1.350314559,0.87538279862022,1.03862334670031,1.50445393344747,1.36021794983393
1.253570521,0.88279027066358,0.963837238387595,1.48887066982847,1.64482664879847
2.032198874,0.787933938502866,1.22954756979409,1.39931579392768,1.33361576815926
1.315475575,0.655434561843135,1.05592307343014,1.82856568549052,1.89456179851931
1.747713732,0.798571669373006,1.36712198926659,1.94616820145922,1.98926592525943
2.620987401,0.950737056296464,1.58794932882117,1.81883536886096,1.99749404189966
2.478458002,1.02761281560838,1.34939709236607,1.69094066368657,1.8806771217335
1.276149,0.95895137108379,0.883348233956223,1.8711009253715,1.88733760033253
1.280563095,0.768402799114341,1.00076693334198,1.69414769426191,1.4185130822977
1.490109994,0.625103433054891,1.17794968995304,1.73740662916612,1.03287099256323
0.460232531,0.25489581132138,-0.493956101859296,1.81268598959812,1.95712683329489
2.442331263,0.378931448717242,1.32054884551482,1.50718760906169,1.55745340357103
2.728365386,0.531198818383178,1.26879713946375,1.22100010006281,1.70131725707118
1.312425415,0.72034113053824,0.995353664288952,1.83278213500033,1.72113427541359
0.432392355,0.584938838968495,0.0732850083586227,2.33216481832572,2.190972635425
2.923798135,1.03826350205964,1.77771550123772,1.78888006971752,1.57830317908955
2.703598025,0.964331030197557,1.80203593064464,2.10976315170014,2.16781972837175
1.460750669,0.770526320024579,0.618341233747817,1.95839758896361,3.0741899525797
3.850671888,1.32476368145469,2.09200583039079,1.93737378491119,1.45834073670004
1.377144564,0.776816233399151,0.638518848848326,1.84348390553666,2.09989335735581
0.501093319,0.838089090075928,0.177638487028874,2.26380830641376,1.69616852153924
1.393274794,0.679587372461389,0.730313557805587,1.89289889274098,2.03881626847785
3.77505108,1.06071425579344,1.79658294213423,1.29902984199337,1.27012777438961
1.050439641,0.522119896649288,0.558233682926227,1.81400435897264,2.90659621733759
2.527926419,0.745715874380213,1.60150567963774,1.94999567515794,1.57638505249409
1.51217418,0.882176595000288,0.907694223934245,2.20080095543255,2.72766767861529
3.254619934,0.795599277740272,1.75665945840474,2.84114714798624,1.91795732858192
1.011487263,0.396519755074721,0.425182281781174,2.93164448485786,5.9626684576619
10.31339149,1.03442339225461,4.04255692315875,1.64257727131802,1.14233735143821
0.971757077,0.593245334404433,0.5045555545317,2.57450857929938,4.97300656903223
0.974260199,0.297306030356966,0.587823050230082,2.21831531373984,1.59957578348234
0.80049946,0.655438173530316,0.819843651029449,2.61116305651688,1.73773821037124
2.339548819,0.830253775209833,1.69369278740626,1.8499662013707,1.53718840418921
2.128300181,1.00500473661847,1.76244717036631,2.15343849018489,2.43162402212188
2.801994592,0.978853983882569,1.81602567675806,1.88389303218161,2.27866041506785
2.71112344,0.757632701617046,1.77583628712115,1.97757258831346,1.77323131927989
0.711190458,0.635986471470307,0.492456748231377,2.0683581989135,2.15945078250552
1.61290277,0.630549190591166,1.0924075054339,1.53107991167221,1.29962968882012
1.738165214,0.455139754325879,0.890029973956589,1.68128855911311,1.13042950044297
0.324591194,0.58743650304703,0.0488681957058538,1.7817881403268,2.3945433465403
3.136184201,1.0737243094115,1.904144655059,1.67168013174956,1.65719577277658
3.059225764,0.94113189375788,1.98070033196911,1.20966042674956,1.98039573260707
1.394190906,0.619563449523966,1.13701215000915,1.60653117054576,1.60686562307587
-0.07992183,0.496489415172995,0.496351725206987,2.01944750652019,1.71651503881936
1.88286297,0.0793716439607977,1.35475990636077,1.26936830774803,0.74076734709525
1.379132121,0.194022693146986,0.40163707065335,0.931795747584547,1.25311993752582
0.778293672,0.281148169700075,0.0909922010934071,0.915413034803626,1.43362961058884
1.518647915,0.117514112872802,0.444078803895815,1.00046272885996,0.970695917455257
1.122024682,0.394425198369898,0.424712810455489,1.27866625234723,1.09035383334162
0.451794016,0.463876534272729,0.32736098976593,1.71107255048475,1.83263454532985
2.520111652,0.253167570522369,0.269429257645246,1.21419320049889,1.46586775982819
2.667011401,0.777355649002561,0.435393784377215,0.985958355898235,1.46550166292317
0.702248886,0.56750279190336,0.0632747225204093,1.16296638795383,1.66106789833184
0.826389896,0.269832928019852,0.35284887983239,1.00422186207911,0.555911161677329
0.117648031,0.3816914949501,-0.108596811968173,1.09728187850212,0.508126250433376
-0.183894417,0.329406439688321,-0.296324780632602,1.03906173000902,1.18765493990194
2.168476333,0.42538575735829,1.04500745404312,0.946383583219644,0.953903243774709
2.234102299,0.542966222173402,1.17550559681378,0.906710656431781,1.3496617127569
0.861857195,0.440002298936361,0.321984812670435,1.13038885203192,1.55933134375482
0.944595765,0.565811460382126,0.540865177605216,1.35251613642208,1.00576534761389
0.818656315,0.36364164893859,0.385229037408455,1.28020771838172,1.33802233398662
1.666583178,0.396659467188296,1.18522598674762,0.941375277601058,1.41245694972443
2.288572547,0.318475807966722,1.59331525416979,1.00771829139017,0.902579403270589
0.135304697,-0.734856626691869,-3.97028626092881,1.23413590817039,1.58009845365778
1.049863318,0.0948203752094425,0.397040194270518,1.28861884981206,0.524598515016861
0.44426683,0.044938388643133,-0.989937365678698,1.37569301147027,1.24668504207657
1.601608651,-0.0724697626530728,-1.66448642446397,0.525964291232816,0.838640590755107
1.371917888,0.284035224151891,0.61570131548635,0.667979527340738,0.685465458445957
-0.350594854,0.166872775339475,-0.291370868067415,1.50251255390807,1.45597793078405
1.447553512,0.117412044852662,0.907563461717641,1.15021674355425,0.953106412125427
2.112208154,0.265760192934914,0.535157612772479,0.379791526038745,1.28033312604621
1.454800996,-0.215996225271914,0.276615836517935,1.10431762158627,1.34658007422729
0.550662106,0.365079425310747,-0.459307157604164,1.69720492842337,1.59035857742048
1.633695274,0.113933375629433,1.17160543503811,1.7580793325525,1.21172619519174
1.661599842,0.443722990905902,1.86203122108329,1.71653616950624,1.79019434855372
2.154342277,0.558089751739324,1.06181890334323,1.42797268388556,1.67105581236582
1.809322119,0.907966119614785,0.842257248066703,1.64310231602178,1.59775304086113
1.003772653,0.688798818405835,0.355443621063623,1.67856848450822,1.81024603836474
1.857471724,0.850894701448594,1.37731995332949,1.77165068052425,1.20602732069224
0.826756707,0.662066710520717,0.537936859735016,1.96581574418446,2.80288406034387
4.153534599,0.90684898023644,2.11143198507322,1.44772653129103,1.57091188101308
2.33964927,0.558886183941863,1.22323683898761,1.81166340840896,2.46482943780852
1.167345755,0.588361843717162,0.793487635310165,1.52913563171621,2.14339967547262
2.070966855,0.763299805563826,1.20858530039477,1.3654199401177,0.641251123509598
-0.149595715,0.257179149174007,-0.042133544230073,1.44107517729959,1.10490871414406
-0.039280433,0.172168033955044,0.0411418581225504,1.0853564850539,1.00707506541985
2.016871317,0.387932125630696,1.10461623259989,0.79854509474095,0.435767370064361
0.79237043,0.214454051554456,0.313807663126673,0.96994496143849,1.54504818310301
1.317923296,0.0652271306261391,1.38412274629087,1.28083617035733,1.32182288749455
1.804733892,0.441880344477425,0.941314082534592,1.19977100162197,1.22712214746767
1.23196078,0.52098297537069,0.292344188728736,1.2293986787291,1.35257657703658
0.854556158,0.392851152078863,0.528482136209761,1.90540859102444,1.50513925052488
1.384634327,0.477172709442542,0.825206123926341,1.74583404329835,2.22018541271714
3.843552969,0.640762113067121,2.00417695142444,1.21406013901931,1.49432950789521
1.790307779,0.487923205060964,1.36394237189063,1.5624413242209,2.23798331441147
0.948415156,0.458476591999815,0.0697101848332152,2.21222407034822,1.70533961666014
1.11734937,0.266544902873935,0.458681614108651,2.09693374675072,1.95472384512198
3.068710874,0.475582889995178,1.81037315121512,1.69440996762393,1.18683187472304
0.869279191,0.448967906088359,0.521246347951842,1.90982953150146,3.11516452081818
3.75051569,0.822882363884379,2.1172358272789,1.7817949255917,1.46490899685747
1.745229838,0.501445122417193,1.02773433858067,2.07686744431468,2.65222088184114
2.12233031,0.262298019170955,1.39543795384765,1.61643616434506,1.45726416758108
0.947984545,0.213594533602451,0.271503343290326,1.65971651075109,1.45503476155019
0.690394948,0.259702348565083,0.717780577362971,1.63723479457455,1.29736190737792
1.008210602,0.211192249180162,0.971878494451699,1.39587441939249,2.43359088554142
4.694303288,-0.219997098815901,2.1696522504571,1.13755254122252,0.891114695928879
0.466481226,-0.0116501565151989,0.472717264329928,1.58389776694492,3.45392253771755
3.041473342,0.419344843940984,1.14603449864546,1.60269470712137,1.12930643527979
1.121428926,0.235527144708279,0.816651686246074,1.92856768118498,2.33186156088681
2.042508893,0.631929417152101,0.8310982156415,1.46111579948897,1.3140278796485
1.200020281,0.0509643759096957,0.759008798861138,1.68444246898097,1.78522773049583
2.414978799,0.344749526230755,1.70679772676423,2.24194060983351,-0.754878613756124
-4.12423833,-0.672540575113803,-2.34805575548066,2.20551436040313,3.40901325068234
5.071029685,0.387302798227536,2.52076211273652,1.98881915252102,-0.724759293799911
1.006657739,0.218773476710796,0.633288941272982,2.62736587674532,4.79579245147357
6.461083885,0.735825617688181,2.84940845339851,1.40858402970939,1.59506989253923
1.872456451,0.370230747536199,1.06622292030607,1.84993242752989,3.41236380228032
1.211663559,0.195154204956133,0.365490481787651,1.68807828560496,1.51704006264413
0.599345248,0.564878760509863,0.258870737336914,1.55645099428066,0.95600295466962
0.608429862,0.356487121954662,1.22267670482701,1.20664731463858,0.351204292064265
-0.393024608,0.276092968120492,-0.531281827889018,1.33462788217664,1.37223016906078
2.11167981,0.497634687565822,1.04501739406884,1.08433302146918,0.96134415061112
2.065609873,0.324237721669935,1.12557668407718,1.57680544782506,2.23851267678539
2.797845096,0.306852337763513,1.80324726980327,1.82723150229271,2.1431155553065
2.198804497,0.908804729995533,0.943513833472157,2.20385959685271,2.66557893212523
2.870852012,0.402591983917565,0.426024127706222,2.15192785618074,1.83428597233658
1.19144308,0.310969761238849,0.0444222793139366,2.58252663098221,2.67242474246864
2.677797366,0.643014974617933,1.08143157095529,1.83246244392323,1.67311415239918
2.150947843,-0.00641740684558845,-0.152317860030412,1.67831408301419,1.53914476902445
0.424407602,0.341708956719018,-0.298437510929281,1.79013740285263,1.85773123310776
1.604797574,-0.289606250542759,0.563245693092895,1.32150836086785,0.843422778938511
1.009660069,0.285755433747772,0.965727765281368,1.41481661322736,1.193086106745
0.559564161,0.36579867059106,0.275411282904054,1.62033214122123,2.01552842262001
3.088599326,0.48555904029321,0.656259056231758,0.935057581792212,1.40918758005787
2.592379496,0.0613578350199797,1.47211733750025,1.27930516271423,1.28535556081722
-0.471469161,0.395232016936848,-0.129082990546827,1.63784192629132,2.14186351289493
1.898441762,0.330406473194336,1.00323499637492,1.02038422836786,0.189538204191421
0.514163296,0.146482730814859,0.393809035359884,0.890066639660935,0.643746973687354
-0.529537897,0.39157933420746,0.226314062301495,1.20414742449606,0.757555416053626
0.346519973,0.311164029647784,0.448609387308061,1.50888983765092,1.63171054510255
3.941480699,0.439421478979487,2.0196920083583,0.98856099689514,0.993098335991032
1.630919998,0.418078239275831,0.947947869290356,1.63184868314416,2.88625627012813
2.367883294,0.888151054274463,1.27770683328743,1.93608483724756,2.19028660442756
2.536695813,0.9815600799904,0.976934424436132,2.42156459005923,2.24863253887644
2.068621119,1.06274526676887,1.21758010416245,2.37522762619773,2.72360773868797
3.038532877,0.873112175574087,1.8714336601694,2.31662588782224,2.27839659508072
2.46587383,1.05674980418644,1.30610184391841,2.32574896906542,2.54193420789993
2.239971125,1.11651719684569,1.24584023647298,2.18268109204537,2.18889497021957
1.87489126,0.529824641947398,1.05344767822076,2.40925617271978,1.98434146282114
1.598345342,0.750075550824396,0.872324551388481,2.18376458452156,2.05586756631221
2.320013318,0.174716747975232,0.112334462731881,1.25447277974404,1.50296218922934
1.680775629,-0.117510293080529,0.675752986078015,1.40787067534681,0.870513858005613
-1.0346713,0.212715261686337,-0.603210079448613,1.70327872208225,2.21822473733726
3.015145563,0.436701754291767,0.906962124101121,1.06022060918219,0.0652608551781655
0.53543266,0.0721962658074736,0.550302261952602,1.21985568888168,2.20507386963402
2.076682635,0.443640504387156,1.81596937273811,0.649021945553671,0.994674324580049
1.377508799,0.481260109801758,0.612681953766177,0.708454497175632,0.919913270585336
-0.160148512,0.244314728941943,0.106304967472665,1.06055302131346,1.01704524400454
0.327639599,0.101653330410108,0.228114967912245,1.27734640682289,1.04573594216493
1.584565527,0.26602259067709,0.992352253966102,1.42513169695243,2.35362770140194
5.441212965,0.275925566557763,2.07278952956402,0.395394900326781,0.000286000981652134
-1.726391844,0.135607783537168,-1.5253420522329,1.31856056170152,2.67594701713475
0.454361637,-0.290473736708794,1.15406900427345,1.80977239501584,0.0685360571545737
0.779286986,0.303461277381695,0.434449976808646,1.06388561369974,0.862834007522686
1.043830429,0.357588221125883,0.318272877968622,0.964108475726925,2.23041504648353
4.03964018,0.388662048059076,2.31040827765809,1.15385068735003,1.57425866555618
2.106846642,0.761378747840228,1.14250473685127,1.7468678669912,3.00792325781321
1.812285994,0.622841872815686,1.24444914623447,2.24331130414409,4.14048823634643
6.721180516,1.36932226453953,3.45302168555869,2.14712253130542,1.74225579578957
1.472770925,0.83407071652191,0.53702925747983,2.5345029638568,4.1414397395102
2.163740674,1.16060646186165,1.39950507374562,2.27127735679414,2.56486133750466
3.195685303,0.52713297640663,1.44839675410651,2.26713089539614,1.9543016895395
1.739710707,0.782620443487159,1.62620182633303,2.12630395311906,2.41454552664543
1.748734031,0.36205754710451,1.23687644911571,2.04133794908123,1.97383165659832
2.163927131,0.247186617301358,1.47251305153409,2.2195587944861,1.46666924800049
0.667222209,0.37435553569261,0.334400324243458,2.81862048316219,3.01948675398504
3.912594726,0.60984349732928,1.79740708759755,1.90040058644808,2.4660375079444
4.595275344,0.597404871248173,2.75268662104476,2.11650481352714,2.20563234384085
0.55967973,-0.152723805934736,0.103240537135155,2.9140695463327,3.80411254415132
3.335511994,0.552995033894998,1.95739588629672,2.95170614035606,1.73015947431668
2.246856981,0.411694633909626,1.78442763058197,2.5581839500101,2.87304856649344
2.951057661,1.15494502756445,1.92398601050604,1.97968263848035,1.95190260040705
1.302346469,0.544821897254002,0.803285021488559,2.96220766177523,2.88448495854047
2.909587221,0.904878846360207,1.97279641114233,1.88054621035817,2.21239088278624
3.28745011,0.440214836337484,1.39343753626923,1.86048159946781,1.66568237921507
0.454326513,0.814062479137003,0.545031310110708,2.09464008826931,2.4048213445237
1.602628924,0.37934338580481,1.30915818082972,2.12280680800623,1.25832969782454
1.622874786,0.555624153626445,0.914831263851886,1.65502803277922,1.65016435158763
1.964984006,0.586452505606559,1.01520212125747,1.18007215286399,1.26184202479676
0.944097664,0.894319730309727,0.807300018434617,1.78130088486659,1.34858785024113
0.44757983,-0.199221719107162,0.565723953759324,2.07524951299279,1.89841596242183
2.719259586,0.517474294752724,1.97380434183855,1.73304567545753,1.59357060850394
2.712897143,0.507220966357691,0.774157400438341,1.74366042949477,2.32101657716989
2.332831662,0.788890564919577,1.33909269624539,2.07890457381835,2.21952762147445
1.68427306,0.867060825321304,0.978331731292062,2.43115191375107,2.3330729662984
2.283005164,1.05017377244495,1.69387658022992,2.16291799263197,2.03731998028211
2.320666037,1.43570669731368,2.34983366392156,2.11084183157644,2.14761764743798
2.0466573,0.960136600307001,1.41086647318492,2.22587541186008,2.30644196124153
2.246591319,0.858954679531758,1.66691105222625,2.18150156727487,2.37338456395106
2.94592566,0.901757781685055,1.25005831147059,1.75338488129199,1.63595820358115
1.051912927,0.58965813910179,0.446643244106977,1.82619908306715,1.93721241549753
1.357521943,0.362374565401998,0.452500978265223,1.23195982396538,0.269958716807872
-0.946878158,-0.0459505584197194,-0.471606913610595,1.40701577784011,0.760095580904729
-0.081319877,0.282017382850156,-0.144090026344144,1.27873513636244,0.490777273060812
1.375609176,0.460754246310317,0.786552653975091,1.19958491541051,1.302444928257
3.052555736,0.579308262028713,0.956231654360625,0.640261640298589,1.13803542923924
1.064526792,0.239213182165018,0.617351676467651,1.24414476040538,2.13702822277967
1.613871458,-0.0724877375532754,1.5448889052573,1.71523291718202,1.11218391124405
0.579058279,0.233763774544098,0.782972300512847,1.78212793664896,2.15957736272235
3.176646341,0.962323046141671,1.55241764531693,1.23240987947229,0.527138974253181
-0.100790449,-0.0620886078689669,0.194937622746376,1.91190782876194,2.77891282899758
2.95573802,0.675920557301286,2.04550168556069,1.15416815834757,0.954327340637857
1.647390431,0.498302748153242,0.992757221948508,1.75672082321459,1.85750531923747
1.079149464,0.223346309751754,0.50131025638187,1.42714153542476,1.67558807737706
1.70768296,0.715822349596299,1.60869877655234,1.63476143720375,0.97553253173898
0.544577452,0.633856659345215,0.0290928955615882,1.5760930089079,1.8253717721551
2.095540524,0.328662082007482,1.12115771709028,1.45410873025091,1.15484829149854
1.533173875,0.642912212708172,1.12037614859097,1.55207713057252,1.94092241819756
2.112422577,0.723889788884079,1.4140297702755,1.44473889567609,1.45637818289353
1.248090224,0.86577458637832,0.724852111263977,1.89619237288411,1.90268920462071
1.701889178,0.896637969950699,1.23147718308763,1.70859837605595,1.76686511213766
2.278601173,1.20528084049243,1.30849328568145,1.54492946873062,1.59579258714263
1.549541993,0.469963109790971,1.14270630123314,2.02135826299528,1.83339467861206
1.130760563,0.504466881012308,0.981125837229223,1.95102001472338,2.55948264835368
3.88081117,0.796721265797558,2.2606163314341,1.58844130958925,1.18862351217748
1.271094792,0.424010769897909,0.81061001343033,0.903115639815574,2.03652453611722
1.756314683,0.23698504715996,1.32129316065287,0.497741289769862,-2.19822304330696
-7.386392195,-1.53340002505838,-4.83911830637924,2.28308387616468,1.80048819940888
1.748158118,0.515461046497463,1.2133553758369,0.624272673114881,-1.73692344072536
2.89286393,0.295269652159866,1.19434817916719,0.193706001632287,0.578715998122319
0.323796721,0.214978027997605,0.106956038390784,1.00555991365959,2.27039199659644
2.069443507,0.390098310270394,1.61661479631096,1.43812424761477,1.11344224151857
1.709997124,0.679901881340094,1.45815569552785,1.36821997565471,1.31687105431996
0.6709737,0.451546718551184,0.060028876059318,1.24128642022954,1.55236137832267
1.298973352,0.658958801945499,1.05518765874236,1.69839709125988,1.30814041907556
1.588649626,0.612319170167244,1.2310491465621,1.73081947182139,2.06787042076857
2.79200207,0.553539805943341,1.60956706910095,1.67302635026374,2.54690958110949
4.018531148,0.700144874129967,2.40735530776681,1.7244384260369,1.77901166784909
0.665195423,0.707788887428254,0.99979043993808,2.76525029495638,3.20067716274832
2.051806513,0.969680746436414,1.03272172755208,2.86548781583176,3.40436937682144
6.502436402,1.63552599998816,4.28494900269614,1.7913667834041,1.44047098680635
0.86931231,0.548099436680271,0.197500692461263,1.78496014788044,3.66609651740512
1.442280563,0.556038964952246,0.337986703416108,1.7204828340621,1.77769580027103
2.042894542,0.706259007331785,1.31335181428128,1.69472021573664,1.42690383177279
1.340910943,0.465693773860242,0.803664869156578,1.69563861734199,1.8006698917859
1.404416551,0.6454661620936,1.01875250983105,1.59512942230282,2.22013960269769
3.316526448,1.17883541045475,2.51177586881071,1.63900821809017,1.33006339131333
1.085135579,0.728053112369768,0.762344640019288,1.93164601439607,2.61313616296796
2.10250367,0.843864602399602,1.66903008163092,2.22720089476489,2.05056208851021
2.688344356,0.726167934167706,1.70246841514943,2.13022803000966,2.46060962752524
3.481872441,0.394353023813183,1.92367157782533,1.57899029797512,1.18524185645159
-0.499818658,0.193601327253481,-0.456388007134792,1.97039683392823,2.37775969130129
1.370579341,0.555572181005472,1.04846482599392,1.86722470216323,0.849027782588075
1.396285937,0.637199411985742,0.739855132585152,1.82357804830786,2.03562123367837
2.894463834,0.865370867000486,1.94665205510083,1.51414664726755,2.1293183484459
3.159271998,1.36838822934132,1.90697825833894,1.51409049760438,2.03200500852418
1.425923612,0.930689036683596,1.00785640930276,1.81554089140096,2.16536257797783
1.212539561,0.718178121020357,0.929801517894557,2.11278407871652,1.55461645724275
1.415980063,0.472018493942356,0.99483156330366,1.83949304319088,1.41016698045495
1.618836517,-0.101502596934516,-1.95572480683489,0.503603034133811,1.23785518162502
1.732233838,-0.0965726424049922,1.58376808140012,0.715875964552403,-0.515746783026809
-3.66121023,-0.741162849877452,0.625999533113428,1.95311186705923,2.50689847371517
3.699587775,-0.846422138596467,2.47109065279656,-0.800277969980232,-0.898306741653763
2.015034344,-0.364983798177208,0.891945752985933,-0.246783337392543,-0.820290625572282
-5.504516187,-1.38988690365173,0.653341060898614,0.882394475377414,2.13461963668755
2.280103364,0.54951457862766,1.48380267679822,1.01914251969196,-1.47752946262544
1.416290773,0.745563466413204,0.979924170771319,1.48497429322894,1.31673675620478
1.218594653,0.577814018333421,0.86858903483349,1.8086391758406,1.74415474164491
1.995940936,1.08061992834873,1.53498405959005,2.1222921921853,1.93915187465265
2.548676337,0.954806499040459,1.71364803298391,2.05599902357744,2.49759307958667
3.226893137,1.16313476891627,1.93730138437999,2.02560086183717,2.45408685924109
2.667174911,0.842977602811921,1.17434569062683,2.11316316313302,2.19384836884669
1.193782257,0.986529985768696,0.355113089849118,2.56098629736393,2.24238337301662
1.639685288,0.683925845355656,1.09774499917906,2.2570450970217,1.90364164375595
2.715183714,0.632334185732984,1.75459521314839,1.60696026368852,1.05220315953578
0.324898412,0.544432190305677,0.0344915750133698,1.57383140806618,2.01096300157527
1.477420712,0.663425463914537,0.949680552142099,1.77756641909314,1.05324968266741
1.24215911,0.635068626293409,0.446911132324217,1.71866060652713,1.98482835792357
2.741979422,0.746522443502707,1.64009580726573,1.47919997225889,1.57814700480502
1.82669241,0.517845666201998,0.835803339857787,1.92549169446031,2.40803353408314
2.13767636,0.627636403900504,0.85776620297215,1.62009879942279,2.56316337271426
3.608762036,0.828702545353611,2.42583556266124,2.58933119891458,1.48110675874091
0.362979769,0.502731856669508,0.255667846255513,1.92433614750944,3.5149658236158
4.272116702,1.09686233116716,2.97886694523193,1.680116487907,0.457523648693105
-0.121392107,0.191140494881338,-0.0660562190092163,2.06814964132693,2.55146867832024
0.995669951,0.441632980728709,0.652023229504109,1.33212298687414,1.90585671190718
3.854049893,0.892857214370345,2.38176603137541,1.39850720733095,0.710714585796872
0.325545728,0.574834757501286,0.180959008336337,1.50652223744239,2.47161742479427
1.434571788,0.540837298219069,1.46411806414645,1.84100506137669,1.42967683445953
2.282861737,0.648870499083121,1.15136632952592,1.68157272771595,1.10263327657536
0.611778222,0.347025071020249,0.204474529113301,1.07801054209086,2.23030457303042
2.65923089,0.527365553138061,1.91980898383089,1.30088509351598,0.617108551791668
0.230346635,0.519250592222388,0.117188687889183,1.42363063746755,1.85138098987998
1.269355951,0.750001070835338,0.790714242547609,1.18443035958237,1.06822153047761
1.354651128,0.673292490243175,0.852597915002716,1.41277617109428,2.01824908856844
3.116762308,0.752142918417453,2.23261279685238,1.6366023771947,1.41325398218606
1.236406706,0.729715749933991,0.457069828094595,1.77887608172623,2.92391513196125
3.234808391,0.88507676365938,1.9505068070833,1.71720370700107,1.57203743964953
1.861266905,0.555038355000901,0.809359480776968,1.70210240732672,1.76536360903861
0.417582642,0.554581896728687,0.133866432572641,1.66417087487667,1.69500222132365
1.211306504,0.713336230668433,0.765861013914443,1.84493745239926,1.43820765329552
2.274643726,0.615637812430599,1.55062054562836,1.53021496356816,1.51033390573993
1.962912572,0.829382066643994,1.5762157383771,1.50634288854043,1.79756380793129
1.555079522,0.967130282054372,1.315007261819,1.65886218917226,1.56060720377653
1.004434829,0.87216908872557,0.744215913499605,1.77059822265473,1.75550419761009
1.964573225,0.965147488349737,1.22437500510651,1.54861394879932,1.28740347035109
1.355935683,0.579917534425,0.961395402916258,1.7566687138676,2.00303806083159
2.097942159,0.790939700327734,1.39606032456942,1.74085472497804,2.0081735711163
2.593680679,0.572017376177511,1.78648395640225,2.00589957095362,2.278761334079
2.702309357,0.495390676252757,1.76256066809504,2.36676903936101,2.12902668940953
1.37689786,0.652948668561243,0.768039900335899,2.19100233527699,3.28145038676735
4.396004001,0.78903503363075,2.33079595538657,1.82052643182752,1.29686729260363
0.885146531,0.693933147738078,0.325409636458326,2.05966164551638,2.88669661602143
1.837199285,0.827649187025401,0.481997569775959,1.93262869879188,1.47150624111006
1.303439355,0.539006780048667,1.07320047721985,2.40856262599967,2.5048877922528
3.605605251,0.857867536505521,2.64476289880709,1.2304179045188,1.29000891077036
1.242331854,0.700235927259245,0.667655916418075,1.53223219547947,2.1409296457109
1.02908564,0.784723269076272,1.09564739905447,1.43962736301682,1.2281646383737
0.865681533,0.645099267358749,0.793786833518924,1.69153319130853,1.1337626395544
0.945193253,0.723837027140476,0.992120047770339,1.39166031826229,1.64255609917876
2.475882395,0.813510839578907,1.85190094533786,1.69621436347851,1.39865396977842
1.71294738,0.917602248542305,1.12627978853651,1.46297668675055,2.46484958176806
2.92731376,0.87866179003402,1.95878261366312,1.79133870760305,1.5503898721471
1.159276634,0.904695334600242,1.08673886862768,2.1207833574151,2.4539460279263
2.206705074,1.07455271832322,1.23240640219656,1.76955529912553,1.61586550429897
1.791002796,0.891074829546794,1.40936310258199,2.06882402587105,2.07753938274044
2.100935199,0.860221537005389,1.6703288637697,1.66947021393677,1.86300253412552
1.954172917,1.18909529166957,1.24598109954224,1.86117555729737,1.79652892543633
1.459403781,1.01251453253628,1.31962940585626,2.02373305742002,1.9567579154653
1.897655501,1.07817247167273,1.19279210360287,1.88402985221272,1.86953171012141
2.28879304,1.00400346880041,1.62098642004069,1.71025289620686,1.77992196475438
1.694706858,1.21280096047737,1.18276344525133,1.84426792525008,2.03047319588685
1.788260623,1.0166791049261,1.23271172075258,2.17598320318011,1.94984741505724
1.976555055,1.03560442592578,1.475173208542,2.15565924894679,2.379186396731
3.349638911,1.33476349311537,2.24591045685893,1.51184485327385,1.39071337464559
0.943940432,0.523886344222259,0.720327479622811,1.7991820751578,1.67351163620584
-0.024188503,0.265956755147774,-0.273343578241395,1.83107129478268,1.39718170632718
1.44614938,0.88697205564663,1.14166877691081,1.76639778579708,1.05840602302906
1.947931889,0.98512851983834,1.4633994521077,1.64796200120942,1.5965578326535
1.941868695,1.05800305019997,1.52060164341709,1.68318821281113,1.88127422632233
2.020488377,1.18471555604881,1.55811760067455,1.77617428020165,1.63431615641932
1.25290812,1.09456594643512,0.970233005517129,1.90089400350838,1.92553814052248
1.838294461,1.09645125872538,1.36929903444724,1.82340252396944,1.62295563689197
1.815986373,0.797165238995391,1.34008103340355,1.92508470649931,2.00457920041163
2.142556419,0.591898039541684,1.67790967614893,2.01997957579161,2.30595983604551
2.808064128,1.20417119302194,1.19893970165251,2.11960861197999,2.43375380281488
2.945420348,1.34801619777824,1.54864867864744,2.0132544214119,2.25504488695218
1.890930967,1.07626879219309,1.00323389962937,2.34945665716214,2.12805975058113
1.278554307,0.903178314886493,1.26660005537947,2.01020924399233,1.89011037798842
1.806196269,0.686870494041819,1.3579014611229,1.92078701039103,1.36767027389775
1.094057603,0.73857093634311,0.675538879376068,2.1166109873829,2.24605589115246
2.752117612,0.790088419591713,1.91182603474528,1.76073591951533,1.95755053214968
3.029454541,0.835095310250509,1.74850359982492,1.67341951602736,1.75402499732702
0.894657384,0.701839460262133,0.437659713535146,2.00835171477594,2.24196571299016
1.418462516,0.403665293724592,1.38941543432845,2.29519143472693,1.68643412279418
2.163832848,0.763759323135753,1.68795904890924,2.17132799828126,1.79382393406999
2.276477042,1.1337036682884,1.78643446759528,1.91183644989521,1.91171347541549
1.718625553,0.804767402187561,1.20835072990646,1.95820546212658,2.17228618915934
2.217597095,1.17007207655573,1.41228786295823,1.82369561291229,1.62369882280916
1.414421138,0.96885384446135,0.452162335903393,1.86563358168535,1.90443708004914
1.649557293,0.896926398921699,1.28605557722344,1.83775803187191,1.60332958526652
1.582699904,0.873927187931283,1.17640561297137,1.94512069645555,1.93522043046529
2.244073701,0.993671919517209,1.81939597016651,1.88608362428281,1.90195696344059
2.202258561,1.37931542399473,1.54257068566461,1.97404474881988,2.21306486645145
2.308922721,0.988596423141823,1.40575220034596,1.94803192003436,2.15527478961335
2.155071232,0.777699544817668,1.5467867706564,2.2971255611138,2.09562023110078
1.794015152,1.04510060210222,1.03139295349026,1.99580720241337,2.33634466101294
2.764897288,0.907133106989264,1.43521710024482,1.72188001553148,1.41522170101402
0.88038958,0.822297408320338,0.442414997142584,2.07401061789669,2.08368931020455
1.443996109,0.817353860356399,1.29595897187971,1.7871037685281,1.61168646665921
2.241644206,1.03601495039584,1.65819587311318,1.7170326221232,1.28421676518534
1.022163988,0.672358780712632,0.732349560241343,1.63731473053842,2.06093576946664
1.994014638,0.970259002560078,1.50912145993321,1.68516454060715,1.6322060946839
2.09120112,0.459787150976981,1.59803571891782,1.69477313727286,1.93879788552436
2.156585724,0.877122799312137,1.48197175731114,1.48939759469105,1.60169959566744
0.888534028,0.8200915146656,0.879440830403933,2.18101161882737,2.37022919404757
2.732779768,0.860689011040836,0.948680203457201,1.40142095174708,1.45651377880381
2.010055229,0.703386104418487,0.979524511254749,1.62017013591965,1.66885019961432
0.589107823,0.564768521879679,0.503029281928352,2.05849734687628,2.21574394033778
2.280874155,0.551435599406881,1.54919319539873,1.591877323553,1.77810142033639
3.21892015,0.902923708044882,2.48346066471516,1.37718360638321,1.05461839800677
-0.187868964,0.101298541984669,-0.277528071735628,1.36736562037337,2.2169956001797
1.436545616,0.674685650958095,0.947152687208136,1.55294335929229,0.707157497129667
0.956894715,0.566602298465972,0.851831492394314,1.78773976105928,1.64619846640657
1.905215889,0.583363963244684,0.86475199390444,1.04382081047475,1.85953087964051
3.069594778,0.855355721714662,2.18838639698424,1.31800541906286,1.24055740885137
0.55988586,0.630977157861797,0.3264264900711,1.51374662750382,2.2220439950361
1.672076757,0.778950731365777,1.11640440934723,1.35783719720266,0.947760194916446
0.851480159,0.574246554218648,0.587135949910262,1.76036573304493,1.6610562587
1.567087178,0.759253116502376,1.1864623578661,1.76610592493692,1.92121918206081
3.011281199,1.14715824518047,1.95950192157874,1.78782298204856,1.82318123976833
2.093715044,0.997323103472097,1.31445861499066,2.04607125883613,2.69378827296199
2.651041101,1.03513097718854,1.74548875618813,2.19878518983113,2.27589641381544
2.361710072,0.714933099302877,1.49588654170365,2.61478463837611,2.44961582262058
1.977860046,0.770590203344542,1.33384251608032,2.17372113259656,3.31436742679166
4.84535741,0.790028279386093,2.74352271789646,2.07981040342999,1.40338040732729
0.517939599,0.640497771764154,0.467706650905987,2.40037918540199,3.29950583120436
2.171160075,0.701380590344734,1.3943448231554,2.04949589009753,1.64822804555982
2.265911119,0.724959192061252,1.17760604749806,1.70682312570388,1.89415861793749
1.859266849,0.963697760508999,1.30490563859127,1.74526958193687,1.77068007606082
1.172204639,0.866238880717665,0.879972731863779,2.14882228284128,2.01496980970539
1.847012549,0.79479946725273,1.14922176837394,2.07807309661021,2.4602697504032
3.796140989,1.27348460188611,2.60108551921619,2.3693497902025,2.24905677096919
2.559234253,1.09023526874154,2.12036447426183,2.44812181295646,3.61275722118138
4.127267382,1.53824114548651,2.4614499831327,2.56545474398537,2.10270313932795
1.172907807,0.784007991417016,0.950866618044291,2.40807660090781,3.65523047331018
3.782050443,1.3674838578187,2.36437655546573,1.99346389238516,1.39994933007097
1.173088667,0.934595024403989,0.985597955168799,1.7276501782136,2.45549507832525
1.404899722,0.797031932900667,0.898893953428369,1.65385001482948,1.63873241062075
1.380862464,0.765641206066852,0.838595832647236,1.79800439462141,2.67390787283095
4.369384092,1.3060343959538,2.83758991356581,1.20165848204561,1.40214998859115
1.542464607,0.757306206320638,0.917015153944639,1.43930622979315,2.31568561000241
0.476731605,0.539113409021949,0.525928511553761,1.81678702776516,1.96320635546164
1.880224704,0.809005933566557,1.17472017459253,1.98501109706134,1.77471933261835
2.443494587,0.780974467961643,1.88473280556925,2.29986502653863,3.45868457832874
6.023886581,1.59392651373222,4.20238394532387,1.65560711510711,1.48295014525783
0.367736004,0.242867084000711,0.0828314955157076,2.1373778345776,3.80553223044596
2.279120625,0.787396552748712,1.32617360609281,1.57687135099155,1.24486963827378
1.314267733,0.467293749349769,0.628105571034705,1.64738143643229,1.85222557161417
1.609668382,0.886579048314702,0.905233919969436,1.47155753205494,1.47958286684397
1.479834356,1.05364372150711,1.0471526042245,1.71898293695051,1.68553463459814
1.84709743,0.969625017978874,1.29437125982883,1.44216439210019,1.47409160822706
1.480813974,0.902318757351932,0.704134654573048,1.53138619941129,1.54576218794797
1.241995136,0.944597482473817,0.814207888411153,1.74308017678988,1.56872673090738
1.42329495,0.939095679243311,0.756876931667079,1.9225364924505,1.97535330292925
2.597898291,0.881085933884541,1.22054620452937,1.98837858032382,2.22671157496038
3.058437808,0.894457532552844,1.6747855810292,2.10484963326803,2.71345054014467
3.293652666,0.995493329122616,1.96796998441368,2.10914197715573,2.1765160095236
1.299679624,0.991001298183777,0.748326168116218,2.61941388630734,2.57482900314045
1.764641229,0.947554252761038,1.11801003643385,2.58261978815839,2.14801361109643
2.654169898,1.15676714377553,1.83159691903787,2.42198311909266,2.36432848177713
3.09639803,0.667282169815136,1.87162225956272,2.12260818828281,2.4517172441392
2.35494275,1.01988761077547,1.29090381506936,2.36555362038471,2.78762397205927
2.516725143,1.1540468248355,1.43242715189577,2.27771018983173,2.64788445556602
3.210444571,0.590314742844563,1.45464884437828,2.13928101223688,1.63262280766882
0.522685957,0.610258197493551,0.118679354172697,2.43366783749839,2.5984040876425
2.142256659,0.675659132756953,1.13940203781198,1.65909499529996,1.35762927307898
2.07998797,0.610283685730075,1.0293952673961,1.57675379591357,1.10328987945748
0.07930558,0.436369955560528,-0.0412998942102231,1.34755433575229,1.63739798632063
1.175689516,0.69102039359819,0.553098683754406,1.3074295288824,0.901504071831953
1.356926219,0.54849373111214,0.926086298060173,1.61083066253309,1.43850543939259
1.715266868,0.707884529675499,0.917202587190048,1.62296237582403,1.86707036582332
2.408868124,1.04696638024809,1.30785961814216,1.75706340778162,2.07657478337904
2.489779909,0.938184678627114,1.38230608400383,1.97217074096016,2.42166983104577
2.592161233,0.735107084696559,1.91796863385572,2.13493490186059,2.37764692952062
2.40230483,0.784150700171412,1.67894887135303,2.19738692062596,2.12796093371571
1.655557322,0.851205426512667,1.03958509230643,2.4525256136239,2.13466765447734
1.707367883,0.808555718604774,0.955466550893169,2.1597129112792,2.18646110078937
2.76050829,1.10852659401334,1.65402178032269,1.96724760109766,1.70869759798479
1.558838387,1.10263259248152,0.657281545587384,2.35859623527292,2.55362541189682
2.465074691,1.32112777233398,1.36132652105819,2.38610970040559,2.2175250419149
2.727987071,1.33305722179483,1.5278284450062,2.45288642882308,2.51175359937586
2.70484891,1.21539640359975,1.65818702612803,2.35793278686155,2.57443629366522
2.546434261,1.15000306497887,1.43858355744716,2.50108998839082,2.3918468684805
2.102652408,1.05398991613125,1.15777705743675,2.38585516443596,2.27301631971697
2.113680058,0.465156827457182,1.50871468601448,1.86198301220223,1.68587443045348
1.362767904,0.388943317831724,0.448540989199887,1.51363750952655,1.19704650427242
0.088289119,0.379915956182476,-0.146393170317406,1.68927963638142,1.39415807410373
1.211278047,0.411102804570356,0.0657218585013536,1.10893062432421,1.08811087139076
2.069434309,0.540449584839043,0.984662416512142,1.00772229041097,0.939248980202493
0.555502079,0.238352106154389,0.119723335717975,1.49182087973327,2.06801552857666
2.104908426,0.488946227624361,1.57035298671966,1.37229313883051,1.80215283061311
3.424478986,0.494807974285469,2.35751394799667,0.907596154067662,0.7293398413836
-0.511433262,-0.0888014716164041,-0.51338208557243,0.964917361240843,1.5666379871327
-0.227327821,0.0142641446602577,-0.321211853705027,0.759376242477319,0.455854318618244
0.911955577,0.363888322027448,0.529816106646161,0.649711005688268,0.21347769248345
0.299792395,0.170283393423271,-0.124070972159597,0.873970465573892,1.56992280890926
2.047001126,0.524007336291997,1.15656023271365,1.16362888484901,2.35892978354205
4.930443421,1.17467064590589,3.18314098168358,1.83357113482336,1.43086019143008
0.73726826,0.427165123863828,0.0404838290557839,1.72235528667179,3.69789341585053
3.166878936,0.757498695024019,1.87561736825381,2.37910988244855,1.45959293010012
1.656769114,0.575220551690533,0.459769883764477,1.81276009742671,2.1597391794904
1.270305632,0.70036093499046,0.471464575015195,2.02590731820221,2.0987372111623
2.265032926,0.761501204505471,1.31565480578169,2.3213085380884,2.11403434851032
2.849595485,0.649918720403479,1.6856442211905,1.77601325028718,2.56417437763865
3.583509094,0.637101012523771,2.21195488411311,1.80014175036178,1.21545486490649
-0.754591391,-0.195327034320663,-0.887792627232014,2.39688326997158,2.83121856161212
2.389568871,1.03750625119653,1.71926380226289,1.91272769198221,0.518376262530536
1.090980001,0.451902947989842,0.51446556149128,0.983946172535145,1.78102426680471
2.386256568,0.823812903649118,1.20550703044251,-0.223230563104671,-0.982631990645255
-3.743422886,-0.751202711006501,-2.83114240633775,1.20320536650781,1.06523543070423
-0.247721643,0.443657438512449,-0.329546871792829,0.462599955948394,-0.996927802545051
0.834312668,-0.0141743189275934,0.116070400284625,0.00542723022547859,0.17213571360647
1.123414312,0.211126208905748,1.01038441534515,-0.548408456306329,0.399021501381063
0.284244874,-0.0876312544350378,-0.225376055364035,0.404413279484229,0.33385583154066
-0.694723791,-0.0953947439687982,-0.592439741319263,0.713350894981659,0.90407079446286
1.668320047,0.385676804153586,1.22194215796266,0.858149465704792,-0.294091688189777
-0.796759904,0.326861795038457,1.04980356248758,1.35410738189694,2.73532069426254
4.711214329,0.322702178638483,2.45347625973669,0.460145885679006,0.185974299252756
0.838615121,0.448246201993063,0.465368383302821,1.05038454886577,2.41904121613791
1.239042514,0.407564518660257,0.614045468804602,0.841110609673681,0.156844166032805
-1.542534093,-0.117851955954848,-1.39881871389264,1.95866124460435,1.69819323269935
2.29149961,0.498247077244673,1.59844018452821,0.800463477264482,0.103775391051418
1.323836754,0.244709194951856,0.968388109324638,1.20208931535426,1.57710754704274
1.389863375,0.42461479798531,0.86781156888774,1.04423250286966,1.34079515685816
1.382832752,0.324065141605351,0.588977857661701,1.16332832956255,1.07575941181338
0.866408243,0.0760738880073481,0.0223377941797888,0.627922124391823,0.775218505134374
0.230341762,0.0610184262783252,-0.249614448287778,0.798828263003887,0.374670731925906
-0.422148084,0.0858347626571516,-0.241023085650952,0.930723300999575,0.715770612453228
1.105463958,0.209085664385102,0.62569997973985,0.442999278742187,0.361178955236193
0.781125599,0.317653846939516,-0.159554046120059,0.771529891736815,1.66912087174678
2.616794707,0.616688152309684,1.8553562608157,1.03292336785592,1.13397161926685
1.381980542,0.545280496986718,1.02696567490954,1.44771052493338,2.15658733239274
2.144544944,0.394892328493014,1.13837605423265,1.10690014219779,1.25161400825626
1.033186368,0.348052114080008,0.672626146465332,1.58998540857657,1.35474730742538
0.524087971,0.448507279607924,0.203496983927584,1.49069100792958,1.29988819262602
1.235051187,0.42548515304531,0.448804257110108,1.85032328928242,1.52501320565762
1.829690245,0.288440382577939,1.13233137570196,1.61103274350878,3.47953380406327
6.705739748,0.753460574149763,2.53306625797224,1.04594492973045,1.22399057242548
0.666201366,0.440868793826419,0.520903746759446,2.78487116189345,3.68040859015783
0.999698464,0.572551253294192,0.299660514406716,2.67040733879348,1.46012525786512
