630
-1.097371677,-0.139927596229709,-0.519930105528851,-2.80452195039165,-2.721531837925
-2.792049272,-0.297808997900473,-0.299781189810481,-0.904357842275666,-1.75938803451464
-2.822866725,-0.729289488694753,-1.03749748115037,-0.978427229398577,-1.00945063432381
0.782520378,0.122126581015163,0.974202339140184,-1.65390541138148,-1.88581812260483
-0.903965502,-0.220211203232485,-0.466797132918882,-1.98705510327809,-0.610270017649541
-1.255446121,-0.120167328778189,-0.661242599939954,-0.726457998711238,-1.70488490179383
-3.283812422,-0.374212787587154,-1.38125736577614,-0.538741701078608,-0.212571020253984
1.368586677,0.350164854495173,1.14155654028525,-1.32730944165194,-2.85618832982697
-3.256554971,-1.14583216027878,-2.87392261349351,-0.784265172977537,0.438226617888841
0.273704041,0.191372185549045,0.462538863577017,-0.956502223600884,-1.57940039105782
-0.465086974,0.00394006756533367,0.262226825200477,0.219367645897623,-0.426114677316439
-0.881660918,0.21920606881756,0.59479735250149,-0.133512686589064,0.00171923866141933
0.520031521,0.0756940451034846,0.734725702761974,-0.473375791475225,-0.467070491147414
0.141983393,0.0459534038298877,0.0831005812764853,-0.538015565751176,-0.648540651111478
-1.877119805,-0.624606424578224,-1.45384496935219,-0.229955558438565,0.0125956798665292
-0.089579654,-0.100182500880371,-0.158309438885745,0.0940862596762299,-1.01050234987543
-0.788618376,-0.0724471883151534,-0.0215564349471691,-0.137238381366031,0.576562263400572
1.816137788,0.646091678038329,1.30464320638058,-0.650915247860798,-0.622028183079625
-0.560925836,-0.305494671827199,-0.193227727419132,0.0374076606753218,0.550978512480225
-0.360625205,-0.11729654985158,0.0170744313214853,-0.198540232538672,-0.223170853290924
-0.204924574,-0.075453531607092,0.147637135356276,-0.105798446333213,-0.20875315463252
-0.068977664,-0.126718898163303,0.170641550220396,-0.200549073560119,-0.157083355805035
-0.144798041,-0.00247750620910507,0.298708737198488,-0.164086744800192,0.0702911869307012
0.316198048,-0.0404240584286069,0.475350691348042,-0.216704837041667,-0.187914116160341
-0.206022937,-0.262934363414445,0.221078781062553,-0.0388319201608907,-0.0881500003099255
-0.514440701,-0.139475373560072,-0.339581321441954,0.00577865398123247,-0.0267952914311395
0.136725757,-0.0913909360928017,0.432802738820845,-0.255342154332212,-0.335576933795698
0.002863679,-0.27542343176861,0.335474968901406,-0.449401433221841,-0.695125842565139
-1.496623675,-0.517505534850069,-1.08012025383163,-0.698375851614954,-0.547200617395006
-1.046247884,-0.531664103948,-0.640004667659007,-0.54085840636222,-1.3508250400239
-1.590949147,-0.524093484060626,-0.969878102853599,-0.825330648799031,-0.801924996308358
-0.473331136,-0.625103722310441,-0.398328418436328,-1.01983138600173,-1.16263200944466
-0.848018465,-0.49595599305313,-0.934613154434582,-0.915423518167639,-0.615268372610643
-0.579157099,-0.336558131695464,-0.132078599827057,-0.992819415757758,-0.770387172356393
-0.45092358,-0.305041073709799,-0.274032852667463,-1.32637930028267,-1.44824210787045
-2.32348231,-0.602627678556103,-0.904016681352072,-1.82263999339427,-1.26106222428428
1.053446321,0.479210438503315,0.975829987412339,0.86669563029049,0.509194888466823
-0.032657382,0.315390865395304,0.221336255995267,0.992790467402437,0.964888606720242
0.828392054,0.668362057631573,0.875328716490293,0.93768031253652,0.708328004446982
1.294695704,0.594905062502044,1.0162925318445,0.782607378376475,0.992181853176916
1.493248899,0.519353637282336,1.32427804283977,0.685167141738235,0.577390048931737
-0.145947009,0.151693105224618,-0.0404541255405889,0.872886801622039,0.958282616969823
0.470039467,0.537703791786395,0.497706115955263,0.956255401966838,0.268196685952978
0.269624479,0.191533498171658,0.369190787384905,0.9145208357224,0.919053954646973
1.564017112,0.564212150004049,1.60627516575137,0.406206733088429,0.462247497635917
0.634209861,0.424905385954085,0.674682489065943,0.85980986607617,1.00073040345442
0.557548853,0.353502830054186,0.756869961479376,0.768760317980861,0.887334423391641
1.332031033,0.482931921333033,1.24523732223352,0.56511700787438,-0.0489965656315581
-0.805634498,-0.551740973251265,-0.778088203148237,0.622054670640533,0.613826581037116
-0.152175184,0.05227038394381,-0.115486932544483,0.559425562294309,0.205483994231388
0.92398499,0.542251426349784,0.912074090062472,0.818382853888563,0.322273438312526
0.820373745,0.349231503129615,0.79342518923728,0.698726180441552,0.883844731994498
1.197851698,0.507176381294066,1.03714190026369,0.692170286559278,0.387975654027213
-0.165333025,-0.0235335764797735,-0.693746461275513,0.822758617157587,0.923281833165746
0.73693214,0.426011129835881,0.808400411622136,0.712307945636391,0.283232092161026
0.515698043,0.377697597696278,0.453530045649914,0.729131001375645,0.641124298585827
0.58023294,0.393609616610597,0.568199201390709,0.69856872929534,0.793364100564945
1.073393439,0.512194640783347,1.02308730623829,0.685309822757628,0.757803548490524
1.031318978,0.538129443422148,0.977665137732317,0.733560105622248,0.71859785779378
0.332360865,0.384901900077298,0.289246250061595,0.897604063162933,1.03432309975542
1.036006976,0.612316019963455,0.852695047463729,0.978704925620828,0.757130428316564
1.097168044,0.653789545815385,0.899743486003893,0.852656097635786,0.957365141067668
1.044012512,0.592294285249314,0.924546757429191,0.762363270345879,0.808148805637936
0.559655671,0.522973157145436,0.540539868703193,1.1371914445021,0.744460709164549
0.11557963,0.336935138602632,0.0818923314718605,1.39215530678197,1.45680265421364
2.304004581,1.00862750838825,1.48062682149318,1.15403347213675,1.17031268814363
2.238329655,1.05532164297495,1.90293470325454,1.21697914069456,1.80957269731025
1.824802617,0.836696879590347,1.47731062819707,1.18204995218875,1.3688404816421
0.584883583,0.459723396201107,0.691929075886612,1.17297569997539,1.07314654206162
0.229085407,0.376752567932571,0.56620906720316,0.878172103246038,0.623948892785146
0.472161328,0.337887761425085,0.552829548811914,0.607375105930178,0.379722084755779
0.3928909,0.338793835206453,0.505663506196574,0.53824125871092,0.603771576378374
0.814360342,0.354313868468459,0.935152404539563,0.363003201237662,0.424965516762556
0.58320653,0.142383362955795,0.595984979881172,0.301143661244409,0.220169890849833
-0.362975424,0.074476050056735,-0.311467598388975,0.565602019639698,0.293121466771476
-0.282356486,0.0521308327482494,-0.0967083162500592,0.587741039210922,0.617312571890772
1.647050393,0.602708093663814,0.568953839024586,0.292587918628567,0.0363780984912762
0.216556673,0.170517744223087,0.0860508236701905,0.473659810607482,1.21726271075408
1.10613267,0.482351130194416,1.05682575244178,0.66715612002925,0.644564657505544
0.845933021,0.531042816026127,0.853735234669915,0.897885824726288,1.1065787929272
1.420770958,0.497289319241341,1.22532662595936,0.445937634296824,0.457981717233685
0.033862713,0.208192735395118,-0.0472323399835816,1.01857038746647,0.73021624302428
-0.167432835,0.288357879959481,-0.00162441829605494,1.14962267856912,0.996828456696036
1.838316672,0.736318368323472,1.44075524304973,1.03638854951457,0.618055371665853
1.366018805,0.678327841726069,1.2782093790587,1.09710144586185,1.3828102200482
1.305056609,0.569308901599616,1.15792474729826,0.960607506474559,1.06261650782872
0.903000993,0.481992115647295,0.567058005199707,1.15304581991507,0.540916204529885
-0.365357444,0.116251072139208,-0.177951476404416,0.857770718503607,0.729987541020744
0.487589027,0.279973790893723,0.393971552128098,0.46697977430223,0.18433153880333
0.602841585,0.328664397883706,0.664885978146861,0.371257251130269,0.267909241575544
0.09665714,0.0718662043369167,-0.0286785068916164,0.333261314496346,0.499209442715606
0.400367506,0.28775161253462,0.371973352826401,0.43615445969323,0.374995303587365
0.654929166,0.150746533359327,0.433402217254231,0.230765427633373,0.268127288879681
0.260901351,-0.0231314193915253,0.368708538352875,0.156890590068986,0.136112173071775
-0.396924504,-0.011689240544212,-0.00728341712540501,0.440264169186714,0.150285672237606
-0.165914961,0.233499773687767,0.122193587465938,0.550124068131376,0.281885991289726
0.835733142,0.206107435074697,0.742451914860328,0.405978296532241,0.386933738955273
0.985637429,0.206273447517465,0.645852590964956,0.283941932016043,0.743345476994682
0.948805698,0.304844386406448,0.688055777451124,0.362825428561357,0.461698938936203
-0.035513956,0.20151751268135,0.314257508276585,0.512122171426396,0.518584216191873
0.112566387,0.0310485693103559,0.242010898170458,0.206132319705194,0.0359102366941574
-0.011172405,0.0207366724067475,0.170869035589804,0.166119862601455,-0.0458652104659974
-0.366370534,0.00555606201623739,0.151925249285853,0.330459235622565,0.361077906324063
0.648005231,0.172690975242789,0.632420616790106,0.547534651761314,0.391547791222066
1.139531925,0.312782432367647,0.862167168315511,0.31762855245163,0.66836272996557
0.928117843,0.224371036952426,0.784770171333576,0.498881932161911,0.667429501280691
0.298070217,0.378085343693445,0.356050889701167,0.642631843460295,0.596758632310701
0.182147474,0.351784685222796,0.379528949809546,0.736749247341072,0.507905514499926
0.594980439,0.364887630472964,0.626416683233091,0.606157444916693,0.489816908196583
0.797650095,0.272147480613145,0.607084583415322,0.400595497607464,0.560575855690701
0.637990039,0.21393240285652,0.603747574727496,0.420844142421501,0.515537049453401
0.29798601,0.204551074357767,0.401010660952068,0.475358899216152,0.391681932555188
0.125850495,0.212884707951656,0.162575417104084,0.459017138817636,0.243737086848062
0.059636667,0.149972820185408,0.172594950532363,0.304879206632375,0.363400164185633
0.913729474,0.275686069742683,0.836560973092108,-0.0158240053307601,-0.661446771348192
-1.628315206,-0.409954161137949,-1.40274146308583,0.281871678316589,0.34963894541943
-0.227240397,-0.0687106656746017,-0.162125039152442,0.0653072444391031,-0.284421411058171
0.852353664,0.235227482089149,0.962399547234995,0.0991258918158922,-0.282867396293448
-0.292640571,-0.0438841758464584,-0.202949536549185,0.00875973591668083,0.554003395296468
0.410582609,0.164425509423451,0.469340596613301,0.413668975014927,0.231837651468162
0.727205602,0.235889681925811,0.670659295726288,0.275976276466639,0.144004394313065
0.02434165,0.143561848679838,0.219476479887218,0.189422528876205,0.135997472976934
-0.488143733,-0.0620218758015923,-0.380757719429848,0.124350111220496,0.126292251272536
0.257227946,0.0338685897491906,0.464101093500419,-0.078716789169497,-0.488015373138614
-0.690190136,-0.15737391699587,-0.0832418356648339,0.106317694720362,0.104611130976161
-0.085724895,0.0214843381794877,0.0823979181409101,0.299093693200226,0.128310621176728
0.74599808,0.191835697711516,0.731800776213211,0.310252010055009,0.539247332951655
1.467402932,0.254648478280408,0.80638411088664,0.0207801964688226,0.266913593317935
0.039410665,0.127454428265209,0.317662249006645,0.349397396915792,0.302176886689144
-0.820735701,-0.203795332603576,-0.461924411460513,0.532329892317946,-0.00604919021834704
-0.398976252,-0.000651855286512487,-0.00724476382530796,0.436462707097059,-0.0222065476423273
0.632925077,0.0357513262106745,0.534111788408338,0.049567939050537,0.047701089580084
0.580222303,0.110574453232117,0.898630623972904,0.0816141083957261,0.371805614060511
0.313793309,-0.0170289790007285,0.509647223189638,0.220653406598644,0.297816905584921
0.047006401,0.0424729092125232,0.1832610402052,0.379568358366697,0.148235757477566
-0.179676178,-0.08117233522292,-0.020737389402124,0.34146108688195,0.372851296599479
0.704235586,0.16440534385813,0.757824809981558,0.37283537954244,0.111969501054707
0.205404735,0.21060079980145,0.517238802465811,0.453015902440062,0.916121105955231
1.313311254,0.438679545230558,0.929844500153659,0.656804896767624,0.590926504369555
0.878840591,0.416019098390782,0.997663928090939,0.90584339285183,1.15653198497875
1.193328753,0.423069103758724,1.04941740001427,0.793303623904736,0.937412891215669
1.029179439,0.684208371902884,0.968868857145506,0.899465941525679,0.841360698082403
0.513718656,0.323000168213071,0.504599866033624,1.0016347353588,0.835762181048252
0.522695475,0.424385707027298,0.396052873570114,1.00843458976774,0.895322698328143
1.24838251,0.400942435411439,0.990638195449849,0.499999150130887,0.718776599246901
1.094323427,0.338717833718213,1.04361749388516,0.496682414937905,0.484047704800009
-0.27087601,0.079331851181781,0.334274550368081,0.79398257610421,0.741445436165125
0.394902791,0.435284844906205,0.649789414903758,0.605710498914131,0.120426655791219
0.268917869,0.0738401815829745,0.470178688987368,0.502726063317266,0.420913669588752
0.480956271,-0.0378560562663278,0.459041064190847,0.221251028747169,0.495723604981777
0.776090172,0.368714087324754,0.722566473605624,0.424008614126445,0.406219078484348
0.330769353,0.188676318190717,0.26057447382522,0.429124524091637,0.633316923356562
0.613050542,0.33190594619367,0.576837849423409,0.309674360456901,0.256071949258359
0.112933454,0.29525437901898,0.282634324002974,0.482975910057389,0.376276259162662
0.1098923,0.0717207834609569,0.111715529289141,0.40738335206752,0.356402730735247
0.551372378,0.128243529364739,0.624988417573187,0.297918548403939,0.264537931416864
0.474782461,0.181078016876981,0.542365993882351,0.354218254139636,0.259172952233946
-0.120495876,0.0759329425468232,-0.0609048877408631,0.41573730194798,0.685040575897195
1.041467262,0.264725782939114,1.07285754800942,0.447906223984656,0.011511284181611
-0.115943433,0.350086498505767,0.367799452530969,0.758081772208137,0.948946872826938
1.007295695,0.460480865552551,1.09503436736204,0.637541659800527,0.553398911024726
1.231744638,0.397848460842693,0.833617950661578,0.570645959524732,0.518032487374995
0.37202551,0.295136937294793,0.493333380933558,0.536126730633344,0.116805773496544
-1.17111048,-0.165531177210086,-1.06055019903699,0.647231572970685,0.422787403755909
0.353875258,0.138977089918305,0.554752701624298,0.46210363254063,-0.287337218922187
0.348396132,0.227473857659972,0.388219605112555,0.306514248135681,0.250882381606202
0.275680677,-0.0121451596410718,0.460344753278004,0.31119732452334,0.509983543927187
0.774091322,0.132706667074446,0.766927245736439,0.243020586554974,0.279510363390953
0.3575412,0.0299240034483515,0.441069900090384,0.322398784137946,0.259465466846324
-0.309631293,-0.0573632704856125,-0.072901354450306,0.586726177904542,0.477446914650297
0.446955247,0.347722368059799,0.660714880098822,0.615283165911475,0.452160083727204
1.18379098,0.339804201711349,1.17590845608152,0.435798226359926,0.507919021517793
0.661881547,0.173928867781387,0.776435232957436,0.752502610240672,0.874765085520133
0.584075624,0.312428115575999,0.632398090818319,0.927838390051591,1.00846377028409
1.420271929,0.486714593520318,0.763311047140485,0.727592794028009,0.596466264055103
0.579196184,0.235518416122609,0.62119045615213,0.780288921720251,0.968730050676654
0.595909404,0.362499805248727,0.741942992950386,0.746492195814321,0.786226025605068
0.965569488,0.314531306356867,0.802017829771,0.627296109966598,0.520386056214965
0.424571743,0.229679291438548,0.509257949870337,0.660758398175827,0.690623383266169
0.509125244,0.198761316033305,0.59227128854842,0.583930536525802,0.369807093650135
0.352738134,0.161425521720031,0.344659363131273,0.566218879313662,0.0602130127194681
-0.611888137,-0.244593311848302,-1.33547022974909,0.539813148316305,0.632179072310932
0.951112427,-0.56153968653489,-2.09540684552692,0.244212289997645,0.0346156392398378
0.626950179,0.0117703439275006,-1.27110298352793,-0.174203298599362,0.369650363062259
0.214191975,0.00490255646366831,0.398094424743038,0.0312275816000852,-0.28357010220401
-1.544329662,-0.613116085810228,-1.32481000221625,0.510776279674743,0.477882229604284
0.760084868,0.0973535764784804,0.766505093327342,-0.0426391311116713,-0.532001282802288
0.288164655,0.0116829391885323,0.431797093549221,0.111017126385661,0.101105981201643
-0.23018316,-0.10648771117657,-0.0662192949739986,-0.571192348462706,-0.0355723284693153
0.274956674,0.109792462239362,0.443197267743544,-0.233594905419982,-2.13484245142972
-4.865219498,-1.47031883853102,-0.879325322605404,-0.0396183812312051,0.1552022478356
0.233070938,0.0248676303027008,0.621004309403877,-0.966952805100911,-2.38230150344085
-0.697978018,-0.266365789383802,-0.499101661582085,-0.757223157686931,-0.433240546107446
-0.445766525,-0.107583969154645,-0.23159494542265,-0.593549508168072,-0.561456263898399
-0.6897941,-0.12405774168988,-0.0476662006138156,0.2392177356987,0.15913742270014
0.871547551,0.0715341428299312,0.740302037495906,-0.200969664930091,-0.146548766393341
0.454359212,0.00648052740106835,0.602336312720026,-0.0241824497561632,0.250104646213645
-0.125049394,-0.0772407724329775,0.408046627481418,-0.0381688771976126,0.121473578722698
-0.076936001,0.0495078573916904,0.269305448026413,0.201174926556869,-0.597847905775891
-1.413434808,-0.519484542592188,-0.877200206339227,0.115366503997135,0.0968174355924525
0.286705616,-0.0726602286667174,0.32474968018809,-0.0915199375272248,-0.538430967817698
0.099304739,-0.0565096983742427,0.306232587963826,-0.0802414803598423,0.20010948953069
0.494832788,0.0379913632242385,0.683421105845382,-0.330031436529443,-0.227889998469262
-0.454653643,-0.0527423659768274,0.102216896653927,-0.257555913922477,-0.325743608218007
-1.055039246,-0.307590256494627,-0.615290662854589,-0.223868537755055,-0.791974253729127
-1.432585621,-0.375143085070095,-1.01070911043138,-0.673782533908353,-0.622325729520981
-0.03672416,-0.255749869779517,0.0604753991023548,-0.756211754745622,-1.57494643741806
-2.152543352,-0.801748482571448,-1.74502650913475,-0.664482711931314,0.0137727589437496
0.495381038,-0.113724701099627,0.192765593107993,-1.06930918713163,-1.46089837251763
-1.047857052,-0.0697792777607162,-0.262698464446235,-0.654633233473599,-0.482605564423114
-1.116593973,-0.427214895882851,-0.633185522318525,-0.823231297287831,-0.959490713696171
-1.071706969,-0.533813342943566,-0.767152488022779,-0.88141290265474,-1.00159721025863
-0.837019045,-0.517052014212073,-0.596708563079324,-1.09368114486552,-1.24372437154478
-1.553253939,-0.415405848706874,-1.16435125594235,-0.852835499001873,-0.750693104363793
-0.66221604,-0.106077645138979,0.297032155399249,-0.904982690853879,-0.946385871627037
-0.354448473,-0.426546413068686,-0.596119655475651,-0.775248760319573,-0.857960611515755
-1.001902599,-0.476970419496779,-1.01808714489697,-1.26303921519114,-0.488341206297299
-0.107737489,-0.402212082154395,-0.160272640870912,-1.20285493918683,-2.01321849847249
-3.414648613,-0.707118065698985,-1.67136128615509,-0.860967262939774,-0.81251972505153
-1.421449933,-0.561511614415664,-0.968875478149544,-1.26742770252461,-2.0957739221511
-1.319501241,-0.601218540563042,-1.11168123059125,-1.2904862686448,-1.26810455860692
-0.955205319,-0.478470695094373,-0.636433392941509,-1.2868474971074,-0.935880761994214
-0.415970178,-0.200010011838052,-0.156291186485462,-1.21342597834039,-1.00648011267573
-0.741763949,-0.49556880475101,-0.620370659227542,-1.23690913310306,-1.4704582606121
-2.626994643,-1.31672399958022,-2.31972230199958,-0.792338244892518,-1.02548132671351
-1.501295473,-0.672684865217542,-1.15562155947244,-1.02795172173271,-1.39800362655291
-0.152073667,0.00751568258004465,0.392291809631563,-1.47388806577599,-1.9071315342503
-2.392126549,-0.750576189407215,-2.39080700218683,-1.28708717310759,-0.699617844574431
-0.966304526,-0.615426918055651,-0.712584017290425,-1.27467999281973,-1.72666442782704
-1.380426014,-0.585527331282847,-1.12213444475251,-1.32765704726094,-1.20241623953419
-0.724323211,-0.209358071056885,-0.62417578699717,-1.57423420791269,-2.85294112197337
-4.996191513,-1.27962619270551,-2.90049568786327,-0.873634796232563,-0.793146095306637
-0.82444779,-0.131885149858496,-0.91383355492586,-1.11824081939452,-2.41232691511698
-0.398277096,-0.0947050742268556,0.0157779449035249,-0.847506528927293,-1.06636641677483
-0.813205385,0.104604241245962,0.149625813672261,-1.10822029877858,-0.555280774853964
-0.514730747,-0.269346235143104,-0.147043436196566,-0.459416345221869,-0.823345451918625
-1.148284234,-0.47260724811978,-0.754106297860616,-0.31220737414221,0.0626446964738101
0.897526963,0.192249580783206,1.04498709364196,-0.436439947606493,-0.810695067310619
-0.716561326,-0.105118747017408,-0.621879276729035,-0.27244403344687,0.457457232621634
0.504969698,0.0442654712698223,0.637053530098461,-0.498415769282375,-0.655008196771519
-0.66547656,-0.131618529839101,-0.213522223797884,-0.441457111187461,-0.577873891911909
-1.552362613,-0.53022854980239,-0.934832484364128,-0.360542419732416,-0.882155528621363
-1.564654774,-0.370755736802203,-1.11283784413073,-0.853688950994923,-0.436065661594105
1.169751669,0.261736793526143,0.719580141876649,-2.01489610639238,-2.33620839397887
-3.107894839,-0.706455968791247,-1.85279828243855,-1.26147680261611,-1.25440418850752
-3.779308696,-1.0700587707824,-2.33117441177793,-1.03208432407858,-1.46250964806146
-0.437969389,-0.129259036931784,-0.282282302230681,-0.877964207157028,-1.88021281382572
-0.449356431,-0.286810751606299,-0.294374010855129,-0.470878961015464,0.255380913358685
1.500061351,0.136137804178635,1.46698804526381,-0.523077843193713,0.228998928136337
1.188801575,-0.287265838038084,-0.126837395059038,0.0355408914923553,0.485605285708577
-0.228435591,0.0474397475315868,-0.131703100978863,0.319896556922422,0.48878067252959
-0.165796788,0.102681021517021,0.245353246191879,0.212111283421046,-0.247253545264458
-0.383336796,0.050274279375976,-0.435207623468446,0.163699010850739,-0.582519124425662
-1.47893919,-0.55986044647504,-1.22417801000401,0.00372233415578843,0.610703149356982
1.897237347,0.683136093121474,1.68259011150242,-0.435229109535703,-0.802016676882101
-0.30367616,-0.147534489000678,-0.062881914332414,-0.193648621829552,0.586276678019049
-0.220945674,-0.268436833937583,-0.342376109327543,-0.448899722746373,-0.209386607456211
-0.233654194,0.11288447213333,0.413434996243098,-0.446500681273157,-0.679179427242082
-1.01153653,-0.60657872987849,-0.611188495808589,-0.724722420514585,-1.1268669662695
-2.224827727,-1.00729389481691,-1.69006041701957,-0.662584335652147,-0.896071459871561
-0.916996822,-0.551016628827212,-0.465070352958454,-1.05255816014735,-1.40868390438815
-0.700069843,-0.536920763611926,-0.325592942654406,-1.18061262161477,-1.19790582564817
-1.377367328,-0.469283018278134,-0.650739770819643,-0.979322238845972,-0.851177263512786
-0.984905895,-0.442425867268341,-0.474377102420672,-1.00141472911003,-1.00073343363808
-0.594251817,-0.478613322408482,-0.287963522531658,-1.10497983334612,-1.22079994005657
-1.467429743,-0.707240698700063,-0.66722724365854,-1.03915092252621,-0.877770736903119
-1.146591554,-0.437678732586994,-0.292492514942624,-0.87371667035634,-1.07776847212098
-0.942518126,-0.486660324861497,-0.618074947662868,-0.634184724756966,-0.614702274268432
-0.220031956,-0.195631466512609,0.094084086039244,-0.939829610186837,-0.0414238134245541
1.18354923,0.23325091151502,0.860417765396248,-0.666328207548345,-0.538189927975789
-0.899019522,-0.234778562741307,-0.760893272117293,0.251882364799455,0.549715273465519
-0.148284443,0.0729941838528053,0.0348930080094597,0.311807619653353,0.587607190937807
2.128478251,0.363018626076938,-0.348320465075067,-0.209236023476684,-0.154079317864194
0.048051649,-0.0447279259583175,0.330819859487231,-0.0336525048033173,0.454822282099731
-1.110966325,0.0979454071658854,-0.904566287499957,0.48092867492049,0.411433153835744
0.60323895,0.329150091547729,0.481148358963865,0.348626304944086,-0.439591854168924
-0.050778796,0.192726152622463,0.200070396720787,0.137253283177984,0.396013203613404
0.804013813,0.34190099507198,0.549228986102851,-0.359713669011498,-0.89147101476119
-1.762892837,-0.367105753205862,-1.43123790229888,0.0090499590870563,-0.650167164754512
-2.587950735,-0.984283853145442,-2.13739466362872,-1.0022267731004,0.0159717848862053
2.260390024,1.01866294827717,2.03227632938068,-0.664300576879573,-2.85043273239328
-4.02667798,-1.44097803290491,-3.1312259680362,-0.362720998045438,1.21753777286672
0.883191917,0.628338105881231,0.92396814237564,0.315278020612487,-1.18115067373857
1.141934793,0.488066622745836,0.836009404058074,0.365129318173491,-0.34420290870325
-1.138914202,-0.454254250812661,-1.02567051745023,-0.861951361481198,0.530238064453284
0.234255738,0.0809466990662403,0.517094707951992,0.054788874559932,-0.909507173947147
-0.573096212,-0.325956344356227,-0.225401984156754,-0.214242541594291,-1.6806989225074
-3.970626848,-1.54176027309685,-2.34408771696988,-0.458532869329095,-0.446863424958344
-0.352635292,-0.143519129895417,0.107005105953262,-0.733273146173589,-2.11864959852615
-0.730501062,-0.385815945260648,-0.0697659064618318,-0.951629847257618,-0.97397464634472
-1.119046596,-0.585250277181031,-0.525827523099835,-1.18298982582802,-0.971305894466165
-1.19428789,-0.53701165667547,-0.942986730598233,-0.837576223956321,-1.14468365145685
-1.306691386,-0.628593075102877,-0.805139398796795,-0.809169774447709,-0.97372416212735
-0.895717653,-0.439056773117595,-0.794000688679984,-0.873248193632244,-0.681363958195316
-0.015199877,-0.117183152669216,0.189258282781738,-0.846976704016327,-0.687974687503921
-0.40389575,-0.0956609279974807,-0.552499219578006,-0.870018078681639,-0.339046994897931
-0.330953546,-0.169449439108644,-0.00142143141746137,-0.581931951987042,-0.985747171469783
-1.892364656,-0.704145331851789,-1.35012674899975,-0.536478143610563,-0.155314166713085
0.369256131,0.50357056861858,0.933229925566613,-1.17498899496717,-1.79024110899594
-2.036269909,-0.498441077861547,-1.59179256368938,-0.719342142562578,-0.602518937745416
-1.519689551,-0.190574644542501,-0.639358450521795,-0.289521805769784,-0.788515237112129
0.071807282,0.103447449270356,0.310474269412394,-0.424814080172874,-0.497760337712123
0.557311279,0.15498215403494,0.470102173618558,-0.488717361340782,0.183507928828553
0.621637444,-0.0254772593503432,0.679203297970636,-0.411810933031567,0.257534046512724
0.222877157,0.29309047953718,1.17329580047195,0.22843233830999,-0.110950391724021
-1.088341234,0.00916783267558766,-0.739172676531888,0.603563680855692,0.498297736450168
0.722397679,0.143526836452186,0.695866777421817,0.27593186491427,-0.0961763241588054
0.800267094,0.234896709640011,0.860556158105627,0.101685408592119,0.276006204808773
0.260236272,0.513268111440643,0.637591963664717,0.128237981858367,-0.126404226678553
-1.249642885,-0.258868198895199,-1.22538516937786,0.581282639643825,0.356880115755046
0.326774425,0.0970209977294581,-0.53627896685862,0.085739538443525,-0.166329575959101
0.863323489,0.159230046869503,0.631949267851377,-0.0822272870809749,-0.118223763700862
-0.435214395,-0.0334999919119526,-0.178412301286408,0.050124907742593,0.401303073555902
0.129747188,-0.0469158849959516,0.232876143607725,-0.0327091331758933,-0.329813125154093
-0.462877336,-0.162095180782972,-0.0731581625384982,-0.00264754232571475,0.0058946010706324
-0.035761502,-0.0837784729247096,0.263666524836604,-0.231769287289528,-0.289584468822995
-0.226389239,-0.0810784191907958,0.015698575593654,0.00654649353701471,-0.0575452935848736
-0.162346663,0.0517773632709335,0.0157716474095477,0.0689962887165752,0.266547794931777
0.712164951,0.231551598353486,0.660673917384464,0.236961847277899,0.360204655603301
0.943581596,0.264134124218464,0.94047452132612,0.341834420584534,0.580797896104723
0.667448289,0.24575564302944,0.872167859567813,0.735779578376438,0.491519254804057
-0.091122166,-0.173534003830385,-0.605762103447653,0.707509333244742,0.921663924295801
1.307756383,0.281748195388207,1.03748410617267,0.703048255053156,0.116656079540532
0.03940101,0.169195054916001,0.06801614333843,0.539824070222781,1.1318406660602
1.53655695,0.440712003784506,1.26927349491979,0.0439336766364266,-0.42736839623312
-1.297765809,-0.154397992191884,-0.453108105574963,0.34708229405085,0.826709682958634
0.494819079,-0.101772976882619,-0.1448493931594,-0.142442260284377,-0.796172851762476
-0.8648273,-0.181389173342397,-0.43923027957245,0.121744549217584,0.294527622232134
0.384776881,0.328830202637019,0.816734423142836,-0.600224170510453,-0.42320768026441
-0.074946744,-0.0705763624827024,-0.3388545039204,-0.163618591604073,-0.189084902113221
-0.730778495,-0.213624774149372,-0.611635798944824,-0.232000344466492,0.0508606103631476
0.169905076,0.150335362626885,0.196110834432099,0.26708245213993,-0.354066489595621
-0.462236434,-0.0374821989631579,-0.156464589888201,0.48376355584629,1.06022723203798
2.354339855,0.472070768061711,1.55916840265961,-0.125203980620379,0.0359302688890507
0.575114505,0.404209227100884,1.23466033820511,0.349799837908886,0.865970455950223
-0.285484747,0.0182792307617298,-0.241110783345709,0.51408518539895,0.493952733167487
0.209082346,0.256182709998957,0.298411379929731,0.434210552498711,0.0363029595514236
0.21885036,-0.0484446122930241,0.304525649148359,0.0964881813974622,0.120017756408153
0.102645451,0.0504410306447661,0.315127327829922,0.119517351318079,0.0844217711719574
-0.095380602,0.0947574777821457,0.0938291352404659,0.129099797205279,0.192783649470596
0.37001037,0.296497201876709,0.577427436632199,0.0640532305358615,-0.190329590061234
-0.431998419,-0.227926306014202,-0.0821645442990449,0.0131029816377901,0.318777477414308
0.505831352,0.0797141572972783,0.654014932489494,-0.0515346461300195,-0.48558755365913
-0.801962641,-0.238123712026318,-0.714691633908388,0.0632333682054439,0.297828322526094
0.363365825,-0.168166346580858,0.480832384148775,-0.217055369661311,-0.628611416290685
-0.711666544,-0.349395909950945,-0.179203911274851,0.076847933427168,0.0149580804963341
-0.316815549,-0.253814695889693,-0.134316079635492,0.114698829247113,-0.00598568760551953
0.49982401,0.164304543040545,0.606994542596136,0.508289012917315,0.275470109964996
0.904754357,0.0340489174099836,0.675906116350669,0.251911780182192,0.642733630984858
1.033732164,0.290398876413145,0.786175656310444,0.688992600601346,0.529791507387502
0.013791451,0.142492520982374,-0.403961319365908,0.992308912117768,1.24461365255792
1.563976962,0.650214793270549,1.29675742551239,0.817656634353201,0.605422611150499
1.092700111,0.508906614957801,0.981846868533607,0.880267511604377,1.07674107907172
0.813455443,0.445562271898565,0.625979661696084,0.865470549057544,0.926462268443914
0.736283401,0.519394202395429,0.575405688311881,0.914268550041297,0.747391147271513
0.689031153,0.464283199768576,0.779065537452419,0.869591933210691,0.537168403696524
0.139388165,0.265153976551674,0.0760475349347216,0.800711524347449,1.01909092000424
1.645844346,0.338883633197255,1.24272041473803,0.299346947000583,-0.0875915397982451
-0.270993313,0.0475531954351343,0.0637332824085657,0.418364245505572,0.156101090176378
-1.466120141,-0.0571867310576797,-0.778519929022216,0.552995555353243,0.412384666923938
0.864178576,0.343200603487557,0.970681471336939,0.779584730491005,-0.271887192139647
0.589857335,0.135585312454896,0.639258212307575,0.582718859296161,0.952131557510607
1.553879518,0.326443771197525,1.13986190666728,0.390699563023462,0.412343435701431
0.184636793,0.248725299050133,0.192193462191607,0.764096111975811,0.985118790465038
0.55855626,0.424343407333799,0.570603004368326,0.726326370874139,0.474366490266309
0.501086954,0.386619124313953,0.290985623436799,0.902329235634467,0.780355819376807
1.021643603,0.54943414327216,0.927918869506256,0.640316942738824,0.793265036611433
1.162296332,0.589405468251737,0.841897879770537,0.603651885834669,0.782686315566023
0.799454013,0.423461961030729,0.588962831345184,0.680274453341015,0.369878500307253
-0.546211889,-0.0925847732456952,-0.421328945493789,0.876202645195466,0.673167770509614
0.429192108,0.329109194779784,0.428616758995878,0.880718700523731,0.273400317397955
0.836269426,0.356638103464406,0.750077471438758,0.617969767804433,0.73377537758808
1.362150127,0.561459761316867,1.07454189087981,0.621492435048089,0.363703610727677
-0.27636455,0.152567069703621,0.113925708072332,1.0998980143915,1.31715230222438
1.37547816,0.802224547149273,1.18358126286334,0.99271714497023,0.623040037429089
1.324306067,0.694862095381837,1.16612452794289,1.15143681227262,1.13017136620793
1.181152789,0.583385714218962,0.965282419141906,1.0453996936445,0.962346659921173
0.637473096,0.358013500893633,0.497628396391416,0.954863215181666,0.875534273673479
0.565811678,-0.0209294829881291,-1.88997664231246,0.927457411912205,0.598149520600586
0.37028525,-0.0867730229108536,-0.460798195129902,0.847659972448344,0.827584192288727
1.104270497,-0.44961927722325,-1.52625900924317,0.783459090200254,0.625918606130604
0.67110718,-0.323033245331603,-2.08730233969404,1.1414516403048,1.42736897986018
1.886128105,-0.0523316947259184,-0.230811813952893,0.797679698441836,1.20145054761858
1.910346496,-0.385567388608591,-0.368397007115323,1.0535384080811,1.05154824921769
0.222673533,0.513508258256641,0.437111387735611,1.29003592699568,1.61552277393229
1.42250371,0.626056176332187,1.08971463696665,0.858075005624542,0.706627705315374
0.939354096,0.539743545320488,0.825658067258104,0.985145232622954,1.11805729652557
0.972062616,0.573888092412153,0.78254035424895,0.982145359564643,0.928493980297254
0.793277329,0.629146416665585,0.653257191206674,1.04690252358077,1.12814634509464
1.39429733,0.738693747747102,1.17413926740528,0.81256072333551,0.731523528098461
0.635597633,0.406745378926985,0.764413521864172,0.855080168024897,0.995331331214657
0.709661938,0.479529783593615,1.00557019247066,0.772004599882086,0.631994548285274
0.524948674,0.366176442679388,0.731039887503927,0.918907652917347,0.627808141534481
0.38250856,0.292231512845346,0.379437473082858,0.728877064403775,0.999427989382999
1.611896228,0.412792679815324,1.39871723854161,0.482944220039057,0.455618760653782
0.546368198,0.187129810053163,0.654664780467667,0.494913721744714,0.844831585598095
0.294767149,0.222455075420435,0.533085065815661,0.698788918718067,0.365633842073698
-0.079715053,0.246375418259339,0.326944958887985,0.759492722511569,0.576265689487802
0.781734406,0.195221454708003,0.747336074222558,0.443229633092628,0.444724006076238
0.919386361,0.3183192882142,0.774766386355995,0.525084112579854,0.740785870629953
0.761465185,0.519921301729486,0.591231844923411,0.926855105773713,1.01374620210948
1.102821549,0.589866028153422,1.07688447007034,0.870038835394332,1.08747532693692
1.525312073,0.731616932226522,1.20014859885697,0.827111481645996,0.85708044687176
0.662348571,0.261376767551148,0.520188721331703,0.80226090067879,1.05009720448013
0.751461713,0.405315271669984,0.802588584195576,0.903332448321643,0.412985559950247
-0.15349822,0.192332503519042,0.168042990254905,0.807795529505022,0.962142495968848
1.332597219,0.556299264356302,1.19202515864593,0.522927673031166,0.110475410351863
0.137448932,0.233266534493722,0.317649067029124,0.727038395347814,0.969652760338543
0.746790042,0.403889766043317,0.692788238920452,0.575087343137458,0.724538649735351
1.30035977,0.667218421380361,1.07311580978552,1.11153385790492,0.530282580296396
0.09027246,0.11095594188718,0.0902782395001389,0.966073975695569,1.62409582000327
2.097952627,1.00206062020761,1.38073960583624,1.26073556520325,0.988644655005292
1.815179009,1.02229436799309,1.32905679942138,1.28130019240788,1.49931931516605
1.343724424,0.793713126364978,1.18610436441083,1.30572715692864,1.02294261439147
0.066819583,0.363912057042935,0.121928738652355,1.66160096247568,1.28349981211251
1.051384331,0.767376320710062,1.04091740379058,1.28911686218774,0.99649201786464
1.953216503,0.790366508030664,1.44797210816428,0.6324482418313,0.679488885211868
0.405046745,0.410313093596755,0.659056984388155,0.994879315547739,1.16894716240445
0.453483413,0.398997758759778,0.612484645401945,0.941180577519996,0.81424691270379
1.167754707,0.625357495708802,1.06383583874407,0.610439279803773,0.310850170141746
0.088736101,0.149046195800251,0.11553321722485,0.61643942237876,0.761230249625175
0.401699619,0.317894913753964,0.336549664639501,0.620533824775723,0.506606437344265
0.739818426,0.571764592417054,0.700728428146957,0.751979022970211,0.686045431033349
1.063124356,0.456956677318625,0.90905627524825,0.436936116929479,0.648583612707905
0.714221616,0.389184496104654,0.556075463493749,0.553067508281705,0.519098446631027
-0.048065991,0.134642534011413,0.113126451123228,0.716036726722041,0.620946939337077
0.535807487,0.320995047685153,0.59936865663771,0.467974362819839,0.131219665607682
0.192440631,0.148202837634272,-0.0164110378985052,0.41537132860109,0.320346958730152
0.011160336,0.00817824509688935,0.079307726112652,0.416490022365218,0.666269143267497
1.21802503,0.488190781642575,1.0795075987906,0.492150774487441,0.234393097813993
0.332457927,0.34421598568814,0.190647560760209,0.841975666870026,0.993580724327132
0.787400288,0.537061251756468,0.886084719828649,1.00908874130318,1.13894994005175
2.11020083,0.865153582175448,1.79068228837559,0.671653857610484,0.518413856639968
0.319857667,0.261213013872205,0.533386945209837,0.770717469215764,1.05151209050125
0.124111039,0.280215165120717,0.161348389727506,0.815746567009085,0.590290372498964
0.593328785,0.481154540172821,0.672387151913738,0.944110666499283,0.49048285027575
0.732279554,0.433665884235144,0.715201309008951,0.635275290690458,0.831238230635033
1.183976192,0.472023063173171,0.961518263069427,0.539609421475556,0.762385716864521
0.924419775,0.533040519931849,0.963157104293444,0.829593686498431,0.678211287983995
0.078982145,0.357502406995684,0.230575627608148,0.871364435516833,1.06852813962383
1.289232637,0.745411887055046,1.14954345946163,0.760888707819304,0.400395665206935
0.545053605,0.511299176251721,0.490555175832827,0.750601267504254,0.988734100864128
0.748561484,0.653419722123198,0.854277561023007,1.00850446289459,1.0288832745041
1.509369504,0.930439383393957,1.28361272204544,0.945311981562182,0.840123073548722
1.002852855,0.633045921669755,0.672496963958943,0.815136435900202,1.0186484352741
0.585174664,0.552302552147398,0.434442556741604,0.993139579459592,1.02152344478816
0.99636898,0.779989417955317,0.894637401263001,1.00769847331014,0.777464487286347
0.901677299,0.654588770408926,0.792876357794109,0.841772042653961,0.912415537956883
0.904165853,0.674971609161164,0.763395410877644,0.842110358739252,0.823569751553658
0.711015589,0.568450376898197,0.490018960789732,0.954598860549895,0.900691774604768
0.878865548,0.659058864935237,0.945315863581055,0.837095780204066,0.868617509719835
1.100952802,0.571218290187235,1.00044822867854,0.684431090488475,0.633576977165606
0.407368041,0.349993495513327,0.406090621503319,0.687605531764241,0.741707070437929
0.443414458,0.292844310110508,0.385612274128079,0.618041056089525,0.392920379663505
0.246221593,0.175366475540239,0.429441748827554,0.713630118896045,0.461883027984667
0.39047155,0.188329992059335,0.6845763672868,0.524310900929947,0.602486324726447
1.005283935,0.468933524347965,0.855002138451224,0.429129776091456,0.431101812041109
0.485772576,0.276827980378413,0.433319424210965,0.501361867386908,0.708155903043898
0.503290016,0.400790753214572,0.451100693110607,0.643894705456258,0.534599216834636
0.377709735,0.491614453853553,0.339342534848853,0.787655290896255,0.917557842727788
1.379615705,0.772420906572834,1.08491007063117,0.689651710174612,0.706027541786235
1.077704417,0.539710519770102,0.746785673986942,0.61260724502772,0.944194836311057
0.79044663,0.555545196509341,0.721534439393879,0.869704414601269,0.497589735337733
-0.374242334,0.227739001365793,-0.0906777128045817,1.05894966793787,1.12663256730371
1.550721981,0.759291627286721,1.44628810741258,0.724443543830114,0.230647681047248
0.606120984,0.631993899988759,0.920541437781628,0.915619023888226,1.1069976639602
0.937131312,0.531221484703179,0.932452370650989,0.80902611378021,0.781309104381251
0.897181751,0.535780510287325,0.647107300073655,0.900842671178841,0.756361359507263
0.537436568,0.35654285168753,0.436005925964598,0.850209116707728,0.959001630267877
1.081812593,0.625052196041441,0.967716286002544,0.743133706718997,0.630298424023475
0.679927879,0.452066517852786,0.41446123007998,0.774180019565441,0.80757855970609
0.55271445,0.444591881495918,0.584089498461145,0.662466690826438,0.821700617590657
1.162662123,0.635228127732067,1.07567404176845,0.516523738857797,0.0425713594883753
-0.577102126,-0.208774543553613,-0.554448947423744,0.408825838430407,0.52627012580053
-0.068593056,0.104098939951904,0.0651819273181959,0.345018658163983,-0.045480336054598
0.116044456,0.115108236227858,0.177005604683536,0.210041165597946,0.411930531223198
1.04056701,0.325812097926339,1.03586592823962,0.152696537540222,0.198275855169298
0.229149212,0.313460877798962,0.372787620567283,0.57810821553969,0.846457125412935
0.786183895,0.365768602421721,0.869763361041483,0.527528773698317,0.590397084287356
0.950407182,0.38105066288519,0.761514895067342,0.544574677839225,0.504371961264272
0.251664524,0.239441259488825,0.360116126850332,0.738081723404138,0.715023233909155
0.417135731,0.340754442188406,0.425732394662627,0.539965323916942,0.708757127564204
1.236765793,0.497596430526557,0.902598386000524,0.392286089586188,0.253587048786655
0.051390967,0.240582251606211,0.226350943649167,0.543662723126312,0.74395966741014
0.209222081,0.208354339806931,0.22058685139697,0.652378283135479,0.764345056000173
1.393670034,0.657851957315067,1.05534814317146,0.820358995654204,0.549779434968723
0.862647954,0.476270478267106,0.726780011293599,0.685811634618213,1.13115493710146
1.082189594,0.601342906701386,0.945632056376469,0.93562894111686,0.878828284544931
0.832825233,0.624322738680391,0.663604906712739,0.950182336548956,0.975701491977537
0.934726695,0.703617951850531,0.851320475350321,0.823863851151104,0.765705337229757
0.666824252,0.510829293680702,0.638646532239327,0.849724735643733,0.789234356169458
0.688896477,0.56983840561899,0.484699813227829,0.913534688331423,0.580503847170815
0.20920527,0.00243797002705825,-0.111400151923759,1.14891288131973,1.27167060006951
1.897888661,0.927508587660253,1.34222403339536,0.982377852511913,0.936363862868652
1.735863743,0.841658085602366,1.37183457125656,0.978537726788062,1.21341931787884
0.841414889,0.709752363335466,0.799194678497351,1.02357324325077,1.04895538524682
0.279456222,0.377025050024976,0.237735590004239,1.16005994292896,0.942120006425983
0.959148471,0.523718847135104,0.869331044678878,0.851105645277704,0.508971840901576
0.634682248,0.283931777352137,0.461670926590326,0.599343989576761,0.752826114858687
0.667442813,0.260597607052876,0.285783080976398,0.680617194418676,0.553168135139294
0.32526567,0.280377119073473,0.563409669252418,0.867245506711787,0.865848288122991
1.119627733,0.500497750811065,0.891700879047786,0.721213011140482,0.562310560243966
0.705769361,0.343116612575387,0.696876146816899,0.699792410885343,0.99782281298697
1.178681293,0.412037959645338,1.08160060062131,0.711511205423371,0.327257382739484
-0.306736397,0.133654158812524,-0.216814394713868,1.00933837891416,1.10470418463492
1.110183206,0.660146217924171,1.11486416690687,0.818131502837328,0.456908137731829
1.037633237,0.551171201786425,0.822949835040366,0.795480810920523,0.882841100643427
0.84041479,0.50088429365215,0.769732277560459,0.896627846011631,0.916044129236666
0.748129189,0.526054246834187,0.564276535064423,0.909858904397823,1.01620546693713
1.323719825,0.765433782793196,0.906175921930695,0.697418144466611,0.51486533788356
0.220047055,0.247205139585021,0.33609280097292,0.514116104831399,0.875829934323471
0.6183766,0.300837715928919,0.56326488458886,0.441846943656814,0.139413882596729
-0.168811792,0.0549375926039484,0.166692662616138,0.446016059885435,0.455413425232726
0.432845833,0.145101588670657,0.514185203033979,0.271963604769221,-0.156813487841155
-0.47410014,-0.00195769852645843,-0.247463118138353,0.470726459704763,0.66561255019004
1.01426733,0.31386355472259,0.894462059668671,0.486831384723127,0.190803073534887
0.665947001,0.347784499145812,0.593742215612272,0.810107417244192,0.95386390485478
1.111072628,0.493737196565926,0.931676264381247,0.829539683262544,0.85529123575685
1.065516291,0.61093104260969,0.831894200257755,0.852452639242495,0.91462975039113
0.836120854,0.52874472554694,0.78799513067172,0.814238083379425,0.767970758969013
0.560014205,0.35114223253138,0.433767007186987,0.813185222356055,0.425325062823391
-0.043984117,0.127459511129615,-0.195488844979523,0.342782152952893,0.362864488922025
0.228370732,0.168387885608356,0.237188908043269,0.382173747333612,-0.222735215730893
-0.794565015,0.0470824062815022,-0.367474228386494,0.538869959138022,0.689290017187049
1.255109213,0.305066777603573,0.969249378170054,0.502034198694955,0.0427446491235224
0.692560633,0.309951524468713,0.773089226652815,0.547746116533675,0.958376968975043
0.942572844,0.400760113354748,0.948604155678798,0.899996937251457,0.851998391537289
0.992477023,0.494352254440514,0.960943258864298,0.966809642521739,0.876266413060001
0.889160696,0.417585844807105,0.831209082522273,0.837486350415577,0.774520684811278
0.544219803,0.721316346572468,0.86296850600506,0.873731377551111,0.804674115000802
0.687951618,0.361593912001893,0.749859271256926,0.861918417824476,0.704524116735085
0.857618997,0.309320839148334,0.823495592225701,0.696435357579186,0.610918812711313
0.689111481,0.445623100424864,0.716050286136315,0.501343317060072,0.287195183798375
-0.100366578,-0.0797913802007795,-0.229534388223582,0.264357105617272,-0.212768482435504
-1.514243541,-0.471168075439503,-1.26201386220141,0.606643636245463,0.515488055555336
0.996721816,0.441789304672894,0.814242289255971,0.588592480918467,-0.100086403050594
1.144554608,0.597046815287261,1.01197291311571,0.633680124943778,0.697333078979598
0.703231605,0.455179007955524,0.704734337767567,0.851514307181155,1.00985464215032
0.978874478,0.532899728717907,0.885027655300494,0.859303552779609,0.7677809809907
0.781485559,0.562624552311497,0.751118112263339,0.89358120704856,0.849138187066334
0.73028273,0.564003781290802,0.618914367671298,0.819284194965153,0.842002265944233
0.911120061,0.410388958166251,0.735959477623621,0.819108193537532,0.71485538894185
0.67536357,0.370116094780277,0.687137637647733,0.732539705837066,0.822750581573416
0.827898939,0.362561629199972,0.66470143126666,0.658690188934294,0.540362961989767
0.337496666,0.276771668872351,0.461822428178149,0.652094828475591,0.694652971961375
0.657932483,0.331134803418055,0.461606901001538,0.433457335057388,0.271656150048082
0.07756448,0.303139189532231,0.198562346503546,0.532400835431662,0.540638732524405
0.478829335,0.112083127252696,0.449036256307328,0.327941176822195,0.258771473109573
0.398845554,0.110338625310063,0.516811601187545,0.25708234976504,0.280596037790395
0.202542245,0.200674564695956,0.31322254064168,0.262830981785746,0.0624997711939608
-0.44643077,-0.196711022451373,-0.461703855890446,0.437780672223602,0.452774155838969
0.716159131,0.146206870149371,0.80472816931424,0.232948985202607,0.0415364735828706
0.482949824,0.176032656484195,0.52527498643738,0.246668302378905,0.335930022165622
0.057297393,-0.00717406207684654,0.178906751311038,0.347918114064611,0.467332964871114
0.370831931,0.0841646567360085,0.405661897259286,0.687589896830924,0.479200433653314
0.77057687,0.315001696440605,1.01298689369041,0.692238834948301,0.768593672952829
1.297187863,0.341405379030435,1.34439959850846,0.49281035062204,0.68870738412874
0.760810676,0.142511056884161,0.954325637099964,0.426826212551065,0.689215194189774
0.268747358,0.198369800590218,0.792524106663004,0.376846762674482,0.218964082440952
-0.365001324,-0.0908474109469757,-0.0532434259487208,0.0884807676100901,-0.089633561569437
-0.572783221,-0.14655917320522,0.150939755958,-0.168196622801982,-0.278762410937911
-0.18876424,-0.245987480840727,0.19885626648545,-0.48593015530527,-0.728242869078984
-0.925981817,-0.440456924078272,-0.274480815313601,-0.468321713469724,-0.599024232092203
-1.077978076,-0.382572418474161,-0.348617664419021,-0.43039874264357,-0.552682177756488
-0.316000853,-0.232870214269819,-0.117714030872383,-0.462926477516921,-0.565465586162734
-0.150831039,-0.200166177916585,0.279535257931632,-0.529254605923156,-0.0887178532283884
0.350134806,-0.156010084166,0.369471119774851,-0.413895672654365,-0.264423879578312
-0.334779849,-0.178743651793693,0.186603258077831,-0.209794371724293,-0.0404128595731294
-0.341023106,-0.181700195382869,0.234542833191335,-0.320991145292415,-0.321634087676025
-0.338645408,-0.17173507273969,0.284779856718037,-0.49335473250133,-0.534048749625212
-0.74017298,-0.386088411577411,-0.0120790143428516,-0.532840098987565,-0.543269839753465
-0.729369679,-0.488054683695886,-0.0238096791701819,-0.657460678402448,-0.772216094591661
-0.868356071,-0.415888087126375,-0.0994089962169357,-0.683448048276336,-0.78291323745926
-0.889264062,-0.449454431658615,-0.201026519704307,-0.651140725556792,-0.716273255619187
-0.673740701,-0.434023615273947,-0.381768735204358,-0.551296318219229,-0.486185612190175
-0.105534215,-0.344021910275157,0.183296251196548,-0.492169551959942,-0.352050111942578
0.0304042,-0.193538665491036,0.424050806356397,-0.321385389792832,-0.180898279510118
-0.15061743,-0.178899694462157,0.220071069120006,-0.242634379355028,-0.129218200740558
-0.187253132,-0.219266471523083,0.340170261848376,-0.329817956869044,-0.383632408903055
-0.566926286,-0.254980763213808,0.0840237083746927,-0.390788617858292,-0.612049809759113
-0.929695168,-0.348250503365152,-0.250690218403083,-0.326312617304922,-1.10567720538936
-2.188679969,-0.501347899589357,-1.13371860653282,-0.0997623849010441,0.0924776129307834
1.191592194,0.104622323544916,1.13106580308637,-0.427957435715268,-0.866822941204326
0.323310678,0.0290349542263277,0.727243154097177,-0.0672141092166344,0.297418331585344
-0.106200259,-0.0611929284098638,0.23569403327503,-0.176250586493648,0.0933514152919281
-0.033244305,-0.124938919110204,0.290024110864388,-0.049671047945617,-0.573253973757631
-1.12391601,-0.418898246685606,-0.435288349655415,-0.0632619385341986,-0.543900509348136
-1.322708009,-0.510065380777924,-0.83180126196562,-0.424407214560308,-0.247829916108118
0.651787882,0.0530107412153192,0.904478136519464,-0.336921148821338,-0.932665143784471
-0.69712267,-0.424570118278183,-0.202800336368867,-0.621371123018397,0.167805553082501
0.058482158,-0.147237762240268,0.435564220545787,-0.299965116196709,-0.528522996049957
-0.503236462,-0.303432562109157,0.0450544311339884,-0.17357517033563,-0.319636722154427
-0.640188646,-0.211436758841954,-0.103454236390862,-0.373087963335485,-0.42974053969692
-0.528621772,-0.286474633991517,-0.0654587132976474,-0.27584285172244,-0.22960229917553
0.139575082,-0.146251387665618,-0.684602536064704,-0.367574813371329,-0.16646379638896
0.245060227,-0.069337013151925,-0.873801352308582,-0.203848592684471,0.0173879757677013
-0.120024007,0.342048394597697,0.0672466041870815,0.482538724075862,0.437673459263331
0.234161561,0.341354355518736,0.652254769236203,0.988258643151405,1.5059097207708
3.471679143,1.1115327295128,2.68608718999937,0.500124797571066,0.529616097299512
0.862171717,0.120019253659771,0.623179757503021,0.863799085466154,1.948888475881
1.142093287,0.887520840990849,1.42277051468975,0.645484774824792,0.415013388122646
-0.221744231,0.00859070938730949,0.15305239584436,0.74850012397322,0.0359709352851569
-1.329315013,-0.410412651039406,-1.17544043469218,0.418871257575636,0.172152481328351
0.346864695,-0.0361625028302531,0.352979136028177,0.203012912275615,-0.347048367053536
0.352424075,-0.0232815076325301,0.629983375216183,-0.00865367300346531,0.525310660350035
1.312253518,0.371577690803649,1.11680969131744,-0.346791781665324,-0.472829797026294
-1.389391238,-0.330008331620177,-1.18450937552234,0.167801606555523,0.305497525842342
-0.661727814,-0.280006299562868,-0.403866989163079,0.359995336188715,-0.469162057336198
-0.15342337,0.070419657500085,0.559285940875889,0.285479750392865,0.305495139935483
1.429793151,0.43153223356139,1.6203899562974,-0.122921990239707,0.244396996661518
0.882329501,0.236276715916589,1.11783495603262,-0.0244950755734596,0.510597505318126
0.065867614,-0.207348054852168,-0.390369912918405,-0.257782076908028,-0.251756462690088
-1.62221936,-0.589284308065933,-1.11015512160267,0.0429491229108637,-0.0738725854609714
-0.289054642,-0.213485354264872,-0.00778990872326911,-0.486724024322269,-0.998627627957555
-0.76935226,-0.281986530481876,-0.337706672812279,-0.335896705957377,-0.20232704284455
0.028333488,-0.240140891785724,0.298464533441853,-0.350205720547916,-0.295880554507021
0.117441856,-0.131095190458486,0.463055071345034,-0.116208922199643,0.0569284968015365
0.166678395,-0.111873125672091,0.283753396152645,0.111070330188262,0.231380472722664
0.202555572,0.10327099646925,0.269307621630328,0.325410779077482,0.755354324979423
1.565817981,0.53636396557814,1.518349127577,0.0927686408243061,0.180266688494387
0.235032027,0.284090803634281,-0.0986107327059847,0.292436733600425,0.56447075901116
-0.26056435,0.0257392801370234,0.0220805333614869,0.236427465808136,0.168445482035639
-0.075913095,-0.0400767212917895,0.145467807923205,0.0583753186547229,-0.0884779146649152
0.051694726,-0.0548842357197141,0.203423810962917,-0.207758691673911,-0.244348139325179
-0.385202616,-0.334403449036954,-0.164211265092372,-0.365286116679119,-0.226666425373478
-0.411683729,-0.239491427879214,-0.0868950239474128,-0.318316836110803,-0.608287070948831
-1.099512236,-0.487115883776842,-0.598618376082089,-0.212031950101263,-0.0616501241400826
0.400039075,-0.0536118497368521,0.316165898450597,-0.590815348851936,-0.721086051615183
-0.447847741,-0.240738061765279,0.0637986568339749,-0.498003314749456,-0.0802285705578756
-0.399183424,-0.0832146690138251,0.0645834957045421,-0.471754238834413,-0.352067279608312
