630
2.088076888,0.340363588382379,1.6098715590484,0.0986224530905112,-0.0942019781048182
-0.252472541,0.111353112699655,0.0313160800979704,1.74415744552368,1.39368778851558
0.621427335,-0.471405448365124,-0.669688119606432,0.842261934963336,0.954161588557134
2.21755775,0.481965582326217,2.08812214804463,1.10939521358117,0.102034447865372
-0.691267737,-0.437139335886805,-1.21278508252425,1.10416673114029,1.83455876042588
1.736255273,0.540436578311992,1.56969282160905,1.5181276947996,0.610498749485459
1.484934944,0.201453304303783,0.232619790755897,1.14428307713316,1.55457261332495
2.093132565,0.488797326639843,1.78429258966768,0.930333893461449,0.398921410036346
-1.021817248,-0.847384558127983,-1.68852917235338,1.6931499083546,1.63178366012165
1.128826724,0.572591183563076,1.08952566188526,1.50033573674798,0.726428129942735
2.136886097,0.497151684595838,1.51748999497038,1.5638069140984,1.12092692347039
1.264026931,0.700609605946929,0.996339549205552,1.33730073725571,1.95090505020724
2.164897667,0.67434894760804,1.79037010496355,1.3321031169273,1.0634785009135
0.719939323,0.627502913169646,0.986690104231883,1.69513370400714,1.5176081422614
0.80820436,0.143554426631445,0.631065727954918,1.58078713315397,1.46993396150668
2.067498407,0.313594975325548,1.18187333464056,1.46087700851717,1.29118633860223
1.83700597,0.609175131049724,1.50686588596719,1.22595138596559,1.59433670117331
1.292421156,0.700858315539923,1.23392512166376,1.59765022851533,1.61875287217677
1.330787134,0.415736848928142,0.906867826635949,1.74617868285283,1.56322910578756
1.752649715,0.843282471224474,1.50410916914768,1.69114550756041,1.54099215131033
1.727221405,0.829533416861842,1.4350040624309,1.72628012422179,1.76643573473518
1.813821111,0.66605450809684,1.25651222803772,1.74012502288785,1.86322209112791
2.037000501,1.06184748985576,2.16426551121377,1.81376947103023,1.81106457102998
1.787885259,0.637624722284437,1.52564870095336,1.84157160784668,2.00855166715522
2.088787002,0.513758361907898,1.71319502570153,1.87038230419694,1.71040155605581
1.504528214,0.713953702384401,1.22053253110088,2.06498385728923,2.09737549325486
2.186284684,0.788042230751209,1.78972880378823,1.78434869509699,1.75277010715085
2.145714073,0.759331877195474,1.7746858335978,1.82552401504393,1.36653837537988
0.435682512,0.35220610360939,0.39187827810837,1.59634094164114,1.95770633511283
1.947198028,0.488075218370293,1.00759496649561,1.63423900172038,0.752009675075045
0.61552578,0.576990206623544,0.392633274350362,1.49717426082471,1.84543963950298
2.032924508,0.617233645077455,1.6141749045141,1.47267347248216,1.07360973575945
1.265402553,0.548868590175888,0.38905800492423,1.4599510219861,1.87176830885292
2.007284465,0.563033259161324,1.65290095703113,1.29232115302436,1.31365709384988
1.428750538,0.56454977061832,1.04992154788013,1.2045526486834,1.15584291938149
0.377295207,0.437854184989478,0.397869641569825,0.7030577255991,1.02314230435317
2.016768908,1.1200153383946,1.63777391349454,1.90309166015874,1.74127574454386
1.552444208,0.899177709687751,1.17717287441486,1.82784684735519,1.72948728291324
1.380653423,1.07216227815389,1.42205519707282,1.84369814975632,1.74158945256692
1.893513031,1.19010125052884,1.88596342655196,1.60223224751324,1.55242439743182
1.813791195,0.949515052344219,2.03682416144826,1.55811812202092,1.3994712828961
0.877008843,0.428666679528488,0.592197696755421,1.56938738577285,1.67946605114752
1.564459717,1.01812799457905,3.08308842785546,1.60020795378337,1.22271498888286
1.346568362,0.432482305486696,1.09786977981632,1.6229841268102,1.68522052933065
1.880753867,0.759104609069699,1.61388795027134,1.64100575142515,1.64772729721141
1.912401692,0.815636696229395,1.9471997063369,1.81141664650886,1.91174169220404
2.024920525,0.8707136440292,1.76373475595599,1.73856947796294,1.9434373719326
2.145563475,0.974972044141302,2.04430827824373,1.65769258048431,1.55963892325189
1.178565306,0.248113336892099,0.587280452461583,1.66584641747073,1.43493018122055
0.529843926,0.39584521211418,0.413415709957187,1.85831299598792,1.64347838175662
1.966563257,1.46272848181963,1.793965840419,1.84511214345887,1.3070810142353
1.98135721,1.14584522657464,1.60602672966235,1.68883310447249,1.82316256150164
2.071914351,1.47040816468137,1.91152138964084,1.77845426810967,1.36263283069286
0.569721343,0.297133403143834,0.338793479114142,1.84986998438555,1.99871888392638
2.0534495,1.22533149825593,1.72591104988987,1.62534177410965,1.05752652922662
1.287011573,0.97890707463282,1.2033794981693,1.69980056132809,1.69510713085268
1.433516676,0.932449868692865,1.34720516807349,1.53045842163669,1.7113743726511
2.152576488,1.31549134948222,1.94012183262058,1.56217654819736,1.44378917467751
1.461834307,1.14254488645854,1.69958812204214,1.65427726290836,1.75682633101374
1.399717923,0.792480327166748,0.984806938897811,1.66365734462829,1.70949355513778
1.891544247,1.17977996192745,1.6100338017576,1.73031672832306,1.58441563780583
1.747549716,1.16473122089364,1.55804611041526,1.67365058810113,1.78175220911439
1.77889366,1.25240421578741,1.66216611107155,1.61403137715301,1.64699583467739
1.661931011,1.068640974779,1.37026148077815,1.58744703821469,1.29709555487804
0.717774478,0.544788508799154,0.64399134666444,1.68723245717182,1.53399607071541
1.260813851,1.16573460155944,1.41782150292705,1.71591227930001,1.48859101776546
2.108497625,1.30350818597468,2.15471348621689,1.63722780575126,1.67722567583855
2.192443857,1.32555805581519,2.04179392680584,1.75071179675734,1.9525657339115
1.917166693,0.866573179056638,1.51282899344842,1.81675522769211,2.09016183711265
2.097804569,1.04130087830076,1.53190902306786,1.86655740750262,1.76876713482614
1.532381839,1.12604010269903,1.59052021352979,1.9557191735563,1.97647823984504
1.897260439,1.08673941793241,1.50186186656093,1.76593536684722,1.68711092391979
1.827167092,1.1781037079133,1.82313231783853,1.66595281481354,1.61771485296547
1.554255391,0.796160338572571,1.3018352725502,1.61624566746382,1.11431130889202
0.134560983,0.19439912265142,0.0167251247543627,1.81086777217012,1.74150675365836
1.895241737,0.934841714051729,1.28796395417148,1.38473810069563,1.0974918878158
1.94795383,1.3958768388516,1.64285797625577,1.4629997565197,1.45026129349249
1.07326439,0.736172016769745,0.755423450609196,1.60758868882804,2.03355009165464
2.224165056,1.16092345014488,1.92659927846416,1.67530008371298,1.50298323640748
1.993776233,0.931629122908467,1.6069521210675,1.41130429670559,1.41255339743152
0.853307957,0.353754114066558,0.818180873883604,1.37802078529432,1.10130356235286
-0.064097278,0.258683643767605,-0.0696205492551198,1.72328466697438,1.35255912639109
1.595018064,0.829584381642075,1.51558018178777,1.57133858759836,1.12712318595305
2.188215892,0.966730509589642,2.06698715943037,1.61088229430202,1.66842802952939
1.951455435,1.00622279283534,1.96015996083012,1.88922446059816,2.0575211392174
2.066214077,0.992725549278204,1.82898824744566,1.86333271660147,1.96131061832582
2.157430826,1.3363018792404,1.55515192383006,1.83148713232314,1.42642387941675
0.669696428,0.442208323130807,0.444308134128541,1.84376064817097,1.84426589040448
1.515173467,0.925157920799083,1.12269396090043,1.52329014939997,1.30843948409813
1.841623524,1.15447047829208,1.53339382988259,1.39942991131015,1.24743416056205
1.016329813,0.612142124470831,0.865504683460381,1.37176240407973,1.58804599021251
1.34229254,0.852952902619997,1.03164806037909,1.58833235279781,1.42059278006637
1.66238398,1.13287538351545,1.4887400016589,1.52994912579505,1.64713772357751
2.108469436,0.798033189006943,1.47277888329664,1.43127663273137,1.44334326072443
1.168147524,0.622192771188182,0.901591921839879,1.68860649738826,1.96398501683541
1.909715061,1.32204220262813,1.69681954629834,1.71723251920124,1.55239387041479
1.811848459,0.926867982855131,1.56146134216672,1.71719452743761,1.79831670367275
1.812228818,1.1628665884297,1.62585591936253,1.70132468912376,1.70057033314606
1.53764932,0.997440506036633,1.36767612374714,1.86567373282916,1.84403467075202
1.86114229,1.10533158456393,1.57090192651876,1.85013012364785,1.76865475334903
1.94864923,1.00924079214704,1.29581578264835,1.88498018543524,1.91657533855849
2.006244756,1.25852233296373,1.76476766741382,1.89406675251066,1.99440589679062
2.084064268,1.172788495048,1.65431895923936,1.92188536014887,1.95775731267969
1.930147877,0.956083934782804,1.42307328369304,1.97977510352813,1.96928659735373
1.868730013,1.21090875036496,1.50669738750996,1.87816409421661,1.90717425758947
1.995613936,0.990150682439261,1.51212271982327,1.76274049144605,1.49658936550782
1.074820994,0.817208859706365,0.997642852145445,1.72084664388968,1.65096015240963
1.238373708,0.974347411696895,1.19138804017759,1.67637868444354,1.50804029108798
1.823588553,1.18242643924472,1.72418659153846,1.61494720305039,1.46941270688587
1.690964306,1.06773154954461,1.46169943574002,1.6118296743142,1.75894331417292
1.784334985,0.962743787111579,1.36347627438503,1.62756823524096,1.73521137640265
1.847256651,1.09181325393313,1.42053139200903,1.64065906881089,1.56111765941936
1.316744273,1.04566053365208,1.2388911527976,1.72269073875951,1.69045415547232
1.530867455,0.938222450776667,1.19551763677385,1.56778761900704,1.50963028592669
1.87583129,1.15319930714954,1.70484095926484,1.43188641796765,0.85579977311112
-0.01438441,0.22243927970066,0.142073921147579,1.5994120342392,1.62229930813535
1.329435147,0.658052307313437,0.886624519488662,1.30659360626276,1.10889908420598
2.166258523,1.09284568867375,1.99795576060115,1.37449894460875,0.969894943670064
0.580700681,0.494520493578563,0.472399423720637,1.44308436106001,1.9321263948273
1.85978907,1.13609880978241,1.45307311674049,1.62919794109459,1.28693024294893
1.861791402,1.11590577249546,1.50807298012752,1.64716615643955,1.501094554838
1.323001598,0.845368582783487,1.02583479504061,1.40234375191728,1.51036675099528
1.167417273,0.788448824590652,0.828252017921848,1.56207446650447,1.33608942646489
1.211060505,0.796113442333317,0.984444543911057,1.59131004512997,1.40979460126256
1.56545919,0.962404373432043,1.08727108811056,1.57141740792466,1.5605826163755
1.892250997,1.05225857454671,1.34570246679029,1.63927757430069,1.7657625406017
2.052441418,1.14358034588293,1.86086020001615,1.66907446596418,1.83383029224605
1.870583633,1.09683807031257,1.61296614438496,1.82724292755549,1.81811322532213
1.566997058,0.922601664608624,1.41720560389189,1.78902891995326,1.89455495715163
2.016010555,0.797458954284621,1.29304884546621,1.74994157232316,1.41612669941578
1.060030363,0.560312583593711,0.774420085926722,1.87946986038314,2.02911774672919
2.108783368,1.00708354194719,1.57397259986506,1.79119452747653,1.62967973695984
2.058104659,1.06843091535505,1.87030883517001,1.8674167185746,2.03781240870463
2.18666991,0.843815596449655,1.77605759944082,1.7500483213274,1.84029904503566
1.641805384,1.1228288127915,1.63694618622198,1.96978039013399,1.88259192411449
1.498710711,0.805084174614434,1.10281365157891,2.00843132550542,1.94627254458235
2.180362578,0.831798388548706,1.80317656672344,1.94334702491254,1.82895069114491
2.142077954,1.12648630313889,1.90911253689803,1.85755078390763,2.05869891477528
2.008385076,1.04340489924029,1.52494863786839,2.03866548398172,2.15702072035628
2.212519732,1.12493579362454,2.14803089349847,2.06356948908345,2.01398110340891
2.014535707,0.868457366721665,1.73053576604351,2.05239466533734,2.0540852422277
1.925662646,1.33339866236636,1.94835537712935,1.93869521194872,1.97547911695879
1.992439736,0.85551058455609,1.53476975184089,1.84914700804962,1.69546151867877
1.390724687,0.782198583052483,1.1199113354283,1.94326172710276,1.87930555511434
1.711174914,0.970839264103727,1.65500373678031,1.92453652723043,1.80374535698916
2.148956368,1.29833449295295,2.19729475381545,1.72275356729619,1.84170509784671
2.162826463,0.714444785921475,1.67488161163859,1.76780175898165,1.60075295264865
0.94592994,1.02191351349797,1.25569266633511,2.04876323691529,2.13979526060638
2.143155757,0.959894090366571,1.79379784636298,2.00093467110023,1.58900010881664
2.074707423,0.674731802808388,1.67045423512644,1.84156857181051,1.95523507099169
2.020963843,0.947091589790177,1.82329648690594,1.70968980552108,1.70422867100115
1.310190296,0.77536561688489,1.22639517659182,1.7036337494253,1.78924449610214
1.581976229,0.998025096093344,1.4102876606935,1.53665244772695,1.39770349139068
1.352533727,0.988385372684829,1.34857442372375,1.60668550871213,1.5391311271208
1.43061012,0.547714023752005,0.816766144361344,1.6113092112639,1.7078344938427
2.067361027,0.971837107810234,1.68405546894217,1.59244604798406,1.62906781900264
1.909311837,0.972059209039399,1.4334699219689,1.71463982865659,1.69128714596202
1.287403311,0.718770347929388,0.924841887597995,1.81199606639677,2.01776447044677
2.22746053,1.32222527031661,1.97268454685658,1.84318786955969,1.43557206566307
1.39531925,1.11579169170625,1.37418764219045,1.90626595958864,2.06063949233261
2.035806549,1.36635547158186,1.95867286148002,1.83538658227861,1.71771281248465
2.018855419,1.30684125477625,1.77058303348661,1.72605091123127,1.70541587874585
1.920953014,1.21927847595257,1.65111832175796,1.523834282128,0.412734038664429
-1.71123471,-0.999836259033549,-1.52844769027892,1.97219328744322,1.87007315302841
1.742821212,1.03919838125215,1.50571431835715,1.75782248971914,0.499083516688202
2.1674001,1.19556200538293,1.75603957819211,1.58392654087238,1.72183968401256
2.189417468,1.06073262520198,1.85814395305014,1.60044224083237,1.93900880838394
1.837825084,0.798940690067286,1.5809230945483,1.78637026760928,2.00864456771236
2.011611751,0.763132256500213,1.55274367223918,1.8370521940386,1.41247467313746
0.71563789,0.448598578995426,0.719871372480561,2.07992279334887,2.09520280040658
2.193292367,1.24408692839516,1.9767763967176,1.87561799757385,1.56332474936099
2.232864827,1.14433460578764,2.10118126272556,1.9820617620071,2.07183677226244
2.139570581,0.814900324240342,1.81232354741412,1.97538418048344,2.18119405191409
2.183255942,1.00011910175005,1.75732322742109,2.14368988539487,2.10289577876612
2.0522974,1.12507940684248,1.56758017577722,2.13975947008679,2.13233106173612
2.102561488,0.842740328206819,1.56662434190758,2.09314955585468,2.03373646902629
1.970741588,0.999671801178987,1.60473156744553,2.10701839179699,2.1187533980403
2.157054901,1.08401948416276,1.84481177091475,2.07290712882579,2.0153929185979
2.030460905,1.04413558510263,1.72473082173279,2.07502362724103,2.11636176299554
2.1998053,0.774326533283877,1.9802955193623,1.94844567389017,1.79257936230647
1.811279769,0.632104353091223,1.34371630928977,1.96770011793103,1.08741868047321
-0.375266742,-0.51702020047534,-4.15046253601227,2.06542944488414,1.99064552520575
2.109161449,-0.140860184349563,-1.16266603082259,1.65237333267112,1.05513607836258
2.210092126,0.822195756338363,-0.379174500819829,0.944813407673444,1.79628447497335
2.197736731,0.565185563969318,1.67388989534732,1.0990269116925,0.865265487723963
-0.864912732,-0.702677368063288,-0.854099443276495,2.13787809630117,2.15929317421919
2.167300815,0.975990875271413,1.83864518228277,1.53657972341026,0.750951819721049
1.999409264,1.01118794161124,1.67468992278881,1.80439562646467,1.58789254529519
1.266488934,0.288023898108181,0.771805115246892,1.70412809859916,2.04304082129836
2.115814144,0.643337924463321,1.70948408136431,1.91633436053969,1.75554942344022
2.168515213,0.385796691295514,-2.26654193144252,1.64459808412509,1.99007472631742
2.174475013,0.866463758689287,2.05812497224464,1.4719754313888,1.49766907917038
0.795512064,0.177175031644449,0.259535893060167,1.79561837682245,1.66886451106868
1.003047853,0.503218603568025,0.768951070905234,1.81004706994522,1.55171140102074
2.097702293,1.00606106637839,1.60828011672145,1.72181691306937,1.5638952770758
2.117675113,1.25209416744526,1.69822355083369,1.83203832902894,2.04983019852639
2.205258102,1.03751515026218,1.78115674232927,1.86881132293786,2.01736019030548
1.982206132,1.10808359412487,1.72072883297762,2.01241865184551,1.96000858364313
1.757315955,0.979788749993127,1.49578091987908,1.98609274678775,1.80100503976939
1.559573464,0.889505663887606,1.28491135967768,1.90537992656651,1.77532470631396
1.730913277,0.568480962588291,1.04912821034868,1.86584621580735,1.74272686520094
1.874428464,0.886054963833882,1.49082535676598,1.81723750983146,1.84592480854828
2.005512783,0.987450510676718,1.97895217142195,1.78643965953254,1.84654006879911
1.883146056,0.687134491115707,1.39916566704774,1.68956880031905,1.79963647093697
1.749915645,0.842957876086752,1.54211155479877,1.66681362349594,1.38118652904999
0.79993844,0.402647770660055,0.30463796646587,1.21751652400502,1.5008526808541
1.52062919,0.60225852414082,1.47717478452496,1.19850693536224,0.26286051816046
-0.758921957,-0.286341718737961,-0.877835471840664,1.31653874165337,1.46796622762856
1.545073199,0.547978550135129,1.06224380538059,0.929105927352959,0.412120878189033
1.290260294,0.711265495278902,1.09674305633851,1.0528242943111,1.1499897802719
1.039351483,0.41373226449673,0.706427658062692,1.05982170920114,1.20129321482325
1.099399656,0.436940237888911,0.689277782813408,0.982121690472358,1.15151205801946
1.390221287,0.551410540152567,1.07352686684171,1.09717021925048,0.6988265758089
0.00137822,0.374716245721499,-0.130958378926658,1.33191885860092,1.67525512869117
2.117568991,0.667634466408087,1.80365037074089,0.972210949565683,0.782456675036316
1.509828794,0.337412382383356,0.875333670110726,1.06398989103706,1.17673485260679
0.399531711,0.0721749811321191,-0.318426330862065,0.931086791615014,1.39073718390585
1.335649691,0.359413807574704,1.16532481915289,1.17763237887321,0.580806040725344
0.559778461,0.437812518993238,0.523667132964141,0.821060881185478,0.985861944037466
0.841266287,0.327072132559211,0.612004533267384,0.908560983131961,0.446764821710038
-0.055641619,0.0171991414651409,-0.39364910365614,1.26768262184688,1.34661445092807
1.922789109,0.192453179579845,0.755355416250498,0.916146493397875,0.854041786404426
1.842978983,0.855782916586584,1.61282936820885,0.799153988806508,1.04510224860317
0.786311812,0.458354886546487,0.418084087572851,1.06591905051667,0.160784930081216
-2.072350861,-1.09139735359563,-2.03923825058015,1.63239291585486,1.36972522902345
1.841480471,-0.000432031278494831,0.722748919958913,0.623646610992739,-0.0314208346389563
1.957948464,0.479510907279452,2.15155214763073,0.631203723610013,0.305755121389994
-1.106119316,0.0261199097233355,-0.727829465372423,1.17430236584422,1.69613203441859
1.637100592,0.368882828789256,1.42276129538542,0.905859050727271,0.12999999954029
1.122703538,-0.0561207909351991,1.09420368591007,0.660277365677246,0.535206109675065
-0.206219079,0.0369395440341258,-0.211586454260807,0.130831187144341,0.418816517803423
-0.305684737,-0.339119806662454,-0.398528349150849,0.887985494680525,-0.170786584258823
-0.72713592,0.127018096760824,-0.550126967237171,0.677593726923526,0.802588387686711
1.995629994,0.0506138293234129,1.57125424836391,0.996988846168858,0.235444683704459
1.002581982,0.370257215377985,2.50765665264344,1.26437842171714,1.71847320147622
1.825709965,0.375937556293517,1.34400473281138,1.67914747039317,1.50377153054136
1.920020716,0.111005597138764,0.980336235178153,1.55151563502841,1.80337069460852
2.203562877,0.605722055766472,1.83118367767082,1.5210987681408,1.00396371071701
-0.236823138,0.207214246055219,-0.251062285598314,1.98282607056468,2.1444156431862
2.195097194,0.979017696780625,1.89285899550607,1.628181649113,0.948685888972245
1.881179549,0.750693297697956,1.33577858323894,1.14510590131218,1.52988839286734
1.451395939,0.377597836035939,1.10021554667634,0.98804389093813,0.747192091068374
-0.752032249,0.0950796065578842,-0.505500674483404,1.69525657355587,1.59827594624036
1.718169044,0.83512054296953,1.9365102691866,1.30821726701729,0.528109235815603
1.352022048,0.341675412310088,1.09049349536071,1.45808687630501,1.76255143134939
2.158689882,0.235309676961256,1.49728510042034,1.19374076102278,1.65087360077652
2.057693705,0.666004313784288,1.71129844144405,1.69909659622551,1.66513058807045
1.179826837,0.0490521308631591,0.611051492789602,1.54828368593331,1.9897925659551
2.208017135,0.570068593044093,2.05967633928005,1.37239271036707,0.814635340875349
0.082860992,-0.273694197725801,-0.156346131582052,1.77709417049916,1.86235967583722
1.596524984,0.450881209330079,1.01884417846958,1.51991626839487,1.17123986407573
2.026865739,0.655415822635873,1.69092403213531,1.32436011170239,1.50114804573128
1.905731499,0.582710969503541,1.58531460475607,1.05162504617754,0.861193407179884
-0.428432466,-0.0377809134016718,-0.329112016218486,1.72226324821588,1.46071790615324
0.874774106,0.672247514178857,2.20562720634824,1.46629575541874,0.853420696542785
1.904030894,0.342394079153567,1.3568479646939,0.867784155108408,0.919961006175129
1.207974009,0.225822251477331,1.01585404227381,0.92360414406898,1.13490131632945
0.442651413,0.458545727901556,0.915865869275018,1.22665826172769,1.19418905912127
1.164587342,0.382566157627013,0.923353333953924,1.23223927409751,0.659668440039028
0.626407807,0.317290351883652,0.413184098634251,1.24404617033171,1.2639363060793
1.429307314,0.391571995723635,0.962861738722723,1.14183570448136,1.13893694673149
1.640359731,0.68570005497723,1.37740678750648,1.30024690155824,1.29227471310688
1.223144731,0.597826598547936,1.03636869610115,1.39382917938889,1.54930402567221
1.539513098,0.766760786205532,1.10307608321247,1.48009735206533,1.29881449827975
1.245686356,0.74752285334996,0.955400523598221,1.58328407479426,1.61772623241726
1.732480622,0.796987252485088,1.32689139537537,1.49847056628825,1.51622922660026
1.761063271,0.959453820934256,1.73928333559922,1.62178530937478,1.67131512965305
1.677788546,0.577481255936692,0.9836056721441,1.57493411797645,1.71092426627535
1.768558742,0.880423323234582,1.48051637133916,1.44553882438034,1.41672494414476
1.446797973,0.393646721797025,1.19088189372937,1.20102099510547,0.596185052967918
-0.93566434,-0.195320197650856,-0.801851742334863,1.58966053578911,1.51779528319675
1.597930863,0.413117138072197,1.15035270977946,0.826252665196146,0.327955449276911
1.384821796,0.483384269078256,0.889045450047467,0.378606874624617,0.804099726050374
0.453058404,0.0517555170284788,0.339700592287879,0.600595838159087,0.518742281432646
-0.710547367,0.195627185605373,-0.391976450824942,1.4704248116314,1.20647385668646
1.796133168,0.564794778817713,1.31763300234584,1.40564785264292,0.729017193809458
2.062400348,0.580395291998377,1.44546066552971,0.942087247773962,1.45959397897584
2.080696709,0.679792895499696,1.67869229468339,0.801882820381408,-0.0112448411893467
-2.091524594,-0.378261775075434,-1.15642934944796,1.08405861693869,0.315687000790053
-2.00147269,-0.990979912055865,-2.07515145186658,0.383621657719128,0.160691967268193
2.02373174,0.987261548181965,2.02928219219622,0.649048644528663,-0.728954760711066
0.168685159,-0.603360989860086,-0.714295630813801,0.00145648224167461,1.78399518598714
2.217549984,1.13102619303798,2.37318404144766,1.24740895646933,1.0159505492497
2.111205905,0.960827525521218,1.98237320494619,1.76846636316058,0.567028299734302
-1.32509392,-0.61165907085551,-1.46617322849108,1.56687645266094,2.1159993680061
2.194146917,0.656147073654012,1.96345003659183,1.85059062280941,0.530901267494169
1.930857624,0.440120253710338,1.50993276532889,1.79431312508817,1.65127604175917
1.495990788,0.587552662731441,1.88975672524245,1.5947700363777,1.91123735505529
1.952829054,0.40176630073513,1.38149900500368,1.76175595019001,1.64407270282251
1.910407764,0.457866772955852,1.61537511854682,1.50058913531741,1.30454975160668
0.72376148,-0.0134226834105027,0.555027765349469,1.54721454625637,1.2885977478053
0.520972828,0.55635293747015,0.457148820118105,1.4282700618937,1.20511752762157
1.662102558,0.207179891315753,0.751332585697739,1.06791535822495,0.60909666989507
0.444026606,0.114778949004263,-0.0580605038017652,0.935684172409318,1.62580679557299
2.145279262,0.407436822221125,1.43648160612195,0.577308267595336,0.0624365183683117
-0.738795874,0.203765946334034,-0.413341413007421,1.1465345004801,1.45943167068581
1.156873015,0.337162705554633,0.866796962581658,0.434794465399418,-0.0980378139523619
0.178570192,-0.186371606624393,0.0406292011204799,0.186130389252126,0.443444297342863
0.149533475,0.213500968165486,0.448840356393485,0.0967450854742173,-0.428746534888307
-1.64543458,-0.433922427279905,-1.49038370327661,0.991338584077787,0.91818155457301
1.622030268,0.513422243134906,1.29819838677604,0.813744181257566,0.269278880392942
2.030751277,0.621292271840823,1.71498592188571,0.929371364478353,1.20531520396405
1.163284004,0.896884428361748,1.80620519611312,1.48243609766776,1.78110143217996
1.63938805,0.447116361569014,1.26323153702584,1.4640586517146,1.52585213099556
1.920172431,1.00037946458999,2.59109325048599,1.56497542545958,1.27614957242612
0.779969514,0.361635840711865,0.491121136754352,1.76692745834821,1.95033715960648
2.022713501,0.904663969677858,1.92591430104868,1.83462046244908,1.50934220663491
2.153394095,0.933886294648421,1.87899866390783,1.51397234489055,1.74657599651087
2.185325855,1.30682315847726,1.85378771455111,1.10566656798263,0.304080838882532
-1.857635326,-0.631299489661057,-1.57582226087106,1.62390654350047,1.34635052467948
0.252319493,0.376662497896475,0.159033015138707,1.37525799668728,0.387885541894555
2.05476664,0.786548443911727,1.44515180473072,1.36284338865737,0.954327977423579
1.87905362,0.907269658001738,1.62262382349877,1.43440179373734,1.82509624270269
1.940513588,0.862427469020788,1.60965489450719,1.69861114267657,1.76398438122192
1.639684121,0.996771543971726,1.71516971683037,1.85608711562303,1.87922972861786
1.868538476,1.20481263793573,1.58163755227395,1.68226085043266,1.64773121655602
1.662182886,0.947224981894885,1.28947836844396,1.68617332081554,1.58483093487445
1.217599971,0.864168573300722,1.05582837031437,1.79290835141502,1.82419995860758
1.936373148,1.12344616004844,1.64143635349766,1.80564550393982,1.68920252698034
2.111675951,1.01560705061501,2.01686708411338,1.75005082763237,1.90361498393125
2.17203511,0.890794208693481,1.83133980135356,1.82758288681983,1.44124697743589
0.586351328,0.331012465991458,0.942750926931845,2.03645585567424,2.12238952273019
2.129253095,0.681732367918843,1.65239929824273,1.89154391992852,1.33770518767718
1.868978344,0.715590494582026,1.43005575646953,1.56888386425555,1.84953458586083
1.978225887,0.760298079502158,1.82779289028725,1.20480424460816,1.2198345298503
0.711678024,0.359580366589712,1.1638457275619,1.65771261208526,0.835441712866792
-0.669908907,-0.100392067829242,-0.0898763772689228,1.56101242910948,1.37360211804779
2.010052022,0.138436308978682,1.39126506661684,0.581805759561562,0.247193841591161
1.270658536,0.691323258710532,1.7697796581451,0.499928495654028,0.31825208402692
-1.351625765,-0.131482119955316,-0.96851087527309,1.08129412657521,1.13749644614229
0.809076191,0.379820382831791,0.488930570866068,1.36655935282782,0.394196107858074
1.66461054,0.284550217521174,1.19119943532846,1.15165318940952,1.35124890502278
2.198201005,0.465651926677351,1.12818942081855,1.23705957029563,1.71106971216546
1.900475078,0.824793293166664,2.00834572631704,1.62423683441461,2.07945441837674
2.21393637,1.15960089527519,2.11051873248916,1.74723930788821,1.57802260728069
1.141480745,0.40672451026821,0.707121707690575,1.91547290707085,1.94053696534967
1.703687633,0.90125883616356,1.45495934892865,1.77597933271948,1.51948043702257
1.729199629,0.958147174543972,1.53179727146772,1.65309067429206,1.7317500287178
1.889460842,0.959443333200214,1.68285874112847,1.60310073754398,1.57415406654018
1.361511342,0.910960273235884,1.23082676397769,1.75096009394822,1.84802301648647
1.880978089,1.20985180631573,1.65452980427802,1.67730524080455,1.49748786203175
1.54469715,0.525314859025277,1.18944327073896,1.45109324199622,1.72471519360191
1.82393686,0.622666418900748,1.29192126623741,1.50269095562362,1.07488020700554
0.337555321,0.464127539040262,0.374151480438794,1.75650201215908,1.81992256686148
1.879903948,0.71132477749852,1.51125760646488,1.44550480865191,1.12357989219187
1.66055527,0.352110729772726,0.929589128143914,1.53214716100614,1.7758543905085
1.889698397,0.382636479456607,1.36378638467149,1.42462595053009,1.71270949406709
1.830119449,0.942890043499985,1.62512229339173,1.84723370785095,1.6151769215095
1.280756167,0.420417904537217,1.15219263919051,1.6223106820317,1.87009760897886
2.108177471,0.980203950923745,1.96814822586637,1.60245286429424,1.06272172517099
0.54077005,0.35494842732102,0.352407756943073,1.84851049286271,2.00507650949536
2.040608813,1.07382537618931,1.88754340817312,1.62017393157443,1.30942870198847
1.873342618,1.08394243834358,1.81598108036465,1.76796010883894,1.81564156857101
1.80553538,0.920407617075668,1.4650517440699,1.63145395513751,1.76213945852946
1.734689309,0.975942941666579,1.50374861470063,1.62839033602306,1.50790915974464
1.367943024,0.706518962700249,1.0177539406143,1.39326509101434,0.999828221062392
0.014828528,0.366455682713456,0.211525713849683,1.64240485636561,1.51391875888199
1.577267498,0.638742878445503,1.62513505113552,1.29180491396811,0.987696080915934
1.961891681,0.639999820712348,2.11748326285863,1.17252405463677,0.959193522352232
0.260905421,0.427360872803582,0.644454898271542,1.59892047399658,2.01064276757301
2.145045239,0.723221820216547,2.00521809532872,1.88422111637126,1.33163817033625
2.179907541,0.611260909165912,1.84614153764387,1.90267281055804,1.97469260761841
2.120588518,0.910885565918714,1.73552885128554,1.78292087362857,1.89586093760236
1.675679839,0.904022100565991,1.31661598086195,1.72987222173127,1.82656066947132
1.687765791,1.04392680013834,1.40319832857838,1.76758064526869,1.18883476096472
0.421267794,0.442487691212834,0.356497975336072,1.68904701180755,1.77108166319534
1.95815024,1.25063403783502,1.74351553384229,1.38192144380431,0.911537974503485
1.232502151,1.02157452665305,1.37638713889497,1.27723448295726,1.42185310088978
1.140703922,0.739052186428391,1.05752241215525,1.15314628593746,1.04825638462373
0.56630664,0.167926876246164,0.308493195186726,1.5265371353235,1.59722932122092
2.08930408,1.08890338061215,1.68159797785093,1.46136363347202,1.16920538668999
1.6499759,0.99002433508958,1.44112112636504,1.48540892940264,1.8696404105828
1.996288451,1.29481789325686,1.83985878966979,1.64284647543681,1.40173594570945
0.960778327,0.47894896096964,0.71610594020577,1.9323036791301,1.98529982765353
2.030288556,1.48151529307589,1.87849962546051,1.76392226808963,1.53894495261595
1.991376079,1.35634635920538,1.86771765021007,1.87570294023809,1.86662419342117
1.86733257,1.26407276879601,1.65322350636628,1.79674742421983,1.83421169834956
1.846334845,1.12830997854662,1.11543423880669,1.45143027578909,1.35037516082127
0.819182049,0.37910153672538,0.592759748892281,1.65298443713568,1.3286603322063
0.601658755,-0.0418995508784537,-0.260298265046664,1.65180311416578,1.46726141904393
2.035039354,-0.314424871218742,-0.285044125002374,1.30764627787813,1.09753852715563
1.456039905,-0.196174616513624,-5.10650456999238,1.4816154315458,1.91429372107834
1.985056149,0.14385628915028,-1.97502204069042,1.61768526954978,1.79882196232892
2.109183615,-0.17460800864593,-3.05217680518448,1.89195202786605,1.93348069296211
1.963575698,0.763108534666869,1.63735763064455,1.83853379852764,1.98611437413041
1.928858079,0.873610450445941,1.78525555574552,1.76457388971714,1.83292075609357
1.694735603,0.752567808553909,1.5191436597764,1.74385110103153,1.78241424093198
1.638067137,1.10786988315067,1.40638605406855,1.75174221682831,1.6515366564428
1.502423595,1.11945096819188,1.31445617296928,1.82550108293356,1.80916945019198
1.943758464,1.37084180056724,1.84716926995032,1.78668199196569,1.80964138311936
2.084847803,1.11662600860997,1.63410184588947,1.8349019587426,2.01489903706996
2.188706693,1.44433280630929,2.23783410930852,1.80088705170043,1.98872612588627
2.018745613,1.14382128669762,1.81501346768155,1.94203771175087,1.77501938633413
1.243675373,0.811371532538174,1.11321869348426,2.05405504524461,2.10192939328611
2.200936679,1.25393304636365,2.10864969000446,1.95585347486477,1.65432394811938
1.925476889,1.15557154181117,1.65801100057171,1.86119857729015,2.06614174488628
2.135768995,1.3009596058251,1.76141821003365,1.84184808077761,1.77923134922566
1.547345616,1.10900133999726,1.45021510351346,2.02935310221569,2.0377570825734
2.022456694,1.01908702301918,1.63663111914616,1.72721310703458,1.64507271761633
1.96451839,1.17398602145811,1.70421710355662,1.80281143105826,0.945082989353088
-0.429918143,0.250981077531106,-0.102598179582251,1.37177143033586,1.95511264570077
2.217483833,1.14856836418156,2.01013254095264,1.51337091834641,0.167728692918349
0.162267242,0.509603633912612,0.54777796976573,1.23499095101158,1.83216529658574
1.781186854,0.78121580036376,1.51831842436376,1.40396581527713,1.12977622977187
1.901864156,0.868114271991693,1.6067987854587,1.73037074029929,1.53512790105197
1.40471614,0.63311093149774,0.924995669498565,1.37118756353805,1.92434580176834
2.131817614,1.33779835324986,2.00957340223749,1.6488858362814,1.347849614282
1.136628594,0.666283223421224,1.08893456077616,1.81945378869928,1.87484125605304
1.680543168,0.997182267216218,1.35974308075496,1.4891843713642,1.59679007611463
2.158438315,0.996678745994548,1.84434260467936,1.72809070290267,1.10189843941697
0.316497419,0.187106639728354,0.2895277579047,1.66992054103327,2.09132911553606
2.141624293,1.20791778997557,1.8434862085614,1.76162077063461,1.23923833927406
1.950576977,1.25391178175969,2.0195732876437,1.71907226857069,1.75341988138118
1.69337895,1.04248206637213,1.73941109298558,1.77197616560466,1.50551503334806
0.896867286,0.512278582079614,0.803405269391006,1.85036293476979,1.88080259983593
2.097717764,1.2327389254383,2.01147016556898,1.75941976306315,1.33591606570637
1.579497513,0.969481134130592,1.55176157222681,1.7275512327896,1.99260127234654
2.036597761,0.970992493447088,1.65337845383322,1.77354968573993,1.87519484698248
2.182388923,1.19695466969441,1.91456752968475,1.87099620615557,1.86247328235611
1.851836603,1.15062115097597,1.74458045141674,1.68595785790976,1.65843890016345
1.189188739,0.675135687531788,0.888355736757,1.59651938221405,1.46384992954964
0.919186463,0.605711393733932,0.812566097592635,1.62834937165762,1.47956855767447
1.634324341,1.09356612453294,1.45020111570258,1.58583079564001,1.40300830939088
1.85600837,1.17554844437427,1.72682883311259,1.51926473239163,1.6103774998755
1.696199042,1.06785414304007,1.50096077987672,1.56404476759173,1.71570632581655
1.698925103,0.877357009431605,1.39459471319552,1.51162732191646,1.45448486847521
1.399216259,0.947421345012749,1.35864983759036,1.45298726815732,0.873000242565944
-0.1357948,0.0865275912940519,-0.0809076068592753,1.4639963969282,1.25730660582073
0.908813271,0.38374948021565,0.632449717202249,1.27931151361351,1.042685503411
2.055071432,1.09423688975761,1.89817197816044,1.4833188776075,1.18497507780296
1.480247706,0.964719429620432,1.33207152500669,1.49487717478315,2.01308077966662
2.180284246,1.23099565941531,1.9057768140409,1.76461408526739,1.79532921472964
2.162778905,1.32953880679101,2.1750668164736,1.76140069581466,1.75643432883435
1.480019374,0.748153810115464,1.19484274018026,1.78975489673447,1.64514639978955
0.983709678,0.845481340649316,0.95001732687047,1.83157263675722,1.80052567010312
2.09176234,1.31744767342445,1.89927470712168,1.65119708336229,1.34434314418046
1.583228917,1.06515269651284,1.35883676829564,1.63173835102527,1.86855920640249
1.836916261,1.03933000726316,1.50588785643405,1.56702074748773,1.60731585401117
1.618600168,1.1662792462067,1.3587272398209,1.75327321067425,1.57769661138196
1.264961405,0.907413743581647,0.971935016376404,1.51626004839524,1.73455630763493
1.941902013,1.41889103665805,1.87493737208321,1.55149511140911,1.23312998831818
1.050503562,0.846927402770642,0.886947302537337,1.60278664059192,1.76147554589022
1.645699646,1.17751639351936,1.47753762135574,1.58354113891013,1.50228511757599
1.923198153,1.4504592295638,1.88909065158513,1.57997059796933,1.45247647363747
1.352084812,0.973168989136058,1.20905053401251,1.41363507060681,1.53981964854136
1.153268554,0.868379253797919,0.951029659206118,1.53107999233177,1.47666685601648
1.52932523,1.20994601185021,1.60637837090749,1.50994651574127,1.34240758103925
1.49331168,1.03238777480508,1.35798403957706,1.36442092492713,1.4754988683688
1.482870009,1.17076610471347,1.47196839319368,1.49705978975865,1.4502165653111
1.332646362,0.9973362581185,1.11895183332757,1.62674380827879,1.66385628731253
1.858470624,1.39000973475381,1.70440580257002,1.51764573845783,1.55750868515989
1.832820855,1.21722441023008,1.63627540202069,1.50032351553784,1.56398228348111
1.32095404,0.945190807438622,1.11152076663742,1.58026729362551,1.65301576020865
1.393767407,1.05451363591647,1.21344827593917,1.73276269199591,1.68478709888899
1.947934911,1.00275034707112,1.45193066039138,1.63167424628724,1.75430361935882
2.228797787,1.35464521397861,1.94541450179708,1.51265243930617,1.66547076419041
1.506541906,1.18005830222922,1.48097895635845,1.52101980964164,1.70533934660922
1.237832443,0.812276918039411,0.99403299336962,1.36559806397782,1.41765964114831
1.250979982,0.87830772243334,1.09521768971176,1.32656987117198,1.1975038363084
1.010244189,0.860072556959791,0.918629417831981,1.37099238802477,1.43936104174313
1.650673702,1.23035291628693,1.68613648559258,1.31155663720902,1.25153353876786
1.468899614,0.984591232843158,1.25692588095178,1.27919882638965,1.47106414612816
1.460403133,0.954655494466424,1.29018190900543,1.39153216969367,1.21014876764508
0.743149238,0.555512043394373,0.55287714311219,1.6557302502231,1.75209120584873
2.051286496,1.49986349834165,2.07408690779423,1.68336064544363,1.41504176053232
1.978903104,1.48302947419216,1.94111231838609,1.69683671831807,1.92479656912625
2.090951089,1.3086954426467,1.92273555355363,1.61069549002032,1.65105147575061
1.359553788,0.961738634930335,1.19947967762062,1.74505945425326,1.6483474703006
1.138793906,0.7483418414951,0.97940427212347,1.52940085960169,1.58947918085751
1.848146117,1.19681756621409,1.59468216233014,1.44572794819044,1.06595858219219
0.856361062,0.701082560560815,0.693994506456532,1.46805237649918,1.59479909486396
1.375190796,0.978210199274893,1.22103446366953,1.25595691811463,1.4004281108005
2.087783086,1.41048245485678,1.90105490943417,1.22946418346216,0.778758157049638
0.113761405,0.102964285049839,0.023184546344625,1.20925370004273,1.46465400399561
0.904686797,0.634270823910179,0.753917421983357,1.25330005574897,0.823184154568106
1.181934273,0.705770722530141,1.00247090425595,1.14675719562846,1.24481465572688
1.639673531,0.92561045256338,1.56627399427814,1.29674978601618,1.45803647173378
1.740638312,1.18215083895797,1.55985302777906,1.48850415581746,1.8072133304823
2.16282967,1.17175830937538,1.89313464678489,1.51325632060843,1.56668420962787
1.40462477,0.939202809852912,1.30583262498735,1.5802330423155,1.79930681493756
1.538288517,0.933117074909038,1.34940846120471,1.58059013781007,1.40570145080845
1.216016473,1.01922440903942,1.12227698196145,1.573956988765,1.66525881372068
1.866293172,1.26009349251874,1.64979066551375,1.36613421570951,1.3330542435671
1.412202791,0.939776962808431,1.18131240756148,1.48432389737547,1.56157498463839
1.239969047,0.710877092966032,1.14400508798238,1.54248744852255,1.71099547149122
2.006750842,1.33477463478691,1.80224338377205,1.72368780693837,1.46872650985311
1.604290991,1.12688642670172,1.39898667017297,1.65283705369854,1.94779530846085
2.075959475,1.18382701023938,1.74804074863017,1.65494537707403,1.6042200851271
1.556158554,1.12612078337349,1.33047050388201,1.75875294475692,1.79768584578718
1.581069748,1.22152537097722,1.51934326332808,1.61163778724416,1.61122401063702
1.691237226,1.04899193471989,1.41653883860378,1.52503289680135,1.32848040124689
1.183993506,0.908190018286139,1.10901495762687,1.51496976140225,1.04786344703958
0.132562905,0.0362987745199184,-0.126793766628416,1.69492974598379,1.65383816834042
2.035394307,1.14760281342055,1.78435464162247,1.60396806819853,1.21670291207039
2.152132955,1.06678106787345,1.89913737896946,1.66430531011707,1.89677398236537
2.030792419,1.34310140115456,1.92903700614836,1.82782668444112,2.02145199117102
1.965560803,1.00490694533977,1.50118767453158,1.87067203288046,1.94200869812419
1.95837495,1.00610709384468,1.71665329874119,1.71430444285832,1.58455174164666
1.358715326,0.743164585204533,1.22379710892197,1.694434115263,1.10525132042387
-0.086680885,0.171495803950715,0.171929389684546,1.80027684887396,1.80105990571538
2.220078397,1.33761741993844,1.82321346569153,1.57772990377455,0.958425081011832
1.787684679,1.14540193269146,1.61773416776587,1.58719857124308,1.80024150277371
1.651952568,0.888447507577233,1.39949480409143,1.47770845092906,1.86201615352561
2.111551715,1.08206323969035,1.70136366871253,1.76975196463005,1.24874477332929
0.591722395,0.491946683662247,0.491375794901908,1.86458401056649,2.08822980114466
2.193268437,1.54304931022771,2.08043800362976,1.74789513345332,1.29178424701037
1.752886636,1.2034078456059,1.53388171921102,1.80067241731147,1.93846878444516
1.943632097,1.12290905013629,1.63841867969756,1.62727938704466,1.69084438102026
1.649720777,1.04764203862542,1.40591405498417,1.75433621470511,1.59888616599319
1.168231983,1.10910777140316,1.26397780762266,1.7449282322469,1.79333940362401
1.949921919,1.34026893961886,1.55797253962433,1.70261968612567,1.41989164263194
1.547019646,1.08990840905769,1.33204235561396,1.7242851277592,1.84973070775
1.880099959,0.933177564273912,1.36793896010195,1.59938262769096,1.65240812319852
1.869026172,1.19406869742479,1.54039766733211,1.80278817829946,1.33350802563359
0.610842496,0.587104076558483,0.409189203710451,1.81157347663813,1.96899583695162
2.114236896,1.30594983576686,1.89004433008622,1.79460130724455,1.32158472850586
1.81938309,1.06843840234644,1.60960561083457,1.83085945517914,1.95117965505414
2.006217539,1.17633645055857,1.79489658889077,1.84016495338171,1.85059381018065
1.853706424,1.22517898302365,1.708385002472,1.92481225061736,1.96188601789937
2.009960937,1.30133736354857,1.89142227377746,1.77458361168936,1.71937607586113
1.699251545,0.989990993733557,1.48322491948433,1.70175694276562,1.40035098953106
0.760197926,0.49217439665346,0.508100541241542,1.57451420204439,1.42187881303902
0.959965467,0.737182281033692,0.911226590338917,1.61765964576728,1.40410256849039
1.887853962,1.13082663522972,1.45397809567271,1.44300482768444,1.46275079956992
1.99827702,1.15140613908964,1.75804822427539,1.66634413119352,1.78968758293059
1.801687475,1.01319001293024,1.21544566255558,1.72800125913211,1.98190141154607
1.998092664,1.38164267025426,1.89212406728221,1.99990463309135,1.92867487956056
2.096074522,0.866703996428174,1.86059402391714,1.83605735476192,1.81994126997379
1.962227495,0.829718889146016,1.75725353024657,1.85319396089943,1.03737910939909
-0.35849754,0.653586015491627,0.969464452282297,2.0258434819828,1.99596490229025
2.012911882,0.901437778489887,1.85285182452118,1.89848686050771,1.00078820850016
2.06899027,0.799910978693794,1.83682847750269,1.66682329560531,1.69110628858292
1.973018965,0.895085371517091,1.85169807765755,1.31351244715094,0.992033335217627
0.059069032,-0.0349410191562836,-0.0712012723262368,1.3474421865106,0.719237438025064
-1.006251813,-0.582673737579182,-0.942227011538479,1.39259177565223,1.22233783080577
2.147103763,1.08503639740216,1.7743939527443,1.49761169784,0.50710951668941
1.803801529,1.29132175554707,1.78933202671547,1.62449908657301,1.7999939630277
1.867440592,1.33745284051642,1.68721323173821,1.8633182596878,1.92154096063833
2.077044176,1.443620608837,1.80183392902647,1.90163923127915,1.8901456228251
1.941599684,1.34578890426918,1.69251164736556,1.92872894226783,1.93623605580146
1.779548153,1.21637055159626,1.49053634663379,2.01592647491513,2.03154863048836
2.109038085,1.22632646454037,1.81860953462537,1.99518006306457,1.94720228033186
2.09959967,1.32133130556176,1.84883278143716,1.96734203958632,2.04374352355626
2.050110276,1.30207346267842,1.79696824301633,1.96710144480066,1.98466868854221
1.889863326,1.18294535368884,1.75478443444818,1.94737349152133,1.92410516618536
1.815514358,1.1460386881769,1.74738031334809,1.90487724920109,1.78498967455039
1.583450477,1.16024229532539,1.45443559435954,1.96167188661579,1.94585000970869
2.070936874,1.23636121324696,1.82017786443867,1.83153316042306,1.81349066504319
2.067988551,1.16885676057715,1.81900495011164,1.74103734251898,1.83074700254835
1.703737706,1.21134558976182,1.54999453719623,1.82779915404331,1.72908938413093
1.276334123,0.554276183790133,0.855391302094992,1.97749480046084,1.92862894046809
2.115285413,1.09323120555709,1.89417106985058,1.88734521136929,1.68204982846514
2.025516697,1.28375965419178,2.02192634778942,1.87202054462022,1.98026662386495
1.926624851,0.675541981686176,1.29399055368993,1.89552249070131,2.08631268614387
2.157867708,0.813861081474354,1.75267915833405,2.07081172449262,2.02607937644424
2.105184232,0.936858028896634,1.68456844740937,2.10041816907941,2.13556657035677
2.134833837,0.978225542428793,1.65609663566759,2.11449943231965,2.15802300810781
2.217941776,1.27332623086896,2.03365259141542,2.11817673839234,2.14040493281424
2.191669981,1.31701319362721,1.99260733629475,2.09360356384957,2.05909859127078
1.890909638,0.867744508380587,1.40412273671066,2.10240138801381,2.11677703471404
2.055607382,1.06054988655923,1.69215597373072,1.96225748056455,1.94346472845496
2.014347168,1.20314595855445,1.830597642342,1.89868471190581,1.8136057733548
1.614171503,0.89237494783892,1.26356096656337,1.79618092545496,1.7338352984551
1.495130522,0.551356145743878,0.726464430540503,1.64408985420683,1.43402443772357
1.099892473,0.622394217444584,0.849627529825749,1.73041364821284,1.62270646452195
1.68064605,0.883989902893928,1.47818217388298,1.63730913082448,1.56445029179143
1.975497432,0.999916803341683,0.0636740042088747,1.682656752841,1.7566969348976
1.882423918,1.12491342389231,1.57633111463088,1.7800063804399,1.99421839502799
2.096929314,1.07354526718982,1.77320763294041,1.86781873344759,1.89869977921774
1.909278413,1.21673772049038,1.6855753742229,1.93954573343844,1.98755730081526
1.924449749,1.14623076052662,1.57254335181136,1.87290405578104,1.87875075185275
1.848148593,1.05880708503585,1.47937860191309,1.87039241350066,1.80890754578437
1.695604643,1.01134681699805,1.44340546547687,1.77095401337354,1.766107811779
1.788916723,0.995987403846292,1.3970856406907,1.74438612536135,1.36634398396621
0.827560886,0.443696719329526,0.529313849920658,1.89537736269635,1.91966258100857
2.036351501,0.827881187057341,1.6090755225809,1.80642698080587,1.58438797502596
2.210736147,0.968107500439713,1.84305477503135,1.87381029128918,2.00255529224989
2.167502531,1.1961376483385,1.8685784253605,1.89943069389349,2.0346650509502
1.935714894,1.08764720533911,1.75068107089491,1.95336615778228,1.96117534402759
1.864716234,0.906186426632269,1.53459702429577,1.75957918817068,1.55470201462164
1.419912954,0.713212571493553,1.22658222801723,1.6241620653768,0.714259435849074
-0.919786401,-0.350835648043102,-0.645640448986304,1.88895260083946,1.84410797254888
2.197638714,0.690079643464878,1.64403437024506,1.65646377226054,0.824562040190685
2.222760912,1.10260344249421,2.12782681065449,1.86534621876075,1.95358633609111
2.128275973,1.03965169845092,1.72608705008775,1.90038641741831,2.12474002212147
2.160879836,1.02861585687517,1.65938608724884,2.03759553517514,1.91876821483346
1.79273816,0.915012099595147,1.19638023666355,1.99956113242315,1.68211657876861
1.064806411,0.668342593544524,0.776982055826053,1.68150654867551,1.93212733814215
2.161432416,1.113712051049,1.92578066289114,1.90552103364465,1.18948364560071
1.021953095,0.854444570607353,1.1335068960892,1.80658907326733,2.1011200226184
2.200348942,1.29521580974814,1.91787424532382,1.88412024424029,1.64314763135945
2.162311455,1.33070815659811,1.83736622780125,1.9491040118129,1.94796281468522
1.846906332,1.14006063880821,1.50198711932911,1.78130884971242,2.00631254102617
2.04765905,0.941125858637241,1.6284536687762,1.81947034261648,1.36989708654812
0.817974902,0.306647899337566,0.249911980468376,1.7253942973435,1.52166961328804
0.958403857,0.192303548451322,1.02227133815724,1.6636626249857,1.18117465920656
1.232973892,0.878208102611835,1.63950832606369,1.70427308854162,1.53380521517662
2.181960002,0.700247116307946,2.27307450295699,1.16432960001247,1.42405677274894
1.771392912,0.918019000341344,1.93525311760458,1.57254838962923,1.51618329815068
0.818099041,0.129524157390762,0.793341112031832,1.95067960829116,1.91698905864713
2.068636574,1.23774393822322,2.0001551970726,1.37894062568855,1.36648535363236
2.214670504,0.445943311227567,1.42287708150059,1.29908156311735,0.56316876528275
-1.272064574,-0.393677441007197,-0.879696270064414,1.93278207991203,2.0983492258648
2.015498749,0.547158470772269,1.55372736126294,1.69771901689497,0.673383301521812
2.221091261,0.305698385230843,1.72850902069572,1.54036594150236,1.51683805873664
1.503639277,0.514585522509855,1.38270695266151,1.22095804171074,1.58352472993095
0.981134097,0.392496569094377,1.21774877800866,1.77155232087354,1.48189544140999
1.294684854,0.330436442670024,0.774409597371933,1.69029051749083,1.42348037738839
1.759155342,0.617335423653664,2.17727912712758,1.51088345034881,1.55819134569758
1.911689496,0.630079304497019,2.05413489964456,1.16717304872063,1.60820571185035
1.918912412,0.580397314940592,1.91648455622604,1.09277727274627,0.608245832987966
-0.946413606,-0.0938813147612418,-0.797731789850468,1.50654546458948,1.4347797836797
0.806388436,0.121225442426096,0.501619960919813,1.20799719537962,0.6460961169786
1.77219124,0.703029946252284,1.44793160863167,1.49359801169727,1.3155748474919
2.01093825,0.814251437474995,1.45966107127284,1.4122552079273,1.84574853114228
2.145888919,0.794330660041833,1.90712984412529,1.82699365183548,1.87381520584659
1.733078438,0.590016759787051,1.54379753768239,2.04603308608984,2.14344394522429
2.208878164,0.950871215228553,1.60195772668559,1.97932778399209,1.871936382191
2.014620845,0.969491510628245,1.68667557828841,1.81954440022774,1.8754091983658
1.893962068,0.980699277770263,1.76720472351759,1.64576250048928,0.999594038734036
-0.349796829,0.054196343336409,-0.399561537896197,1.9735609304562,1.83182833839832
1.705212267,1.20846262490034,1.96976679049978,1.77436290250341,0.992259577020858
2.023977087,0.804613934481292,1.38805264154989,1.67675798694269,1.63855288655609
1.768242879,0.721767800781704,1.37271861251549,1.81604353679056,2.05618037908341
2.188261308,0.948432968601062,1.65943288169372,1.91446245406032,1.94610215181264
2.146952781,1.15885422049169,1.57101507871765,1.99315770001288,1.9767423880997
1.771800868,1.00295248909704,1.31978229246373,2.03674055685567,2.13375135428677
2.139192003,1.07639295678575,1.50189541280772,2.02503244317335,1.92738754032552
2.003060293,1.08771883412941,1.57744235509195,2.01313966929217,2.14404281862127
2.204705464,1.31069303737363,1.98104865304026,1.95663388860471,2.01648775505649
