630
-0.82100856,-0.287010643831863,-0.911292072122313,-0.376276304545438,0.144947924509619
0.415837126,0.0638966585936148,-0.864803663997874,-0.991055227675214,-1.12888441229912
-1.54034648,-0.923088859000711,-0.26359610928416,-0.0522898864330802,-0.148126953923559
-0.752519597,-0.0745315555751047,-0.392956417975417,-0.5705541840242,-0.310222191074083
0.930552723,0.128160198593781,0.82083388850345,-0.771404500665788,-0.876916518371667
-0.948262495,-0.319402859525208,-0.987414445081928,-0.747241571912249,-0.0565693677170693
-0.764324231,-0.3445834855678,-1.13201603206244,-0.655505484186239,-0.786250677717696
-0.856140761,-0.0854185057880783,-0.718414087477968,-0.743897523874512,-0.84003792901847
-0.904815273,-0.383891665619328,-0.830889792798493,-0.925933361824553,-0.9383062023094
-1.023555939,-0.121744582808455,-0.75473923175742,-1.06799434069951,-0.999895966445705
-1.068443049,-0.36520589990152,-0.949327446408963,-0.793851158936461,-1.15640785713623
-1.506419671,-0.19434395332248,-1.04218935251093,-0.842912502884926,-0.62248030323559
0.017350909,0.0661700692747454,-0.0430572757115352,-1.38688674079848,-1.38935620435209
-1.160923038,-0.0558092980998809,-0.903012609690744,-0.954260952594669,-1.27584566272089
-2.806989337,-0.676243290953998,-0.954900317011156,-0.762750783179515,-0.390292459960392
0.512395619,-0.104926011900631,-0.0630813235532024,-1.04977981020718,-1.93343093797862
-1.425471941,-0.125252996795521,-0.820079243877114,-1.00610188308887,-0.361053787761631
-0.72762871,0.432735650942084,0.185324021442703,-1.03023842173429,-1.12999099411772
-1.063500326,-0.443489032672615,-0.965547738064479,-0.687548606255011,-0.908017126577303
-1.067293571,-0.416644379741743,-0.839440053781082,-0.875648112254524,-0.877787109375102
-0.778713379,-0.464969160591239,-1.14104074466657,-0.877879148636043,-0.763188355919839
-0.395407173,-0.325205284407148,-0.426630493305924,-0.870570191626506,-0.84271148719352
-0.93103175,-0.285625650560248,-0.753055191687885,-0.730823621397119,-0.472703652413958
-0.448923155,-0.274892095698344,-0.549985061012166,-0.719886799518048,-0.77913664476547
-0.646626445,-0.533912932899848,-0.689000374256327,-0.708276969718296,-0.749949165586749
-1.015387875,-0.57125442383009,-1.11100942545065,-0.711314139577798,-0.7339711944011
-0.869469622,-0.292980832629373,-0.590692991108078,-0.744961149281477,-0.820975766335574
-0.544508185,-0.475526777452435,-0.731242625207306,-0.963626857539779,-1.18173427522547
-1.548014797,-0.608150634432835,-0.845813758634198,-1.02922550428809,-0.847575615025991
-1.036873836,-0.635546714688055,-1.03404208543253,-1.13268064433007,-1.43137788277141
-1.46649858,-0.621144785788663,-1.09975059012403,-1.12725426480331,-1.2495679355268
-1.474524643,-0.722872099526156,-1.12686624217304,-1.17481175732239,-1.21728925041416
-1.003709355,-0.648440240163304,-1.04430899964254,-1.34845199818167,-1.30268682278808
-1.079880139,-0.478950070336998,-1.02744074898327,-1.37386927261368,-1.27827228121092
-1.53776503,-0.425532807508186,-1.13901148327296,-1.18061323484415,-1.12773614606759
-1.169943225,-0.537178235024829,-1.56228556090254,-1.21861319795583,-1.34185707838789
-0.558767155,-0.473665250182693,-0.384662272313487,-0.656137077529432,-0.820085126719102
-1.035775178,-0.741737372332411,-0.903348071550997,-0.712674111275239,-0.727528756889361
-0.896154185,-0.600107700949378,-0.635614015663078,-0.767287761498796,-0.897333128872639
-0.843937606,-0.555275745904573,-0.607197173225776,-0.804300627667491,-0.825024238404508
-0.70571608,-0.520202840588429,-0.473542099785945,-0.932858963953273,-0.905258201084558
-0.92610011,-0.545566020834382,-0.75924066849048,-0.833374993235149,-0.930508237757636
-1.213683996,-0.752035037457417,-0.860094067545793,-0.728141765536745,-0.786343189260415
-0.700091226,-0.547345578688747,-0.554340428522171,-0.760740371250833,-0.853949297182164
-0.510298105,-0.399488398800331,-0.348090254169476,-0.830480913995896,-0.745208781233117
-0.714341153,-0.401206985067135,-0.478975292930013,-0.662512255577595,-0.652061526851263
-0.841070465,-0.444207469649238,-0.677102749280233,-0.59807665379452,-0.47806729413515
-0.072173071,-0.131720836687835,-0.0464794616998019,-0.809269790316418,-1.0933166755149
-1.468333843,-1.20159016947392,-1.60535341285686,-0.613357146914589,-0.492347901851975
-0.845271171,-0.492381290204046,-0.745787966482564,-0.764420682535954,-0.911787635404532
-0.506953683,-0.283183163153926,-0.360145861406111,-0.656161438933113,-0.844807349423736
-0.835835334,-0.361043937727181,-0.600699107220283,-0.588744607512673,-0.514650692058755
-0.556984263,-0.343079656161871,-0.420706102838789,-0.632406307050951,-0.359451006166432
0.208699065,-0.0666743437525956,-0.0501478151348907,-0.72945617953084,-0.632437695331406
-0.612065088,-0.404538129868173,-0.550767429469427,-0.722579049556349,-0.461811236302814
-1.052242397,-0.51893370359752,-0.857238025664832,-0.62268551334399,-0.646109768151574
-0.785021037,-0.434788505893342,-0.641161679369794,-0.823960203858922,-0.87857175198396
-0.746859513,-0.453479635140615,-0.531578737056055,-0.861151034157375,-0.912483943074285
-1.043883942,-0.730662795811097,-0.779959412279976,-0.870326784803371,-0.794411494272422
-0.820547713,-0.623923269854745,-0.686624296998109,-0.849031405032717,-0.949145270982964
-0.920826652,-0.585110405747983,-0.71463202939234,-0.80178906010502,-0.806000332612091
-0.788264832,-0.454483883510768,-0.592419053073815,-0.844436696768491,-0.769331650518616
-0.605305127,-0.375369104359489,-0.612856581992862,-0.851948595846038,-0.784241432629701
-0.716663144,-0.570250569244478,-0.627919829286225,-0.780072503274743,-0.827169386715197
-1.129683021,-0.501052635880875,-0.909429443607848,-0.575765581887429,-0.547623944457741
-0.419493364,-0.212938995975706,-0.231080810517225,-0.575834823403338,-0.64713323960454
-0.201748792,-0.121556802886075,-0.000179957330189303,-0.628884391956428,-0.447895747677395
-0.289134517,-0.199146138267637,-0.0704156257788663,-0.651716816324552,-0.569861975766543
-0.88818874,-0.512399873436826,-0.68175646071097,-0.659721821049282,-0.594328968132863
-0.893175688,-0.5538543959973,-0.679927014244496,-0.760827695951615,-0.886634863646602
-0.9969664,-0.663640039794702,-0.81031477065489,-0.783896650351045,-0.867479136782814
-0.899900642,-0.59634873716817,-0.667493586887857,-0.824751091608101,-0.793785286937703
-0.592684422,-0.395874338563267,-0.423587693366406,-0.87171361697681,-0.804340106013442
-0.662240227,-0.508249886189509,-0.578849805512624,-0.887151166273696,-0.766693366878417
-0.855988773,-0.584201431314832,-0.768263237470598,-0.838048116801674,-0.880141034735675
-1.139582652,-0.681182822140306,-0.952955303253588,-0.732123661601618,-0.855382445979925
-0.902710311,-0.549882137078169,-0.60864226088811,-0.814891592113211,-0.936364799513994
-0.808636895,-0.567218610955774,-0.663924661388302,-0.810221918660024,-0.774973561134177
-0.623653285,-0.326649834606776,-0.420606796126166,-0.825374602334191,-0.708976389326948
-0.527162619,-0.426198848635182,-0.431293865904783,-0.780631138681042,-0.80320818376709
-0.972718235,-0.425615322546748,-0.364294227904301,-0.788779677357937,-0.691198083555594
-0.746189065,-0.315026293526423,-0.50797828289227,-0.828193717773414,-1.127475486548
-1.48927101,-0.57938962496389,-1.13724227549027,-0.650757884799954,-0.653150102526198
-0.511391168,-0.225740750135043,-0.249410009674198,-0.836493880148152,-1.02776732204829
-0.667100798,-0.313138082172094,-0.411302151287967,-0.727632757877651,-0.677656548227671
-0.709027523,-0.288807142406505,-0.506149063458013,-0.851453042473879,-0.701002951738191
-0.570172832,-0.145863216469619,-0.243723284236931,-0.847639101561373,-1.19790000396708
-1.780081732,-0.813715249746641,-1.22060289564754,-0.898973711457541,-0.896704883226497
-1.225470959,-0.515884458861754,-0.954976461456965,-1.19109662599353,-1.33995642375456
-0.993164862,-0.377299468550328,-0.706404602742752,-1.16172694328976,-1.42141124629438
-1.687782373,-0.78172077526484,-1.28570465279099,-1.15354944925573,-0.938998866306408
-0.842203411,-0.486211093327765,-0.701218808335657,-1.11132296436652,-1.21382767077039
-0.896350759,-0.511038178769703,-0.714475304309745,-0.938785922518658,-0.729210699565795
-0.436768188,-0.288925669833284,-0.330551736516982,-1.01460214841618,-0.895091337288623
-0.87982777,-0.673523518075744,-0.821856194903854,-0.805167098922058,-0.711211634441728
-0.924383354,-0.550293163513421,-0.676275708093515,-0.807279649040023,-0.844353024830808
-0.868532715,-0.624918314065502,-0.710445767802293,-0.751784274291095,-0.876474794785377
-0.855712495,-0.62448663977569,-0.697839437677393,-0.844303759151272,-0.825063366069857
-0.776974745,-0.582960191262206,-0.640472281029794,-0.80034258968593,-0.812831306848205
-0.797130091,-0.573171920474789,-0.604551871385601,-0.7379471388049,-0.693083867003289
-0.577840786,-0.521730307916672,-0.472635231591472,-0.758156532786765,-0.750599888466476
-0.703861526,-0.556176485558176,-0.596647725443971,-0.736755647380844,-0.661927027690127
-0.67698903,-0.541335510860586,-0.593947393318155,-0.723561445753014,-0.804612301579205
-0.966965004,-0.693354023236433,-0.748573725946993,-0.73177983080001,-0.664290793243201
-0.606705602,-0.509766698175221,-0.490272005668689,-0.843668836643923,-0.908543562752716
-0.869026603,-0.63613143528321,-0.699991380639662,-0.872898141909197,-0.842643298976692
-1.026195132,-0.711774027213845,-0.793729034108244,-0.914776764675884,-0.947623448252081
-1.077992284,-0.752065513560501,-0.870190113307608,-0.896975840592116,-0.972636894545072
-0.944052252,-0.650893929659957,-0.744007930527236,-0.987121118377142,-1.01639028729813
-0.960683307,-0.64645961414324,-0.747863793982759,-0.993696815913852,-0.981893988723108
-1.010228058,-0.712487520472576,-0.808588872599652,-0.977263794676824,-0.956616612517458
-0.943355064,-0.677964970950611,-0.748692751272045,-0.971954369743231,-1.00290853042362
-1.004795706,-0.696587000647471,-0.849935798854436,-0.977302497054647,-0.972414944651928
-0.946080719,-0.354777941926569,-0.788065420687347,-1.07296332798634,-1.12649251042096
-1.087442302,-0.235806797431587,-0.716621202417765,-1.10421139095881,-1.58264637123352
-2.392127374,-0.984537948710915,-1.49117190976954,-1.0349297949003,-1.1276319408083
-1.239349757,-0.546629630221266,-1.09897718766519,-1.19189285524912,-1.54457088351271
-0.833824237,-0.190211665517337,-0.489987929360673,-1.24649446049019,-1.31414153483389
-1.301868836,-0.512411040775364,-1.10304018050403,-1.2475462738657,-0.921935698073241
-0.957853502,-0.601717642423633,-0.764158616272405,-0.870515429648483,-1.00071311280991
-0.877792941,-0.34049429916236,-0.623216977224874,-0.809308552837312,-0.537914009919424
0.019078591,-0.00489584133963847,0.0895570323886952,-0.873649535962214,-0.752510540151128
-0.576978714,-0.286256985354182,-0.780688700648975,-0.813856489010404,-0.454011456935818
-0.704438968,-0.323741835964575,-0.710586077493495,-0.739198334143236,-0.891171351499758
-1.378452366,-0.496361971359978,-1.07895877640279,-0.588943153639246,-0.679182483063423
-0.641676054,-0.388221806417482,-0.576120810297723,-0.998559629230246,-1.09655252788949
-0.886109394,-0.532771431802378,-0.69947109629825,-0.932843695932769,-0.924693322445521
-1.161466356,-0.594669680771294,-0.847874201620041,-0.923595487071532,-0.850963703992599
-0.778783756,-0.514371121574717,-0.657228590153162,-0.969378293223271,-1.14597044633071
-1.179761399,-0.644629430099011,-0.827704029739545,-0.97104050658406,-0.989019608675406
-1.212376435,-0.708371596215439,-1.0323997253272,-0.848487741597652,-0.957029120724258
-0.853375608,-0.418601991939712,-0.682955960393361,-0.813678494033377,-0.804703335969421
-0.322678468,-0.236231934648584,-0.236668149608357,-0.953690538184452,-0.90438370903056
-0.906788539,-0.506772747915033,-0.66629584488903,-0.823152816733536,-0.647084636318973
-0.829876641,-0.543535594000793,-0.688407256938897,-0.818931682314966,-1.01192210724769
-1.291554647,-0.785458756286569,-1.10489827114012,-0.69336123485217,-0.727437643121068
-0.624278707,-0.371666780671185,-0.471385130188572,-0.734846353073232,-0.924688886038563
-0.730920746,-0.425955199510763,-0.554222855795098,-0.69787616726442,-0.376170847427333
0.050830229,-0.0368471844244644,0.118240960516323,-0.720066934734008,-0.636365208952853
-0.516511575,-0.368730114003959,-0.380235266643575,-0.588327208217524,-0.383986040495165
-0.637129646,-0.365245258924585,-0.428870347666291,-0.642689444693504,-0.759207240601498
-1.077242641,-0.528448799995097,-0.798937511267754,-0.63708320791233,-0.817142609407024
-1.017579172,-0.585332450045868,-0.811236091753676,-0.763863244283874,-1.0384176132156
-1.146591471,-0.625671542912613,-0.907426367365021,-0.80172917356727,-0.82533914199088
-0.61898484,-0.490739020703611,-0.628936680016607,-0.913797408471195,-0.925418771191299
-0.738526562,-0.49857334040671,-0.616609849189494,-0.819284338903119,-0.667587763705607
-0.610981052,-0.461285958282155,-0.566053840316404,-0.81907278740023,-0.76828018754325
-0.789805581,-0.351225873374299,-0.463574732485275,-0.788673966222005,-0.758559953525045
-0.85335764,-0.469191373644438,-0.734500780308568,-0.735466424371118,-0.925077774063056
-1.16158318,-0.500134392125151,-0.847486664879474,-0.799773210166639,-0.743863272650236
-0.543889,-0.325211067379283,-0.759694891683941,-1.03654290115081,-1.17422610598175
-1.280120355,-0.580060643100736,-1.07794583972227,-0.951531133963733,-0.804371930620034
-0.960584863,-0.495529756242526,-0.826876511486405,-1.08592810930425,-1.13447896985039
-1.062641554,-0.573018585195,-0.879099819483099,-1.03097584984048,-1.10742133180338
-1.27515272,-0.804174263578957,-1.06911575371332,-1.03661458097724,-0.983040620715478
-0.909821501,-0.589183336901404,-0.711818872415005,-1.0442509617211,-1.08878957825339
-0.891866975,-0.606094343846339,-0.789477050504942,-1.01548442348062,-1.07232881610661
-1.27374386,-0.832154263809254,-1.12401258476998,-0.973997770565372,-0.792128928370968
-0.621766448,-0.377251369041055,-0.44249660384939,-0.935019312156614,-1.12145428348397
-1.078902196,-0.669638430706091,-0.894188132276761,-0.866970869763447,-0.715022695538944
-0.683128083,-0.442071995302094,-0.509053142044539,-0.976813104776417,-0.972736951356018
-0.891779768,-0.441069112466519,-0.684267519830951,-0.823895784783319,-0.912782165003793
-1.195998361,-0.512181662617674,-0.917022306555666,-0.860421898124266,-0.683262139358815
-0.40719646,-0.109744066624723,-0.398620209489435,-1.04094127706704,-1.08111390170919
-0.964064731,-0.400759292688021,-0.751561671808604,-0.961636493954322,-0.912362149288047
-1.435678661,-0.467860025677723,-0.89188559579086,-0.950253564235341,-0.736024529314296
-0.476831403,-0.361325824775773,-0.287925860640815,-1.08095591163619,-1.24268311561131
-1.121420631,-0.488506901685287,-0.872873407050818,-1.07897461361861,-0.894839477793673
-1.150503861,-0.523162748245527,-0.91521088318183,-1.04930501620452,-1.19951465762529
-1.462033855,-0.794180601419299,-1.14763125353541,-0.801953766470485,-0.939931081176781
-0.821648269,-0.459269338923808,-0.596549238278548,-0.838037387546232,-0.862391796184825
-0.266567945,-0.17792030671176,-0.227862745554543,-0.801773138757574,-0.739338710006915
-0.582032465,-0.349936514679785,-0.502867684290048,-0.671531428617692,-0.427066993250102
-0.438317001,-0.180895443251153,-0.225223428233327,-0.561391516862358,-0.669470790093993
-0.882871739,-0.282469662460216,-0.596297734980602,-0.400937618706802,-0.358553204518728
-0.219105827,-0.231008723154066,-0.20086226804272,-0.588431808826277,-0.662722797570059
-0.47092466,-0.274632299904695,-0.293054520356953,-0.559213473528023,-0.509846742633181
-0.708298684,-0.384231646813872,-0.498800719551415,-0.642303939458032,-0.585399414968959
-0.711692202,-0.469256789909941,-0.63165281451173,-0.678270919230851,-0.731830973163539
-0.739672524,-0.271958061417757,-0.618755009942942,-0.75755215318917,-0.905598514822655
-1.026702699,-0.535320028048694,-0.993684983990582,-0.769586157979763,-1.14456871580247
-1.758023015,-0.951943304857279,-1.22341002663549,-0.67122102352863,-0.6922447514514
-0.39397544,-0.620240029402527,-2.88746033075599,-0.896711580643528,-1.04331529182453
-0.380250848,-0.269280815474557,-0.836795176636302,-1.05267661465133,-0.696093902359351
-0.760563031,-0.334587227853458,-0.649814861859975,-0.846315045325542,-0.753795216341189
-1.171575627,-0.926093112714048,-1.7514030911526,-0.646894353981051,-0.691863169931987
-0.616539428,-0.340872181216981,-0.513733436203866,-0.998986590841075,-1.05651366647391
-0.918381084,-0.505548804892074,-0.744560651343667,-0.964585076423977,-1.11272005414067
-1.651732717,-0.811880200526471,-1.33510542020412,-0.861372581404601,-0.882407036177204
-0.916822746,-0.474523069719416,-0.757105817449305,-0.978139767085125,-1.10654393618759
-0.625513738,-0.655780136224625,-0.697906482445294,-1.29068824454035,-0.98736561136837
-0.809345235,-0.232580610810338,-0.24097306786266,-1.17423239249196,-1.26473713325818
-2.040595123,-0.99024782527694,-1.0903367076369,-0.818654868134469,-0.767794528613263
-0.721480291,-0.470684401079355,-0.663492008318896,-1.08176040075189,-1.36644120074147
-0.928491179,-0.446819807780834,-0.757418101186255,-0.788706835141426,-0.747519739745911
-0.622533965,-0.402491760250483,-0.627617501820559,-0.860648817910113,-0.710570608223514
-0.403029929,-0.231664519313369,-0.368125819880234,-0.965405679907768,-0.852814603249194
-0.94149279,-0.4104485144318,-0.77410638184438,-0.953793834377688,-1.01372208644883
-1.566807763,-0.330614462072364,-0.876568489301193,-0.815717913808791,-1.27626429443388
-1.819882944,-0.917707398464041,-1.44249604127057,-0.96549895906099,-1.19439960635832
-0.948017998,-0.280057049547222,-0.795266820148126,-0.97159384324354,-1.28689633252681
-0.931651518,-0.222946141284312,-0.861802611975671,-0.873670340468065,-0.587719275295743
-0.026181629,-0.154130173185427,-0.687193114523614,-1.11272930991835,-0.751257047732992
-0.310924427,-0.136007920912825,-0.877675097882515,-0.980720597623578,-1.03490247456659
-2.100673318,-0.491355103932497,-1.3834452044288,-0.689097867720283,-0.541411901242935
-0.659788831,-0.368534011568166,-0.979544238957239,-1.05060874423075,-1.6914167264247
-1.612750811,-0.538270543413389,-1.47866271952083,-1.02667602893346,-1.02777753713082
-1.282985713,-0.908065501714845,-1.5867316722763,-1.14815761095788,-1.18097510039311
-0.841595294,-0.28698536978047,-0.771326745011725,-1.18407435337093,-1.15902337015919
-0.928189629,-0.402629084979045,-1.04916552107486,-1.35919421347609,-1.16972423108666
-1.401120108,-0.607893272920023,-1.25528132257904,-1.22058570604205,-1.24917429332337
-1.644945581,-0.838947261184547,-1.48024265282921,-1.10586157401817,-1.24617873604746
-1.197803115,-0.621131089000909,-1.05918192278537,-1.14779897731608,-1.28009098258863
-0.99645306,-0.693456011431242,-1.22800938384055,-1.45196761181979,-1.01406500577748
-0.567831225,-0.195686779095304,-0.347352896788738,-1.55291899501528,-1.47706532520837
-1.944902885,-0.747347304722154,-1.4490749544064,-1.22743199142484,-1.20319713311627
-1.817869286,-0.689587762359647,-1.21202459958182,-1.32753463090469,-1.6184448202583
-1.459621596,-0.728858951640307,-1.37125713717081,-1.56191585769894,-1.72792652399857
-1.640150891,-0.903945595932558,-1.0657863759478,-1.67956941089644,-1.60320089887843
-1.758330759,-0.83757147470426,-1.62174043008608,-1.54264216587677,-1.47678841668998
-1.335398847,-0.741871422235359,-1.36969592095017,-1.40628410413052,-1.52734110460314
-1.441060293,-0.590749325076167,-1.1180930882113,-1.31472297428126,-1.00432707110875
-0.473743814,-0.30149277471559,-0.793827366289764,-1.43550450700119,-1.4181142483321
-1.589013875,-0.634914801077918,-1.64410033339968,-1.05555818416432,-0.480044533337693
-0.206730864,-0.56902266857005,-0.574725835285048,-1.13236454678231,-1.27727045764758
-1.15296233,-0.559232690796493,-1.14521273472878,-0.961439375934877,-0.633322917426464
-0.802188594,-0.184969361260448,-0.45177482622272,-1.3494612911343,-1.16176532388815
-1.197976976,-0.480940180166254,-1.11387990011949,-1.17994976531935,-1.30686117853192
-1.874809877,-0.620318592116195,-1.38030277992304,-1.09006951133502,-1.18011126361114
-1.274115493,-0.694044484839066,-1.53412289754227,-1.31831486441364,-1.32659960970273
-0.806129126,-0.308565438447552,-0.813658007778356,-1.29787980905147,-1.34993903460873
-1.418176728,-0.884734903338999,-0.929623405947585,-1.23441676645843,-0.932251804835863
-0.978524918,-0.186821067808598,-0.680138032376281,-0.941852699668567,-1.15386270704859
-1.039199029,-0.290854425728011,-0.9272186704591,-0.969317997408599,-0.802232744361386
-0.479011391,-0.11535067825084,-0.265331471502979,-1.1282933803456,-1.0683469671071
-1.085037871,-0.414515603461688,-0.944675203442651,-0.979034984911647,-0.869006541726409
-1.271314688,-0.586801911288759,-1.20037943650112,-0.895268772662729,-0.81875868192028
-0.617236151,0.0137871069599936,-0.156280712057333,-0.821797544247431,-0.969742823511449
-0.730268132,-0.195465791609758,-0.521858312200278,-0.975492744254816,-0.645181113272324
-0.447780359,-0.130685287100333,-0.346488483364772,-1.15627245196804,-1.03133184703117
-1.226856227,-0.284415242936019,-0.753120925336057,-1.07938285336064,-1.22039521205914
-2.095058486,-0.867733552604561,-1.57993423676938,-0.949389399864608,-1.12540720951256
-1.211805519,-0.424417329977488,-1.37912777747495,-1.04974432730533,-1.32218300533877
-0.851382031,0.059071395702801,-0.522865608703034,-0.989823610077529,-0.569145383959771
0.272160282,-0.224026093898183,-0.391334843069305,-0.876429050437082,-0.618992142436312
-0.365119654,-0.464041495092406,-1.10933281636672,-0.280785070712604,0.0277422736565633
-0.026261221,-0.048599905644025,-0.268172609680799,-0.355285417619781,-0.199378130432271
0.036204073,-0.281479438099744,-1.04433938695444,-0.463626911602787,-0.477528499736236
-0.865279292,-0.177359622196084,-0.513692699439662,-0.444857068388769,-0.499397781045935
-1.023079591,-0.573746602932737,-1.14456613560837,-0.659528002220966,-0.865833200062076
-0.932673489,-0.300549618861264,-0.871572430999927,-0.920970042220853,-1.17829581515561
-1.446576979,-0.351368578772372,-0.962896828291821,-0.97051250518083,-0.961318962727512
-1.007628149,-0.370126521432396,-1.01981289339144,-0.769052841943901,-1.10689864090608
-1.130383963,-0.797354698531726,-1.40094844835612,-0.871757926938366,-0.138884399283138
1.14743097,0.632498324437699,0.950776158993805,-1.24052685131098,-1.19714867513079
-1.259417695,-0.453509249296745,-1.13203075276411,-1.01564032868652,-0.275093040355083
-1.265791569,-0.586832876270866,-1.15791465929759,-1.15559601084097,-1.41374544331821
-1.959642461,-0.330679659861656,-1.09232700309834,-1.02216258168826,-1.31696364932762
-1.373684931,-0.762599029771198,-1.32359542458481,-1.49575107975398,-1.75084289569056
-1.679136715,-1.15395643277795,-1.84568563426614,-1.50430577877629,-1.47538817093707
-1.507225259,-0.625379446477041,-1.31803684667706,-1.51349156267932,-1.57107879413651
-1.530544854,-0.617749124340744,-1.22676537994954,-1.43880736590833,-1.4204297598815
-1.297597019,-0.596590108358019,-1.25414094707249,-1.45845040989129,-1.46551506409162
-1.447078564,-0.667942876118819,-1.09958141292753,-1.3694094603223,-1.23559745089931
-1.125714763,-0.559014287148538,-1.08134258198894,-1.30758228649744,-1.32092918518534
-1.266711602,-0.748091574887479,-1.25074194280144,-1.23335119507848,-1.03635898963398
-0.815917084,-0.520320282169518,-0.972819715061216,-1.18188000126114,-1.31920271255539
-1.542521977,-0.622191847934527,-1.15054636435246,-0.841185302050408,-0.690115809712516
-0.647641229,-0.275054990476202,-0.997458650011056,-0.932477488000335,-0.549700015086773
0.496534216,0.235974956115691,0.516765284116211,-0.92188589507915,-0.644191978850139
-0.422636895,-0.405964477351611,-0.578827436560774,-0.809175507249281,-0.387090329370979
-1.117666324,-0.338083480587521,-0.875186919804969,-0.498959651648828,-0.594099720071594
-0.87474974,-0.290851853807105,-0.703548960743976,-0.675547601266902,-0.936947356940626
-0.810013511,-0.471100726952251,-1.00509617660401,-0.816612613676841,-1.0741541129123
-1.393615001,-0.43739274006591,-1.25084896039649,-0.80692646947805,-0.646293830697675
-0.415537168,-0.0884871549308505,-0.252445652087966,-0.871111423233093,-1.04352384766772
-0.824178927,-0.164812098030697,-0.418648802891919,-0.585168589687585,-0.536184493674083
-0.733086986,-0.203209022006855,-0.715090283360773,-0.453749215032312,-0.0575238493774259
0.583385057,0.3783195608726,0.378635540049857,-0.0267736432355121,0.202781876083128
1.30793913,0.474242965535756,-0.0129760641302973,-0.261030696944634,0.306573683265706
0.439941683,0.289980927417209,0.675316618171575,-0.243182167895777,0.099033836808786
-1.039318235,-0.523515036830494,-1.13365715437392,0.260878374996126,-0.0191844107092806
-0.522258997,-0.121448868950196,-0.46964258221726,-0.514705565143683,-0.880814188149718
-1.004588684,-0.123939051585779,-0.273101270744054,-0.379689208621329,-0.637739609218416
-0.74586813,-0.293745614575157,-0.768261528109559,-0.842617952095254,-0.727568615787303
-0.355021119,-0.0952326780567866,-0.335973480069533,-1.04944158376704,-1.10328134292367
-1.138055156,-0.407191931012326,-1.0048870457209,-1.00446819488397,-1.75688944958496
-3.45328133,-1.53019414575142,-1.77171945779208,-0.97752822813208,-1.04922236261429
-1.025309336,-0.171027265934347,-0.83197534906691,-1.03074600155308,-2.20126955821197
-1.466207594,-0.360016323981244,-1.05150237341924,-1.30556878029682,-0.888208354639732
-0.200426256,-0.512566310069271,-0.727396871745865,-1.4989964076907,-1.62684449273506
-1.987972126,-0.510141432971373,-0.988911555960641,-0.972657630843519,-0.584533473573217
-0.723594932,-0.544416256596925,-1.04468161664474,-1.0558311647976,-1.4298302465409
-1.220689945,-0.408504979188722,-0.987552118341434,-0.795936731608488,-0.685200824922482
-0.4680514,-0.163438714710943,-0.389589480735229,-1.09858039571793,-0.902849883519772
-0.589951374,-0.200386682929044,-0.193856741533655,-1.04200933751189,-0.736948329932011
-0.770272413,-0.385313998047729,-0.763646522057095,-0.713759788037853,-1.1138184094251
-2.06494256,-0.961725128378041,-1.3083464457683,-0.292972739166549,0.0121117399388299
0.982648547,0.554292574264472,1.01206690641888,-0.941560918901078,-1.16150045729622
-0.349788696,-0.465466861656877,-0.644083211146474,-0.862840951389228,-0.252323912948207
-1.05284765,-0.599699730055362,-1.02052277875735,-1.06154764960163,-0.65746556049818
-1.003752157,-0.355542430809189,-0.81200892102773,-1.03137507932575,-1.28924996291566
-1.629699375,-0.563561012577691,-1.36009152762844,-1.02937962336131,-1.38339102653304
-1.934304418,-0.608099275049731,-1.21572812667859,-1.1993235161107,-1.20122916941804
-0.788642249,-0.366450628474234,-0.873403414585178,-1.27497624784878,-1.59722712304273
-1.419815722,-0.593808644757479,-1.29560326493273,-1.2619958198031,-0.852911484603987
-0.695517765,-0.317590633441631,-0.789591429340378,-1.11825392771588,-1.2184912858568
-1.220859312,-0.192439408751468,-0.560460210514592,-0.685181403014853,-0.562229116205918
-0.372236692,0.0874085723181823,-0.232713708298603,-0.980244973877305,-0.62667844174225
0.093096605,0.126013675219788,-0.248504285526894,-0.923984715746466,-0.830999937996538
-1.211960844,-0.240304487808663,-0.87000179747655,-0.678544305795699,-0.470459756082533
-0.963556009,-0.272188509765491,-0.810458428024142,-0.79002740875195,-0.940104154421674
-0.810612593,-0.391961482258734,-0.83005673098756,-1.02763744062583,-1.02653525222615
-1.063601558,-0.558620571708624,-0.919056758139115,-0.97451528719304,-1.00271220726697
-1.218648804,-0.732558771318091,-1.16197339914758,-1.02355938551271,-0.963107291713016
-0.817405759,-0.35925290408942,-0.606484691513535,-1.19743005640521,-1.26860569192042
-1.316437579,-0.722380674885122,-1.11730785525123,-1.17492359407464,-1.19641762141211
-1.640178784,-0.696092014014421,-1.18568371612915,-1.05973424793337,-1.04255546530686
-0.867566722,-0.388678407843492,-0.735552555065886,-0.964055100034484,-1.11650300218947
-0.676678316,-0.266679830160204,-0.487917580605502,-0.935043803000589,-0.741146249957983
-0.328067803,-0.187369447759554,-0.262373141509998,-0.833489376519406,-1.12340613765659
-1.74320665,-1.12320120020617,-1.59614634701522,-0.630230956169684,-0.339188924012026
-0.165958932,-0.144060774087558,-0.148292068425844,-0.783375046186696,-1.27101472024234
-1.003869212,-0.586028137580809,-0.920135965411349,-0.896277003238553,-0.682358617264771
-0.950317699,-0.420780821823833,-0.751746673260535,-1.02030616612005,-1.07123787747183
-1.261882883,-0.915715946964395,-1.34553433998389,-0.833318364843379,-1.00806372143171
-1.103827176,-0.575384295362061,-1.06376192252429,-0.995980425228519,-1.05298031862091
-0.909948724,-0.535691819353625,-0.869118136244841,-1.04160246448299,-0.954191966846908
-0.742708863,-0.0419042398214872,-0.179566497344372,-1.13734138491507,-0.993247219750657
-0.979476415,-0.385869591858155,-0.86266301583748,-1.18956880422522,-1.09414843964956
-1.415883334,-0.66431211713934,-1.21851039084484,-1.0287453217465,-1.18186377645994
-1.541773763,-0.655742901906097,-1.22659823601104,-0.962846796035253,-1.02207466386888
-0.655918432,-0.431405889134339,-0.51612789595739,-1.16617043808996,-1.22577229927983
-0.951241665,-0.51283039577709,-0.669347234949069,-1.22599047359952,-0.827533541200007
-0.743068299,-0.416735051075505,-0.528880148182418,-1.15971139790266,-1.26018597501588
-1.682206268,-1.09455595444329,-1.46695961254624,-0.931337191620713,-0.932558948310728
-1.090650074,-0.680021848239737,-0.978292786217978,-1.15972686669537,-1.33119162705674
-1.099887433,-0.615781151203794,-0.922698633600852,-1.2067857505081,-1.18586361799341
-1.21540059,-0.493588405705295,-0.795747144971985,-1.06922824585449,-1.15374373742042
-1.325977392,-0.533968718541421,-0.964905553573299,-1.00447979140223,-0.838418124082958
-0.398727593,-0.144692070884228,-0.399796640041635,-1.01666761055847,-1.11531241452245
-1.059405469,-0.616429380547642,-0.938005173319393,-0.890295403149125,-0.344460480245916
0.061556196,-0.0266678220074994,-0.055394032407298,-0.97168542446412,-1.17840912348767
-1.472773214,-0.735700320277997,-1.28916788088444,-0.649251670214661,-0.461530500852184
-0.785692898,-0.427048309536996,-0.761703395823971,-0.781112751887164,-1.16811693527913
-1.059882591,-0.680029526746374,-0.954845738472406,-0.808825976865393,-0.993001937197852
-1.153074259,-0.645343716081749,-1.05908092777583,-1.17035953363031,-1.00858669330477
-0.874604452,-0.346910189506618,-0.674158859403001,-1.00551229303129,-1.38124255658147
-1.746058408,-0.64120650942182,-1.12157290238282,-0.967012933961532,-0.935932258807001
-0.973934734,-0.412494550223466,-0.806774687715624,-0.95869381781604,-1.24514708113177
-0.905154701,-0.379954718625743,-0.672729655282678,-1.05413262955152,-0.867793861764046
-0.554692945,-0.255953137203893,-0.468546537012394,-1.18623930674301,-1.10875001506894
-1.332974497,-0.722460038900615,-1.070313917771,-0.918018617116704,-0.820280817523297
-1.044439711,-0.518988037226706,-0.748571465935552,-0.896639631139827,-1.08516525835533
-0.971257506,-0.664193323596982,-0.886023573445875,-0.999912748673289,-0.935907788033062
-0.68259161,-0.470540472006903,-0.59503611597117,-1.20671495824826,-1.22700609482431
-1.503612762,-0.899860349680995,-1.28791259227404,-0.990329083797327,-0.996037761867932
-1.282387053,-0.617703769947963,-0.840121904085101,-1.01222698498039,-1.27327746988685
-1.215099049,-0.700348427523689,-0.98189918950783,-0.913322327775463,-1.07030721346318
-0.920743648,-0.512762036548178,-0.745413231943873,-0.985243818765837,-0.813332613354049
-0.375618213,-0.28217970955879,-0.303189416897675,-0.814239989937619,-0.749627068492365
-0.482388503,-0.321612195624657,-0.364816537620322,-0.734809986632693,-0.640426371142997
-0.740377888,-0.441162752677624,-0.544562084685804,-0.825644137884898,-0.864083271533192
-1.275572276,-0.74093008402554,-1.06986457534241,-0.836840305437395,-0.898311922584084
-1.095477479,-0.709334048654265,-0.940503397163991,-0.953334684686193,-1.14223514341606
-1.124321413,-0.653591102598024,-0.891763603139487,-1.03484067855001,-1.01936096525138
-0.90043165,-0.514562915143511,-0.666693400163587,-1.12418542664993,-1.10700711108585
-1.095302545,-0.591672029756387,-0.761667048104084,-1.06669653400429,-1.00290783884744
-1.031760289,-0.531080424284984,-0.713511274832938,-1.10632036309716,-1.18586215304304
-1.340867981,-0.932024166179267,-1.20762568764448,-1.02020936171614,-1.05500636362847
-1.100532387,-0.610434014587367,-0.873647983985438,-0.930717217529053,-1.10403158279764
-0.963966135,-0.583974126340837,-0.769370389043108,-0.910815668097596,-0.875762974351799
-0.57308774,-0.396573941152867,-0.486000796350036,-0.951322818713507,-0.943309668740696
-0.934787931,-0.632520705529087,-0.776287546192236,-0.816842206860887,-0.661807825634818
-0.66798187,-0.519357578098051,-0.491247906842936,-0.758112728126755,-0.846343861574567
-0.835886255,-0.482973662435285,-0.595647360271551,-0.622778692840994,-0.658276737178383
-0.54511969,-0.384539004244938,-0.422702364567169,-0.837904368659144,-0.914465626209514
-0.98562528,-0.684412246395427,-0.919274907783126,-0.789270696696349,-0.878956385759479
-1.240001433,-0.756200977801265,-1.21852314896311,-0.764252006498246,-0.857868673962943
-0.783953032,-0.54329374147963,-0.720874117855673,-0.838481034697954,-1.00883379314073
-0.700053538,-0.777150299169595,-1.16056018056688,-1.94775977006843,-1.18853178400471
-0.700979947,-1.23498819617499,-1.41319880918443,-2.88383963908913,-3.48069724450125
-6.49277741,-1.05575908141746,-1.67714998426423,-1.54511082891949,-2.75321921207771
-5.504516187,-1.3073635092995,-1.19118364606835,-1.73594512047407,-3.2230065576571
-0.811562214,0.153610706064481,-0.65556276377656,-1.65781038493442,-3.19924176956578
-0.894921806,0.180880547168439,-0.664818154249612,-1.27712420286728,-1.14227266890136
-0.730122568,-0.39862111479971,-0.657356353216394,-1.03062436433597,-0.979767303961428
-1.006606419,-0.697672904672763,-0.760236798481878,-0.786707729776366,-0.769316952877216
-0.778721782,-0.623609156188078,-0.621728745754232,-0.824335508413422,-0.844805993248633
-0.74002569,-0.460967292120828,-0.49814556876217,-0.743574216626982,-0.703578551309872
-0.625381368,-0.435023602957931,-0.376025571159795,-0.759713038046657,-0.603039109275665
-0.411057541,-0.439004510054984,-0.354974333693534,-0.726975539466175,-0.677361736077475
-0.692034475,-0.524572970041688,-0.521983238910095,-0.668501229298675,-0.631109613397636
-0.838174495,-0.562657943405442,-0.622997118720297,-0.671525997265619,-0.673466964876834
-0.675358957,-0.405610199834937,-0.411579359386685,-0.676300802724087,-0.797900252397153
-0.803966244,-0.609336986610865,-0.679999422740084,-0.736579201037286,-0.686832346758428
-0.648487729,-0.539098694397154,-0.537430246657667,-0.775353328053098,-0.816457121194048
-0.872497634,-0.55824896854425,-0.668026793092742,-0.687106351296917,-0.679782321448427
-0.715597823,-0.526753102338812,-0.509957274190627,-0.737233207894284,-0.694073208539037
-0.533903739,-0.477136237434649,-0.268989595729007,-0.660427873946841,-0.674987653220283
-0.648520588,-0.277302093309862,-0.370767023606394,-0.559619336795587,-0.496058635266235
-0.430757769,-0.164706043041712,-0.229149043130332,-0.613688511737138,-0.524630940636744
-0.355606934,-0.132127998777115,0.0169254170407505,-0.662038653826334,-0.601448329427864
-0.694658257,-0.196679604995632,-0.881597045917931,-0.754285138740384,-0.688887617088656
-0.962032453,-0.450020353521914,-0.713842616199115,-0.754091934689734,-0.951671802244085
-1.308468608,-0.727980803200636,-1.12437764439657,-0.825682078440167,-0.940477544615545
-0.956924208,-0.363123983362051,-0.672496507374988,-0.950258699385829,-1.13421745093192
-1.03950899,-0.702718207766022,-0.83704209868801,-0.99334171478703,-0.951684483500348
-0.929503965,-0.560206055366427,-0.634398510453898,-0.984565551607719,-0.891708464378419
-0.738900969,-0.399234789727564,-0.513172368060977,-0.817785472437823,-0.877931018411527
-0.884235057,-0.558925175146776,-0.782441508787214,-0.811243322616518,-0.581895128105323
-0.352798564,-0.339485971800304,-0.219507059427463,-0.763364748171927,-0.747216662825261
-0.588134924,-0.415844443426032,-0.365649147824712,-0.714124577765076,-0.639793871092989
-0.854104024,-0.556468219905317,-0.582251160692955,-0.63901528854456,-0.694448203005493
-0.846381379,-0.57995175205266,-0.731485887475494,-0.659231427185114,-0.755634274330452
-0.712708316,-0.520208259232938,-0.490186900414493,-0.643103197884299,-0.736711977818012
-0.685466059,-0.531900956681044,-0.447788734411242,-0.642284230254429,-0.531891104069044
-0.296276677,-0.388139863204355,-0.253415172878803,-0.692481501488105,-0.613036065267239
-0.487494669,-0.357878565451868,-0.438981438763017,-0.697120980891129,-0.575360854530177
-0.726217375,-0.454860018879626,-0.456514444605322,-0.668882032952544,-0.826464108518664
-1.210435411,-0.753324031322135,-1.09861649971567,-0.765093933672821,-0.8648310346866
-1.068706975,-0.658127183460748,-0.8465735581283,-0.892999604685005,-1.01201240702246
-0.914717346,-0.570519882020736,-0.673176879304659,-0.994588000413322,-0.92083382983012
-0.691807605,-0.466573989564939,-0.513806771522958,-1.04143510146922,-1.0543393937989
-1.231182024,-0.837040873476905,-0.964456148309918,-0.822230647725905,-0.774028540515006
-0.838484517,-0.594178724265214,-0.734596037287258,-0.923013944638027,-0.932696667452779
-0.63461721,-0.42405252517052,-0.514379917980908,-0.932896701055938,-1.01000357066638
-1.191502373,-0.632759995091946,-0.933499148406183,-0.86194152761119,-0.739834873651654
-0.788764256,-0.555803929171686,-0.671331283135813,-0.938106584556273,-1.01316316117314
-0.875776595,-0.536785526632259,-0.668276670264323,-0.7983681074432,-0.979589459995306
-1.213355728,-0.716974184841035,-1.01894212933438,-0.757131888264045,-0.736000463739463
-0.643496097,-0.458090654516304,-0.486074929545905,-0.74249146012299,-0.764310670148644
-0.32254627,-0.256167046649958,-0.0965410959963821,-0.764580304889689,-0.669305035458628
-0.629647175,-0.514961770067458,-0.461935548637559,-0.695413231035351,-0.465028635326512
-0.508017209,-0.449742990381479,-0.441684703417126,-0.60240455045241,-0.68284962086862
-0.806481754,-0.45081894339479,-0.616477775024808,-0.558983341327059,-0.552539417210505
-0.560721426,-0.436331204353196,-0.398280589702348,-0.686958913318172,-0.741176094381668
-0.707260904,-0.551281465543976,-0.593791783292928,-0.71792538204409,-0.687606322791043
-0.756500827,-0.517287546663017,-0.545244940330289,-0.759141372694178,-0.815135464458724
-0.94861713,-0.669248617308923,-0.831862896275366,-0.772811139988362,-0.820164248137317
-0.894756689,-0.541676468160982,-0.650283671914784,-0.838683412846463,-0.903400974743206
-0.880677747,-0.607448098659487,-0.699247092170283,-0.917573523700074,-0.915488464855574
-0.917011476,-0.547870194916822,-0.623828737471075,-0.925846246993549,-0.952366920078854
-1.049051816,-0.647382940033619,-0.795520506761611,-0.891870571426555,-0.888343958245326
-0.858811659,-0.611503252224924,-0.708740238238696,-0.931519753029888,-0.963323189041473
-0.888832868,-0.577418916890805,-0.639701728052673,-0.882652427914339,-0.9175054980433
-0.974241496,-0.710859853790645,-0.733006320312988,-0.958010160041751,-0.852854820484112
-0.76331748,-0.579764483165439,-0.553908152155423,-0.922595978496397,-1.04313573086178
-1.1840154,-0.834781918534756,-0.923516514994443,-0.821293848432395,-0.791525923218482
-0.81394356,-0.67426839397014,-0.647389815044609,-0.854334372374803,-0.889975243038923
-0.629249867,-0.514475814259275,-0.468682195342169,-0.851661341907508,-0.829347350380311
-0.807035313,-0.624492440585189,-0.600757675933961,-0.82599682181211,-0.705504677881381
-0.725638176,-0.651945554642131,-0.619341720967113,-0.794654649991409,-0.827046230567673
-0.893097736,-0.720073102799092,-0.723600932211524,-0.707912570380494,-0.731944662333953
-0.762686399,-0.646138202957715,-0.607042766177971,-0.755475310490442,-0.704627456566502
-0.491832897,-0.444921688792247,-0.386427921150089,-0.798985058636732,-0.795736119418123
-0.811021307,-0.685273605453244,-0.652698258573185,-0.763714891830554,-0.678882712402166
-0.830063216,-0.659283787952908,-0.663421407880286,-0.793832304698822,-0.775971585085028
-0.756770438,-0.633266160091373,-0.611928387895432,-0.847274868210236,-0.874160469476055
-0.922284387,-0.776650975723473,-0.842826456901385,-0.8466319733056,-0.861062078987637
-0.96206877,-0.702428864414926,-0.732333987480707,-0.833698692608147,-0.909306871123722
-0.956995063,-0.721643986730801,-0.757794914262122,-0.812244039371845,-0.830447006818017
-0.689580302,-0.572230834081247,-0.547919687773411,-0.894882828125887,-0.885332110460812
-0.846809029,-0.667807970954381,-0.77773201264883,-0.805420794313017,-0.679905685977827
-0.610483105,-0.492061633548047,-0.32549948468282,-0.773305190216232,-0.785616597739519
-0.740450499,-0.550934273680864,-0.558310771479135,-0.751713725498437,-0.696896897325277
-0.705626541,-0.457390618989186,-0.504593829922044,-0.80200199033024,-0.865389013649176
-1.031055893,-0.636874920902287,-0.765683602790427,-0.693066377547635,-0.782663832688427
-0.943362427,-0.539464434376153,-0.745266978110823,-0.584437641961951,-0.674251361756321
-0.394731493,-0.301934366542444,-0.324188751255237,-0.739840534785003,-0.575603045812085
-0.105019752,-0.303042257231237,-0.405997408273984,-0.79833365914856,-0.614672645103527
-0.73221086,-0.421662940939627,-0.554952388369446,-0.670692025390638,-0.510651435196947
-0.748133175,-0.417196128869483,-0.556396511686406,-0.625660460734074,-1.07150009256564
-1.619915004,-1.02934169947143,-1.46851811757948,-0.653367087519917,-0.764762201827068
-0.790488628,-0.565510023130354,-0.686490751615767,-0.867652807260405,-1.15925337733538
-0.871049743,-0.607921877882083,-0.719220767579855,-0.815552545960349,-0.751525698913923
-0.598848508,-0.456053316225334,-0.458907950924458,-0.869704521660992,-0.767578295713879
-0.644155602,-0.559383074421252,-0.530231717911912,-0.772569387546732,-0.696602760781619
-0.734971658,-0.524143994151332,-0.543442748002694,-0.7645445115108,-0.749347575814837
-0.854963992,-0.643639102445849,-0.635573799841918,-0.754545814131532,-0.788672954161451
-0.857313923,-0.699347422527799,-0.739053626119056,-0.805635606360961,-0.842137804211791
-0.851751024,-0.664072242436902,-0.706944533171496,-0.836906683439904,-0.844897848601447
-0.834477139,-0.631912370768023,-0.617780726729038,-0.860592988728536,-0.847834965202528
-0.840609385,-0.645356853316714,-0.721580532712892,-0.827163170326105,-0.848751404865012
-0.912029497,-0.665461388698225,-0.77073544489202,-0.784853715373322,-0.703853365567431
-0.534351852,-0.454483371118461,-0.416995423096328,-0.815422752511034,-0.828676830633675
-0.748148678,-0.637757860732949,-0.678483407424492,-0.782454294443366,-0.695354058531971
-0.792392928,-0.489530527425967,-0.569669020162443,-0.752166457219646,-0.788244632828415
-0.856478537,-0.540943740611023,-0.682600917062516,-0.710424126658871,-0.80485767912709
-0.858430543,-0.465593959874808,-0.551285771944055,-0.79320481854573,-0.748805389401116
-0.590358739,-0.424347762864561,-0.456283099479777,-0.881558715246657,-0.929887212717497
-1.014418988,-0.562112347225586,-0.82745272535389,-0.758654523119169,-0.785259448103211
-1.028994715,-0.588592275275874,-0.820629103939883,-0.685296553602763,-0.697025519753173
-0.425723695,-0.309064984305379,-0.251854402918925,-0.722916859537243,-0.760472316717869
-0.423664858,-0.229787513388681,-0.208269657268306,-0.743840783401993,-0.732869931119756
-0.988116908,-0.505509731948254,-0.660885193899497,-0.681870143018835,-0.589476824129584
-0.713472031,-0.485500257504514,-0.590873818276931,-0.796286554689034,-0.903627544271763
-0.873544956,-0.532532660219754,-0.647213586115857,-0.787549448315789,-0.901819619210468
-1.097461271,-0.649453263755408,-0.910671494549663,-0.808920198961507,-0.855440249208176
-0.8851648,-0.560275940846593,-0.727632092933634,-0.931533067581877,-0.879241896234676
-0.62529521,-0.422670137746032,-0.49640591773315,-0.921087692983221,-1.00913743777153
-1.182118583,-0.495574963350909,-0.893592250457407,-0.921476334029421,-0.673723372964196
-0.578421432,-0.335615631329991,-0.444537632446404,-0.991534931124853,-1.17784390582413
-1.372908209,-0.697433730594412,-0.720366794634346,-0.699758163372735,-0.607492544635282
-0.574433616,-0.430978814102249,-0.549302221099127,-0.867948522741814,-0.864023406970986
-0.400633144,-0.309654469307187,-0.269751360719783,-0.876419950726752,-0.745515588641801
-0.798642317,-0.470166608101466,-0.605555564114127,-0.906370490600949,-0.668071871506652
-0.847054011,-0.495410339113016,-0.645203711619556,-0.83697362652456,-0.952297103030748
-1.140638784,-0.657384857069356,-0.920688947618137,-0.899728832817371,-1.04881606258976
-1.336158852,-0.627829685653778,-0.980532406717025,-0.868835352558496,-0.980756542828168
-0.901248827,-0.570264880573992,-0.744556341382721,-0.940806773237808,-0.987091830790122
-0.632272704,-0.499317668888964,-0.600551613436442,-1.02134819753388,-0.936725480971427
-0.920189769,-0.593288933659424,-0.745986167867456,-0.886790219733875,-0.774789531076806
-0.866758664,-0.593552593410213,-0.718227761076469,-0.822954990028278,-0.879717174018032
-0.905918105,-0.640382793459974,-0.794306830786755,-0.839223992780452,-0.78467614475249
-0.632706071,-0.455442179309302,-0.449050859921031,-0.916925609886457,-0.990897707470213
-1.126573969,-0.770305386367421,-0.897343652064008,-0.841954766242665,-0.749087957274026
-0.808338584,-0.589187209691566,-0.64168162981448,-0.905434747697773,-0.990068531218897
-0.927895792,-0.626143848516442,-0.734835427104728,-0.947092710024144,-0.865862079483341
-0.817313245,-0.597338294382722,-0.660376157982396,-1.03679790010544,-1.09499897078637
-1.303252055,-0.892870893464531,-1.03865451755657,-0.868262865752734,-0.971208150868995
-1.172332565,-0.690227730332054,-1.05523665059792,-0.919721200014196,-0.995859895906719
-0.729573755,-0.496317627943601,-0.64777018141174,-1.07865072172912,-1.05390126642465
-0.928685964,-0.524897573628739,-1.12120460293247,-0.854930863819845,-0.855451263605036
-1.051562876,-0.486625666454747,-0.779189548756938,-0.769718448533562,-0.520364718567304
-0.002574575,-0.182475947429103,-0.0891532159048301,-0.843761921542664,-0.947123478771234
-0.891154528,-0.412430541055459,-0.699703201587909,-0.778523948287202,-0.433617465941712
-0.676775325,-0.372468844833042,-0.523260878873472,-0.87172580912817,-0.841646670097383
-0.818779855,-0.499871944988934,-0.754194779446175,-0.767503109464362,-1.03425364345633
-1.470152428,-0.62255255809594,-1.05863944662849,-0.860117117979508,-0.82139885568941
-0.797811246,-0.431463320659353,-0.614253628027112,-0.866857825900263,-1.23434023748302
-1.136438525,-0.566118255301616,-0.823992827003558,-0.901039859806866,-0.885445721701585
-0.792554264,-0.431546478951555,-0.624041219679888,-1.06166452498698,-1.26125593405696
-1.498728584,-0.972218194705578,-1.26523371193077,-0.95185543187304,-0.919259019093682
-0.988734857,-0.710588972926904,-0.942995732068516,-1.20292808869097,-1.23196978219404
-1.034240268,-0.534219585784732,-0.739829818692476,-1.0672845075319,-1.14219251713974
-1.2857726,-0.741165785297879,-0.996866741580185,-0.959375077816569,-0.98864730184943
-0.972488687,-0.665375851196505,-0.836638394767003,-0.975801310932615,-1.00422345192222
-0.727210589,-0.500558527880875,-0.5693177369745,-1.0504517974118,-0.979972778239548
-0.933031999,-0.636643483996585,-0.766570906904496,-0.967569415485801,-0.895094063020426
-1.056020351,-0.537997245153974,-0.810946369457221,-0.869410174522274,-0.862342196875391
-0.795360338,-0.464572982157911,-0.635526318881595,-0.882366991463104,-0.983862715625443
-0.93723924,-0.483368424495528,-0.749273277977733,-0.972222183152074,-0.872827646124548
-0.846750528,-0.449898093870449,-0.86646796669919,-1.0339894446904,-1.10994654096971
-1.321075238,-0.569331799222758,-0.958137257718205,-1.01165868227839,-1.01448951279745
-1.129864098,-0.561401165639237,-0.892172741938742,-1.19149795154835,-1.32799204819892
-1.452915133,-0.734340432578846,-1.22592829448856,-1.03899450920981,-1.13845397336734
-1.21588449,-0.702999952198628,-1.03735641911097,-1.10889983040304,-1.02115720939131
-0.53464355,-0.350017776689541,-0.515835727120484,-1.23704891711294,-1.22457576865596
-1.227167719,-0.639100305986698,-0.983759868934096,-1.00484536186554,-0.858629800745616
-1.158049048,-0.922990348136146,-1.16090010458006,-0.913050754791133,-0.875604641509606
-0.529383929,-0.289750907047453,-0.511453328386559,-0.923902954833459,-1.11756510775314
-1.042381665,-0.484789557349453,-0.82362064420964,-0.967989484086832,-0.957691357021589
-1.384090158,-0.647000965838103,-1.0689459883807,-0.913992621344444,-0.875283437977348
-0.733961123,-0.419238449859316,-0.713298811479438,-0.892578270927292,-1.15252825591359
-1.051268101,-0.435608847503519,-0.699657787154008,-0.785757630945291,-0.704587719684129
-0.622417495,-0.289691536626476,-0.497480129552134,-0.889679463966607,-0.701137062200342
-0.314607851,-0.267082740560802,-0.292227550143625,-0.838833872373244,-0.734081496960241
-0.708748999,-0.259328347911869,-0.42475713270895,-0.819972127145493,-0.798693127495463
-1.255536963,-0.661489445412802,-1.04433525011826,-0.864193294197716,-0.864061101720783
-1.053699165,-0.558130168348547,-0.901552633325224,-0.991533307269157,-1.16518571116719
-1.170633812,-0.528503563899586,-0.958739437553153,-1.07104599283998,-1.09999942852643
-1.105992682,-0.751096138534977,-1.18712199708817,-1.14270302981279,-1.20901553909981
-1.322654029,-0.658621482012197,-1.04777965083974,-1.11577880211596,-1.01710059042322
-0.836267452,-0.476255727560533,-0.750690728069523,-1.25927226211917,-1.3453345233645
-1.44110844,-0.72805387910352,-1.2720550797708,-1.04924726148954,-1.03352121457829
-1.21165071,-0.669379146190543,-1.01191040424086,-1.11061774002817,-1.12244924979885
-0.846316941,-0.570594148581164,-0.787537506755836,-1.16475812564918,-1.16666140166558
-1.089822778,-0.684925385835636,-0.834423054684279,-1.13750187677046,-1.02883692453788
-1.169865955,-0.807550001256711,-0.992770175763681,-1.05995976922297,-1.06042977683653
-1.042329577,-0.711789684429027,-0.872980912353879,-1.06439653928374,-1.15310699115412
-1.170700145,-0.91149624814918,-1.14457109662589,-1.10913854204309,-1.05407485297716
-1.015578274,-0.716711302413967,-0.900875844048704,-1.14404415573124,-1.19657975175768
-1.2715645,-0.932749981437938,-1.118685222385,-1.07029607178139,-1.0460212705441
-1.073009806,-0.853821466618371,-1.00398754293292,-1.03327590357587,-1.0967293697687
-1.023223039,-0.760490764596643,-0.889640086785121,-0.917502915991968,-0.840277298966656
-0.550199078,-0.497491481644343,-0.508268634458557,-0.955457732579712,-0.90193262533402
-0.779045263,-0.415882865739372,-0.68855227527305,-0.651760450583597,-0.668965489819319
-0.793815425,-0.436975169361377,-0.669861738884006,-0.769990199065362,-0.512450109350665
-0.061405114,-0.318560767390647,-0.462428000536821,-0.871713211298047,-1.11793487046148
-1.531214489,-0.748173096552026,-1.30193000793311,-0.582856454394288,-0.572485452735643
-1.108667504,-0.646382623895999,-1.13242192539943,-0.698270866959424,-0.771153324867645
-0.12982941,-0.0924704414559808,-0.0717386470830188,-0.789785473906338,-0.920463547918667
-0.671880003,-0.335419586670183,-0.495995421945037,-0.596716448829859,-0.568494199509276
-0.955232895,-0.42312560959209,-0.705891674984638,-0.574958092786075,-0.451754605650424
-0.115167772,-0.270472191518731,-0.333528615281725,-0.848099455250567,-1.0931166361739
-1.291582168,-0.824740965306056,-1.05668125821917,-0.642876876249139,-0.73119255927791
-1.406429796,-0.936873170850495,-1.28680708790165,-0.908166190673702,-0.678022889404211
-0.050372366,-0.0139683013414335,-0.0420861764505807,-0.724501252883416,-1.284220128904
-1.290177683,-0.819450710898742,-1.12533174528662,-0.948627855659975,-0.478179997781834
-0.704152227,-0.340159921096462,-0.51531672105775,-0.658579050697911,-0.93434632131513
-0.714721411,-0.575126199137512,-0.815189973490969,-0.779138541377773,-0.80900452476093
-0.76800973,-0.531319416773825,-0.721603302627487,-1.03122930881585,-1.01656026267059
-1.320954177,-0.73523237462788,-1.08457947226683,-0.79918673029839,-1.00528904307736
-1.334078114,-0.659332083922565,-1.12389659780372,-0.982566879444599,-1.00286463307647
-0.696359258,-0.436983353110806,-1.21334402127805,-1.0524338621482,-1.2488650669513
-1.309352806,-0.493560380058002,-1.04621676299851,-0.758069702780069,-0.612221602402123
-0.625317806,-0.280708227739903,-0.584963099168182,-0.429734896264762,-0.292780797983764
0.66714798,0.313128056289934,0.783943347440152,-0.44284152072524,-0.0957429454577385
0.68037193,0.209603300405042,0.350215298073064,-0.370191110003632,0.0510934707066029
-0.334585076,0.218457192739766,0.143571629134397,-0.169367725457941,0.079852506800543
-0.393596009,-0.347692110625062,-0.620545078470075,-0.489223087920293,-0.604447353979925
-1.027996914,-0.499424220980063,-0.940084394864648,-0.361097251213411,-0.674222718253163
-1.104441745,-0.441458729907121,-0.961558350494189,-0.367156640728137,-0.621091931688191
-0.338924931,-0.205740377919197,-0.274458936394305,-0.716694594020894,-0.625096321150451
0.119430648,0.206379881444499,0.121495163333241,-1.0820796065566,-1.13682766715197
-1.863496305,-0.853968410821613,-1.45946115927462,-0.951935047404943,-0.782246232536895
-1.704668391,-0.709537508199539,-1.34655800921258,-0.48242664140097,-1.28806853960114
-1.301864326,-0.265382771856054,-0.872914340124185,-0.441498889619965,-0.47817970792029
0.832442472,0.31599056724931,0.251437758861514,-1.02272465953511,-0.607131638949036
0.419569273,0.174524290934477,0.127729816450651,-0.8161806868308,-0.453123972553323
-1.404020185,-0.527008506632791,-1.12888114503068,-0.706923929982319,-0.505701407690351
-1.5164635,-0.876978558889686,-1.45642214824011,-0.754916644094916,-1.07951318307502
-0.995530045,-0.538367262985362,-0.903135336785738,-1.05420723601242,-1.34335029867797
-1.305089302,-0.634617036663052,-1.05484468187543,-1.08718405350745,-0.929084577272145
-0.747109346,-0.454992341575289,-0.407107044126959,-1.06905412401218,-1.16216305058645
-1.112777806,-0.549521535469735,-0.755488119827648,-0.927953824506768,-0.776966802219253
-0.725907775,-0.410795556388136,-0.586390179353143,-0.804871271276123,-0.906242638697568
-0.919050347,-0.173443346082388,-0.781328414522311,-0.708915208976651,-0.260880380651426
0.588519287,0.491240681212708,0.702226307205196,-1.05512545134155,-1.26445078334511
-1.722258097,-0.225250180432118,-0.271454810480815,-0.639359011985555,-0.374153452126107
-1.147802455,-0.416067085777483,-1.02986465208053,-0.90072151798998,-1.16581980804869
-0.86965149,-0.404580346534704,-0.935676891123516,-0.987808644109187,-1.20437628699735
-1.316445139,-0.357745066778963,-1.08255970043437,-0.88974116008633,-0.801012162716894
-0.706272877,-0.480839646527526,-0.682123539462996,-0.940482989659488,-0.909637557566231
-0.46480421,-0.427449513216341,-0.789439619058509,-0.915879259932837,-0.95321730085295
-1.277811517,-0.822025025959875,-1.25713791781506,-0.681550869604683,-0.360255191301856
-0.169508083,-0.105031375933764,-0.224671216128596,-0.724523690574031,-0.796811952358814
-0.441163446,-0.357557502667017,-0.328630759317995,-0.697357262282334,-0.307610296029932
-0.294789254,-0.223889863888701,-0.33114681228705,-0.661913803810508,-0.422708779517891
