630
-0.185858237,-0.223070759663532,-0.600671847583523,-0.571328269057271,-0.219379867216841
-0.051979641,-0.0415340454224019,-1.6006716704827,-0.537253053279635,-0.717073086146255
-1.328796749,-0.865326711192362,-0.60794117642461,-0.0884411819286124,-0.166155362887459
-0.317508269,-0.079285877722874,-0.343084121767707,-0.395549258362527,-0.540071229954534
0.199404155,0.112457914745393,0.365209184457765,-0.827218311486617,-0.581204726906863
-0.601011441,-0.332616577259135,-0.480052655265945,-0.766187770418384,-0.649865665374278
-1.582959195,-0.555259404847779,-1.20428390299131,-0.29778787031684,-0.439346386363772
-0.433488993,-0.132278386077092,-0.340166837368939,-0.80691209229859,-0.75940067497423
0.078001317,-0.108356836490213,0.432011988298962,-1.0035248625106,-0.841492810733978
-1.130446274,-0.243008906069546,-0.900011449011815,-0.65491872704618,-0.479621302346428
-1.081012967,-0.350380772457323,-0.735686595755524,-0.392549134935745,-0.546947215359968
-0.09815199,-0.069916685139327,-0.303127173138306,-0.770178039222297,-0.686497986153057
-0.19978332,0.0071338806559832,-0.273056390106946,-0.942748371657632,-0.587070461800004
-0.806799751,-0.0552785374373941,-0.659819638530434,-0.681066002354667,-0.921487495348686
-1.807596849,-0.751250417379795,-0.773415354245493,-0.538110737542705,-0.692473480812577
-0.627057576,-0.143789155630137,-0.425282785111461,-0.751744586110845,-1.27263074849563
-0.961797854,-0.222694029605478,-0.733932727255149,-0.925681445085537,-0.668812302653219
-0.489975784,0.315378162556477,-0.0706427128703703,-0.98876593164574,-0.939140574806674
-0.961856047,-0.53743685901629,-0.889373173053083,-0.749134739590375,-0.698833506505143
-0.851927974,-0.453279465631349,-0.770713096736508,-0.832599604824815,-0.840079859092285
-0.782616705,-0.446381131044894,-0.922703108249215,-0.735107293300094,-0.809221636803744
-0.826760453,-0.422716919102143,-0.670550530061465,-0.688552131685988,-0.585255766476666
-0.353149974,-0.296618788913796,-0.370107159394101,-0.800084753175256,-0.665135275895424
-0.417693718,-0.273045715712624,-0.61096341525534,-0.865386182960816,-0.723100091557082
-0.983198569,-0.573968094435301,-0.848606883601614,-0.749563381137013,-0.832741845753537
-1.308872079,-0.613459137790516,-1.0909297156608,-0.743301686263278,-0.8971484189089
-0.861505015,-0.376492980126237,-0.722214182751365,-1.02466736055896,-1.16902441137276
-1.104152961,-0.580603668521534,-0.960998581767195,-1.02726592755979,-0.966591927510081
-1.003268904,-0.570580218114229,-1.02793192251644,-0.962707810325206,-1.07501362902229
-1.136863679,-0.590187198129302,-0.947921934392945,-1.24388993542875,-0.864518659439228
-0.501165799,-0.318447005808029,-0.728280854729225,-0.847208611807993,-1.52194433844122
-2.29576507,-0.617256476237251,-1.41263133815874,-0.813507712454026,-0.209978601364394
0.410758944,-0.233717081860755,-0.368941755913531,-1.14944404590864,-1.60527800244524
-1.158941671,-0.402194383899212,-0.849753376220314,-1.23053367035727,-0.594804600314382
-1.217328493,-0.351205338198213,-0.784554412645227,-1.09889719685712,-1.14947280540948
-1.32348597,-0.453130706601035,-0.404866744467421,-1.19882103654856,-1.24191871392318
-0.712978879,-0.571684359066499,-0.640578540797268,-0.779553423492816,-0.8932300608207
-1.050397886,-0.74873976030575,-0.8226061898944,-0.776117846879487,-0.805566124873692
-0.919870931,-0.627340056138106,-0.776776467838962,-0.809778502949422,-0.864448023474738
-0.709039197,-0.590835466222253,-0.690042488596296,-0.863233927135167,-0.883816934492605
-0.835726241,-0.559166016444091,-0.68604102948209,-0.878608238579373,-0.788719959560174
-0.770865564,-0.594276386780158,-0.657804565901129,-0.858670677128998,-1.00994725665532
-1.276823626,-0.871738311752599,-1.10743507132588,-0.724349378369999,-0.765484868547481
-0.779346836,-0.608456631269167,-0.764571718165821,-0.818790916049798,-0.9010374287881
-0.541350728,-0.445293753527249,-0.564819819624844,-0.877689437602963,-0.88756083315821
-0.937145234,-0.31931490635481,-0.705466904546813,-0.962178714273648,-0.745891021744819
-0.813569524,-0.196590895663401,-0.709380438535194,-0.897553280719155,-1.15461387718999
-1.597772885,-0.178527259900201,-0.703918680981523,-0.715642757222195,-0.633778527100804
-0.376829039,-0.652385802492589,-0.651625859717029,-0.960153942563087,-1.15136286041125
-0.835776706,-0.21668916141977,-0.785670767218195,-0.844980437058308,-0.639716938353744
-0.718075782,-0.146215026909463,-0.596732989040157,-0.907479047204917,-0.817724014956541
-0.837199592,-0.139873143317836,-0.726340500621119,-0.798389913612492,-0.804619511249536
-0.699585655,-0.208330225262336,-0.521655348471671,-0.822996850175049,-1.36204547562677
-2.136319516,-0.627232198533886,-0.821203935639319,-0.765085420274075,-0.649364975304265
-0.510294832,-0.248847374900186,-0.45781031609456,-0.945963639574201,-1.45268547858842
-1.012038796,-0.285125883199659,-0.878204300343152,-0.83237706769341,-0.766085842708919
-0.834511494,-0.298201744784392,-0.750081811776264,-0.930648293593221,-0.81949219339855
-0.635699027,-0.447581281623156,-0.574092631417582,-0.788665907571421,-0.860818061866521
-0.879216789,-0.718903633093309,-0.845595002737003,-0.838402646494074,-0.733248459971858
-0.783882776,-0.646430257896175,-0.747275206860373,-0.822583994276447,-0.862700843481445
-0.891261649,-0.584843223372468,-0.777847685265616,-0.769984333139542,-0.797730085275089
-0.806799025,-0.465295930697248,-0.701034406774288,-0.888404233125243,-0.825697730607331
-0.714519202,-0.37506552719578,-0.413569218819108,-0.910569728913946,-0.966830117777838
-1.13105237,-0.713964225468277,-0.856233723289488,-0.868528486841839,-0.881577046999875
-1.05202441,-0.573905029830945,-0.928990318406393,-0.877166669383146,-0.998723370424262
-0.979595769,-0.437937186472517,-0.767806206946206,-0.816939849867078,-0.840427371045163
-0.637067951,-0.326111850210956,-0.52119933933402,-0.86879387955324,-0.777071147884678
-0.513165898,-0.3129260504292,-0.43484246727677,-0.830584672870893,-0.768603228254092
-0.846473418,-0.530239723912206,-0.741097420914189,-0.855221444628939,-0.695086992802413
-0.813381894,-0.520287427969078,-0.720806942275157,-0.847494677944667,-0.930565468880414
-1.104702434,-0.717059687940162,-0.87680088665893,-0.757182066188598,-0.811279724529896
-0.848255619,-0.584882859018833,-0.729230039704007,-0.850870132360627,-0.830730561814633
-0.562154205,-0.390071077676212,-0.502509153434577,-0.895638660245058,-0.849812120319327
-0.818087576,-0.534471242325279,-0.652661070309334,-0.806872867483033,-0.718590959445508
-0.845811891,-0.619656715917739,-0.778682254980322,-0.745604746602641,-0.754664944311777
-0.717063594,-0.60284833907955,-0.69765404140849,-0.730880706363674,-0.794928747042216
-0.757914673,-0.529480109801175,-0.696744399357496,-0.744078285580312,-0.729730666622393
-0.74295597,-0.557437964699515,-0.661448822356572,-0.710442115190364,-0.687031982248806
-0.631766728,-0.333579722668651,-0.510145048224612,-0.609739483422345,-0.647549086818734
-0.61483572,-0.427242710031597,-0.58823551564252,-0.607355092712015,-0.416976560386732
-0.069215692,-0.202972314469165,-0.261463443564922,-0.73924294212488,-0.731483304994177
-0.840520908,-0.414117122820253,-0.696637747268139,-0.48121306550079,-0.504499537316556
-0.96053574,-0.581471084975575,-0.786045149650432,-0.476273070573325,-0.50462289716033
-0.220705662,-0.166804300523003,-0.239600392411451,-0.582161962638515,-0.745094785447902
-0.562104011,-0.343946595192178,-0.521560950432428,-0.48078703877659,-0.447874979318875
-0.600549024,-0.32586926812692,-0.60840524120705,-0.570746042269866,-0.458923108742996
-0.207087566,-0.118670622977546,-0.114885614571589,-0.63032497084619,-1.01171163468438
-1.540527779,-0.648988293815643,-0.845952782799314,-0.65769190028471,-0.546890988553921
-0.829278671,-0.453159685450644,-0.819139620211625,-0.819359064711257,-1.08948099496818
-0.845431336,-0.322648754079621,-0.67597803403269,-0.808402833554684,-0.824302349986755
-0.720067099,-0.564589067538503,-0.696233552091714,-0.982575592754442,-0.858193338945769
-0.883671808,-0.494530897727771,-0.726987783669958,-0.774536086739368,-0.738606974614948
-0.748490475,-0.52676692049571,-0.651812627341738,-0.791814247848649,-0.766861097927046
-0.647421871,-0.466772458277424,-0.574996580661888,-0.781153365812778,-0.786801205595799
-0.819707283,-0.713234758288273,-0.789123747063998,-0.815953382651711,-0.70370411721962
-0.707678099,-0.603336454868829,-0.65694118875372,-0.796358350459816,-0.867446055760106
-0.961027514,-0.710478522517714,-0.800047089795084,-0.754149899388775,-0.765439978568366
-0.819871134,-0.672161042375568,-0.734839083646626,-0.77927955783312,-0.839101091539921
-0.772899703,-0.638523119600301,-0.672821684551465,-0.759215673761167,-0.738520996296242
-0.641009332,-0.559560432775834,-0.557877760622734,-0.757479965483287,-0.712957240045402
-0.640377667,-0.556512577033377,-0.583047685444211,-0.695760639628502,-0.662038582429875
-0.659171905,-0.569623431548539,-0.603130601611903,-0.682960891481119,-0.660501912790722
-0.661059876,-0.565853478744988,-0.613230621667177,-0.677183931056662,-0.713319990446786
-0.777858419,-0.652026312904704,-0.714868644525393,-0.716773872949816,-0.69234544324097
-0.710328488,-0.549734331174633,-0.630821949191252,-0.753143181940385,-0.781807168184437
-0.782958928,-0.615157979381543,-0.68305850178723,-0.777791690982659,-0.818454830192099
-0.923891371,-0.655399778204863,-0.78134471815867,-0.814676005518054,-0.832515885128336
-0.899281555,-0.730361505655146,-0.779502133035524,-0.828579451249791,-0.875428971582571
-0.850550874,-0.63714424487028,-0.693077664220516,-0.861202578001245,-0.871768543367491
-0.839418934,-0.663516605952037,-0.739769922825803,-0.866421289346459,-0.863736917678697
-0.880592927,-0.637673060121075,-0.796260379187775,-0.823767175465156,-0.824328528660056
-0.818258676,-0.652009996680436,-0.738637758109187,-0.843751650597942,-0.80728030766673
-0.71159083,-0.657546242122308,-0.741172629178327,-0.875142874058424,-0.862900483559735
-0.930447806,-0.486323001762444,-0.803463414445921,-0.738533055662435,-0.725096263726988
-0.893418436,-0.388377032806391,-0.785689757214291,-0.786073042234851,-0.323216511694455
0.490508379,0.0124827177612814,-0.0884273009572092,-0.875544968549657,-0.991337538648034
-1.162326748,-0.566400013264716,-0.859893906041004,-0.780603001431245,-0.192382360643268
-0.577781239,-0.334456390615129,-0.650490211221201,-0.837247694083527,-1.06122937875123
-1.240796021,-0.560623493740484,-1.05119341981415,-0.661195333458549,-0.723841055627138
-0.84757091,-0.503508060285277,-0.733653297555094,-0.710242371056889,-0.889138479995771
-0.801117736,-0.261185137729725,-0.661137710625957,-0.670001181379134,-0.27206905096239
0.592752083,0.044410031751098,-0.101937174348488,-1.01494616203154,-0.924797103485472
-1.010385741,-0.30510970397712,-0.429718558426495,-0.63387079738375,-0.395192408807152
-1.252843725,-0.262275281121726,-0.902531953599233,-0.55535721346556,-0.757943046475396
-0.695973852,-0.425854813920539,-0.680982500296664,-0.729603400385046,-1.00151742145637
-0.800519243,-0.409794590135475,-0.713351666260654,-0.975278276184739,-0.842904589417923
-0.87853581,-0.462370733524322,-0.723792188918354,-0.942254297909206,-0.963478214171527
-1.207356843,-0.444565691889944,-0.924336455433444,-0.741091502983066,-0.782528743420112
-0.74976977,-0.432455343950476,-0.701572679197499,-0.952947725913977,-0.783182417117665
-0.27554853,-0.418742384066365,-0.711964858214071,-0.868056165879353,-0.991926684991016
-1.335425186,-0.594035845434893,-1.02267172219267,-0.651704365769827,-0.304657238092314
-0.181581621,-0.271904937173088,-0.336431365381108,-0.757675385502257,-0.924924328890642
-0.650597653,-0.258389255302057,-0.561525320054908,-0.607185647433053,-0.527295231251173
-0.723948343,-0.44496803348006,-0.645668870423349,-0.737374822056424,-0.65691801972722
-0.650397656,-0.471622858173553,-0.565440995489441,-0.680052790055887,-0.880001822964124
-1.147813704,-0.648363434832239,-0.958661111040017,-0.571781746856567,-0.591165301726168
-0.558380181,-0.334731538584857,-0.491680656482545,-0.674826683627022,-0.70043522354203
-0.286766351,-0.307621226790965,-0.375012286149689,-0.703297596651136,-0.593614612466106
-0.552039924,-0.235421241743109,-0.469341252331607,-0.596344440870606,-0.443558950510031
-0.551202651,-0.363472378060577,-0.477232900577982,-0.481171215921188,-0.525096067328157
-0.549058176,-0.382423856113013,-0.506217571585845,-0.549571717488964,-0.484635597894523
-0.356294608,-0.301033319187746,-0.4015007693468,-0.654136581687519,-0.67400566354776
-0.787555893,-0.55997881747406,-0.705327074779993,-0.658007213191935,-0.625637511457359
-0.873245734,-0.583983800615314,-0.790919402487474,-0.66765107430268,-0.776544153023151
-0.85963689,-0.564272117207792,-0.761751548254959,-0.663144036906248,-0.742901058934061
-0.649222966,-0.506898417636499,-0.6019139276571,-0.720656164259742,-0.704507202353005
-0.571952605,-0.453983610776863,-0.528370704143126,-0.772680836816343,-0.555136849172754
-0.36275954,-0.319766293389037,-0.414344973271643,-0.730054791257284,-0.698693107565726
-0.823127997,-0.465683990505915,-0.691080754860213,-0.586580767758493,-0.563198324714607
-0.762241905,-0.480976979484079,-0.37321317850983,-0.619730532460448,-0.652710765594413
-0.502580974,-0.297839173220404,-0.541441183225556,-0.829569735825378,-0.777917052319792
-0.740472302,-0.515477777414469,-0.656676645169667,-0.92014620314472,-0.819580189534125
-1.113499964,-0.479319181941187,-0.926777254820326,-0.824617557854579,-0.859397233002433
-1.028850442,-0.611966022485439,-0.87499912605856,-0.86647011325986,-0.971927760999676
-0.905271322,-0.682972160785326,-0.840679961550284,-0.869378698082504,-0.920441656320724
-0.829912461,-0.534957500980772,-0.706882208785152,-0.881004194034315,-0.805341139560934
-0.64976186,-0.482026948779421,-0.581977541108021,-0.857444762608972,-0.868803459358127
-0.945917022,-0.678486014338722,-0.824909066553118,-0.767877247834055,-0.637725178524129
-0.546626463,-0.344306349596602,-0.427967351917179,-0.796652830471418,-0.892485236988545
-0.904130321,-0.586690471793546,-0.733284273802134,-0.725878540777672,-0.66889020130075
-0.731498643,-0.412304282857093,-0.632939359209618,-0.811031865945231,-0.814199785625823
-0.75110465,-0.480093078963047,-0.634219891648292,-0.72309854849545,-0.813296098599657
-1.032618336,-0.495727451288401,-0.542410942961278,-0.695557443612845,-0.369894572652249
0.12787988,0.137145254109586,0.134021900610638,-0.632641583560761,-0.820184050111159
-0.751046835,-0.318303531519165,-0.709161031530581,-0.661551668164004,-0.0585564734360725
0.111952485,-0.131345151470865,-0.287171440954756,-0.900651506873787,-0.897196438424111
-1.178855452,-0.569654886948622,-0.702961891992307,-0.520493713806034,-0.493900340110809
-1.068868196,-0.266093024751872,-0.837941977328586,-0.616714346683838,-0.760384580850378
-0.477459102,-0.320571175155667,-0.558161391320131,-0.726926739062433,-0.904933451457077
-0.777154041,-0.541278087088086,-0.398379129922652,-0.734813201100515,-0.583617509880316
-0.661065546,-0.169068305440183,-0.570156560204508,-0.529238018412351,-0.507994440569562
-0.263701623,-0.12244636920467,-0.283983792511404,-0.463866761933731,-0.492193319006325
-0.307851882,-0.230653664544636,-0.374005259488884,-0.431431456721175,-0.325857689834397
-0.315463305,-0.145172907489073,-0.391081133591386,-0.390238654709627,-0.350033046634762
-0.366003451,-0.0897251184289494,-0.389370171472589,-0.423133566024896,-0.419247909667633
-0.460793592,-0.290817743487714,-0.475444747304747,-0.541672135296671,-0.619664697548711
-0.921762487,-0.337735915401696,-0.687953638710415,-0.522863627057139,-0.547665753854392
-0.638353184,-0.377404318021511,-0.596636461807426,-0.616504765033442,-0.784943686456533
-0.755218441,-0.437493814559085,-0.631841915550751,-0.660035064808749,-0.593738395961027
-0.438680242,-0.242453715715419,-0.411975609398813,-0.741376011137536,-0.852668299001546
-0.910945426,-0.122709363310289,-0.724532886472601,-0.91631141052732,-0.870592575601519
0.035123488,-0.145745008320676,-0.150381469158432,-1.93199439798197,-4.71290019606245
-9.976731608,-6.25404107597837,-1.06895875949574,-0.506785268133958,-0.375271454267778
-0.675177116,-0.64885800941059,-0.664598925564296,-2.01450571014176,-4.51282298044218
-0.478755369,-0.345393867010666,-0.449274367507596,-1.56027179460426,-1.33518831570298
-0.856981795,-0.671862049986163,-0.823212397958073,-1.79288708325287,-0.654500084399142
-0.595360593,-0.347252229106682,-0.525094203117647,-0.750884886624738,-0.811395888983501
-0.754748247,-0.486032077040365,-0.74472080299316,-0.697350039212191,-0.816086791531258
-1.052678635,-0.726136557087186,-2.74563023620096,-0.717688353810227,-0.723172174501302
-0.72570532,-0.565163073070307,-0.678901619494709,-0.745318469732369,-0.81570394481275
-0.641734516,-0.614028824069115,-0.693532246482962,-0.808449822584118,-0.653205318220069
-0.468703095,-0.245941049682308,-0.459662048130223,-0.816338128767466,-0.798233454096211
-0.975340462,-0.773292448142763,-1.43342384362516,-0.685527977922483,-0.604793924495487
-0.705675043,-0.49097328961983,-0.677982674176463,-0.799186594544299,-0.826012166967857
-0.730251232,-0.448797914722852,-0.662027969199199,-0.724719765560229,-0.793166615618005
-0.905455784,-0.365903171005251,-0.666941422588458,-0.730119601954245,-0.636621878264189
-0.496183073,-0.305287695542206,-0.449513150002854,-0.701663646462905,-0.841258906045369
-0.888575163,-0.45508874234101,-0.711984183087688,-0.644808114901529,-0.436573158144681
-0.218595939,-0.230716634209819,-0.405748896269876,-0.781795709614673,-0.864685466800097
-0.915650013,-0.786166515908487,-1.06091920594973,-0.616917335846628,-0.531595651987762
-0.765643652,-0.362662084030139,-0.547500111073227,-0.710897571392622,-0.748709762252732
-0.654751996,-0.301297297422839,-0.577089309197536,-0.452998140742279,-0.77334663349516
-0.918975178,-0.241326423724479,-0.75700584500733,-0.61098733813049,-0.306631440445981
0.252259441,-0.0415922945364519,0.0233520635551011,-0.809439780541842,-0.957746621751385
-1.114789765,-0.327155686078482,-0.541468824396063,-0.418363971715656,-0.244894708811915
-0.565039799,-0.332366126719073,-0.773787458625402,-0.833700235159567,-0.773234911170507
-0.425128832,-0.303021433750875,-1.09034958779353,-0.742629628988781,-1.14323004209822
-1.847809983,-0.729709229391697,-1.26082838471332,-0.508677009300796,-0.544620625798896
-0.764249556,-0.102979183371313,-0.694215910805765,-0.610431392482084,-0.770098358023279
0.299168558,-0.0466030751641176,0.0963551366317045,-0.949677251661683,-0.966567222399711
-1.040329236,-0.444935450080781,-0.55197650916256,-0.811815485107725,-0.451075588440766
-0.999705984,-0.544713225270048,-0.871614560049087,-0.720325134148892,-1.00804533696864
-1.23628675,-0.478174736739678,-0.847013302578624,-0.540510869122761,-0.819785515890525
-0.75939922,-0.434791182750635,-0.565225125985691,-0.884250224986087,-0.646680799761979
0.038058393,-0.086893605274243,-0.271874374716489,-0.981245824763092,-0.839306313767345
-0.79256504,-0.579382155359579,-0.737595348602407,-1.04092298439813,-0.645131197987345
-1.135592056,-0.521431806406646,-0.9099646240987,-0.805919040974613,-1.1220045358188
-1.710517118,-0.494688359084222,-0.865907592877048,-0.71228475205645,-0.876292791539961
-0.610158523,-0.676567324642044,-1.13526586431938,-1.22205766318103,-1.35914921855406
-1.073339745,-0.506812159858731,-0.945810773813533,-0.963388148857938,-1.02017906569698
-1.483776496,-0.54278096442604,-1.05746614090623,-0.843522580169634,-0.574459307679802
0.019599245,-0.341485402913138,-0.396497936850472,-1.00420939876078,-1.17120733023119
-0.831940356,-0.0932440075261897,-0.471919444787073,-1.04234677051351,-0.830901667594774
-1.062004248,-0.410616146253212,-1.06248060768315,-1.14408574990139,-2.24653516443322
-4.260672694,-1.4755062060596,-1.59280269190965,-0.669938661042143,-0.956124054074726
-1.01851796,-0.412689082459317,-0.663248616008406,-0.884418339914438,-1.99793934239231
-0.345967593,0.0281815280646259,-0.412959231094199,-0.905920929010838,-0.475679950440089
0.627694006,-0.119711494635957,0.265469771077037,-1.14193712897842,-0.431704620788817
-0.258061108,-0.241168436838176,-0.538906562203338,-0.641563963895805,-0.222116042615997
-0.921357853,-0.441915203559277,-1.1074684977588,-0.166568676196964,-0.470041025178835
-1.126535629,-0.31142811760323,-0.864852429154333,-0.12141324324128,0.15783603551656
1.378086927,0.268803829355249,0.975979530773588,-0.670267955589303,-0.706818480885441
-0.240576568,-0.162423879944342,-0.327516005836504,-0.862140208424421,0.068934877844215
-0.805750643,-0.423601566614287,-0.760979417956552,-0.884505178803925,-0.649524958874193
-1.292216777,-0.596608017322036,-1.05872945677958,-0.525119479019549,-0.838172396025996
-1.050757115,-0.443325126037462,-0.84760550607717,-0.719476897436614,-0.902032892907035
-0.618880464,-0.479362359475864,-0.634881580936423,-0.736365226760596,-0.788966292033301
-0.635127054,-0.0593786128575447,-0.392679483463607,-0.593465784331987,-0.225499957387866
0.338862689,0.0688662368222187,-0.115801658191055,-0.590531431023501,-0.494388009658999
-0.367471925,-0.100243782275861,-0.175541339753086,-0.375475978563899,-0.0160126567704002
-0.182169561,-0.0482579973672694,-0.713917126892502,-0.346672751568371,-0.371241554995165
-0.466970867,-0.292687511973851,-0.585230267892457,-0.189422401301291,-0.305791742747682
-0.404529195,-0.149583217841027,-0.521813151420312,-0.574047182876404,-0.448052148305056
-0.27215469,0.181311666307015,0.188038801334911,-0.585532239025648,-0.998157442557353
-1.790990246,-0.53522135096965,-1.15987235447014,-0.812648660796154,-0.366678541665486
-0.140923375,-0.524761977511274,-0.442852735060041,-1.25953340701225,-1.85336182678584
-2.384688259,-0.249774964908123,-1.29059514134528,-0.736223176508495,-0.555034711393078
-0.781582038,-0.435927915487139,-0.295224448929835,-1.2341530589432,-1.34332488085047
-0.519533444,-0.133478888187665,-0.520189855280793,-1.09287088108775,-1.03739706163283
-1.185419494,-0.524694656975112,-1.03831681616486,-0.887602545516921,-0.596148484220863
-0.633561693,-0.208797504125067,-0.625044366338423,-0.613832538049976,-0.766858184814936
-0.484955606,-0.23130057223683,-0.416122218577764,-0.606861434848816,-0.437331812177725
-0.076667359,-0.150357733870623,-0.309060312148198,-0.439788145262161,-0.613984951517525
-0.960947395,-0.589241532090921,-0.87072928483173,-0.330226961287844,0.283052941725246
0.959979376,0.540578545484599,0.334505120180598,-0.627245881065465,-0.776721943333201
-0.678147989,-0.241934251064421,-0.703986497935962,-0.37371960752267,-0.117426569695387
-1.046910808,-0.407310172229159,-0.698733940810997,-0.647336798172758,-0.354316401543414
-0.015263842,0.0196163128443556,-0.0927325257937229,-0.87136914408948,-1.22308450787059
-1.509490581,-0.818062522313692,-1.34337166432525,-0.822847387064941,-0.752546454375378
-1.426754623,-1.10275939161377,-1.31366571164229,-0.96900309040191,-1.10414981312393
-0.893621438,-0.587433404881287,-1.0152138558286,-0.913137788562682,-1.17795012085085
-1.06726334,-0.465478465065267,-0.816515431372254,-0.783685226348291,-0.618128021997601
-0.196766761,-0.247559082589253,-0.236582891604241,-0.968167606702084,-0.853425041243703
-0.557794601,-0.40265215046568,-0.701129001278227,-0.864029398855416,-0.762318422192322
-1.270353413,-0.547895743550649,-1.12467222955363,-0.670635689372418,-0.659823046827416
-0.834395606,-0.497791542721722,-0.861843742130985,-0.602161802220535,-0.87101399742265
-0.580264013,-0.372573622367764,-0.637404076555478,-0.773203121202573,-0.743492640333916
-0.6236755,-0.534096938695731,-0.838856197393521,-0.728043630558187,-0.559018071015981
-0.668398961,-0.170440099157218,-0.480469739611147,-0.552255340153963,-0.0596931399700008
0.746941557,0.283726451112369,0.415833059197497,-0.715272009600592,-0.765580218480217
-0.891690559,-0.43032761703488,-0.719991505842982,-0.338974873163258,-0.103598825201043
-0.82884364,-0.430978861472165,-0.795866055761129,-0.573421648587563,-0.466849892960212
-0.059587857,-0.124365502634968,-0.362220735760999,-0.714410438085156,-1.08808186801301
-1.427820426,-0.560865810465248,-1.36540889469544,-0.703506128203492,-0.606527544201133
-1.158074437,-0.367738295310669,-0.428563272554124,-0.626328040629147,-0.809864686024463
-0.385900045,-0.0868188704473653,-0.468252401016198,-0.594150093000458,-0.759252238191655
-0.355451575,-0.208808469905207,-0.529244291331115,-0.576365712068595,-0.405054402979609
-0.437734973,-0.162228175627211,-0.405124577405303,-0.326733711129112,0.0295150923785868
0.422890478,0.317765607888427,0.416038196505888,-0.0108379522210807,0.0428104604241025
0.512004642,0.262760551058529,0.633434088380535,-0.0385503327719822,0.411323239907409
0.722111176,0.299151687071521,0.424115120649009,-0.236526173687142,-0.0485026306992604
-0.58223587,-0.47744264398329,-0.797261445302044,0.170870448864408,0.0705427250061975
-0.571477123,-0.0736090447787785,-0.497149848626909,-0.116792973587092,-0.392606697772486
-0.400265804,-0.0874539311137325,-0.306117326217976,-0.329905077246568,-0.448822864175384
-0.325239878,-0.208990245780761,-0.543407489458287,-0.536936272247824,-0.466588672682068
-0.490336546,-0.251782084500119,-0.515084540514801,-0.537885186577353,-0.484590645460262
-0.611457622,-0.311240818846434,-0.614614683846086,-0.539942893451395,-0.599519658663842
-0.728594937,-0.593834695679521,-0.44984944100965,-0.719479948448795,-0.668039309432483
-0.678600688,-0.223953490774175,-0.584915060434129,-0.686761540335719,-0.918510288401159
-1.268399705,-0.34409505513727,-0.900188254531206,-0.688332053162118,-0.511617026239901
-0.183724068,-0.398374402146853,-0.160329730743872,-1.02706630141454,-1.20369659819792
-1.246949404,-0.557483417758869,-0.618519156405695,-0.896665553229012,-0.722691038626986
-1.1234325,-0.604263445370986,-0.912132510533025,-0.891850829903434,-1.07864949998609
-1.153242865,-0.431091813954867,-0.85669906843157,-0.555670812603109,-0.7839249941709
-0.612712303,-0.176594452457643,-0.565606944075651,-0.76086409552845,-0.32625728115638
0.717089384,0.285927433802967,0.367691946123815,-0.647214341557773,-0.725367968713634
-1.016290978,-0.285004926373666,-0.917526093660995,0.0299400023416695,0.606720359915687
0.681922412,0.0203931803002399,0.602412830214938,-0.0988738260869944,0.032950901885916
1.101664986,0.408355249426951,0.637624135000053,-0.222442373180202,-0.0446738043336105
-0.467574685,-0.198474050286236,-0.213621930258002,-0.192420979950068,-0.00863123702546997
-1.08228813,-0.363278052035623,-0.855196092986248,-0.265921125334878,-0.466884880000592
-0.675195095,-0.286988307032216,-0.618208408473203,-0.579158931764384,-0.856192641544546
-0.786846402,-0.419803379732343,-0.87512338933403,-0.697629165088197,-0.647032044538441
-0.598506748,-0.390677094937995,-0.637029797150907,-0.722803040074219,-0.614425970588191
-0.420037719,-0.225181752864279,-0.43227305692503,-0.710790692990528,-0.630033677811926
-0.621263547,-0.411104170609207,-0.724150928940146,-0.605231946503158,-0.581029970977248
-0.786237474,-0.277355427038936,-0.632082687035028,-0.377318007038298,-0.440883053514045
-0.341612232,-0.214091630111392,-0.397706815248377,-0.421454245055573,-0.364618426269428
-0.059953166,0.0317807770859742,-0.0898879184336138,-0.485441632459463,0.0624504909279464
0.756947008,0.281797550045366,0.611914744189749,-0.535960711686403,-0.437858011334065
-0.804940547,-0.269235758693062,-0.538223968044493,-0.163865433856887,0.0467877159173525
-0.532367059,-0.296754689533413,-0.507400133814761,-0.450529885817581,-0.564046854110832
-0.484717454,-0.3676529559805,-0.436958917997618,-0.716508939046611,-0.690209791196126
-0.817122574,-0.48137423144611,-0.735606955351489,-0.665212250668519,-0.729401662705485
-1.030359719,-0.576535173187437,-0.81516783105568,-0.669591351047391,-0.683603669564504
-0.556857673,-0.292361583366998,-0.51587692100874,-0.799737468216641,-0.913333570650366
-0.832675816,-0.592377815340602,-0.792009432587927,-0.841694696495614,-0.736734569203362
-0.85231998,-0.500576468960404,-0.654924793693511,-0.805804859162887,-0.823815879426724
-0.887690692,-0.345477363845659,-0.669241628415693,-0.733295037465673,-0.728958634464834
-0.558926869,-0.227903962264609,-0.43375091349202,-0.909355268034598,-0.901225904629683
-0.859763898,-0.323036109819392,-0.657897740691902,-0.73018558248284,-0.938542016337253
-1.398527153,-0.838589918154665,-0.988735359965675,-0.704068475426393,-0.681118848953501
-0.509493921,-0.193668768750005,-0.531816187154973,-0.800093304553999,-1.0136449247146
-0.685234957,-0.449336880757453,-0.614462755596086,-1.04798202670298,-0.757599655297903
-0.743409728,-0.280352621094703,-0.665092068174897,-1.00377990366849,-1.18323321779512
-1.853951155,-0.898134835578241,-1.37231407812706,-0.716210705025511,-0.745540131897145
-0.738422318,-0.451998758546639,-0.210237087181045,-1.08117291141765,-1.27620573597571
-0.826151793,-0.482613451011367,-0.814087482490409,-1.1279352193699,-0.987726161365475
-1.172227241,-0.0662902961960449,0.171266420454068,-1.05247426933315,-0.745657667886646
-0.586652101,-0.227213169908491,-0.415713620292223,-0.886236546432509,-1.08857684966421
-1.115742167,-0.411307562305514,-0.915239031382434,-0.789195925723025,-0.69082064939324
-0.691100376,-0.428464628857175,-0.655297580753161,-0.963407123449082,-0.94867929767225
-0.811940041,-0.356984571914404,-0.593343716085982,-0.813593675800582,-0.901900574470941
-1.119934768,-0.343248113770485,-0.862617276015056,-0.902193349940093,-0.758098615712593
-0.610741068,-0.268197413224987,-0.56220097067303,-0.98141013972087,-1.18689609584301
-1.344023695,-0.864667483725631,-0.827383525508983,-0.976519724260323,-0.870357372754554
-1.050631539,-0.617366763703305,-0.855525772115804,-1.00578327804123,-1.18115215527589
-1.164697197,-0.606278417462293,-0.916931685967267,-0.953770282360093,-0.965956641554853
-0.846661519,-0.498402766975587,-0.745360868520715,-1.01090854008308,-1.01777420413832
-0.918272073,-0.51657094251803,-0.836791748509068,-0.914320537281559,-0.789677673425598
-0.714617043,-0.148094958098043,-0.499676491415141,-0.811687466618382,-0.722144075528554
-0.548274629,-0.555371378283052,-0.74724694684105,-0.764153788196681,-0.585099596501049
-0.330530011,-0.10461761568867,-0.178186675311269,-0.786287156697229,-0.77123289040033
-0.995465691,-0.566113806060342,-0.905563540468699,-0.609894364244546,-0.57925711353248
-0.826828651,-0.395201699342917,-0.661266204438047,-0.578995668179828,-0.744502890396738
-0.568027425,-0.535038617070867,-0.561687379915008,-0.679847656742356,-0.768592582637179
-0.709756389,-0.540915446044726,-0.545248082357728,-0.818334976971951,-0.623866148346372
-0.565673284,-0.402241058406189,-0.544096683610124,-0.830256122638566,-0.875366155030087
-1.116255375,-0.694693809153303,-1.02272503155617,-0.588567106425585,-0.650145253888514
-0.779275016,-0.410750331472799,-0.585967235217993,-0.594601108608551,-0.694575396190298
-0.325913762,-0.244749979300858,-0.205498853855133,-0.742453042859528,-0.66090441091926
-0.436223756,-0.240854113475677,-0.472597260276042,-0.699200210654179,-0.643920105630185
-0.959103565,-0.535634704140981,-0.825998628743012,-0.61294363790659,-0.458408806091512
-0.417625569,-0.353561794113111,-0.518314103021325,-0.748652406990425,-0.876999721452633
-0.835047417,-0.525451225657634,-0.780408461463853,-0.695670355910176,-0.791238198276555
-1.033086763,-0.423690335777051,-0.743376993924656,-0.926975035073804,-1.11606312672135
-1.539201229,-0.706977725355967,-1.07018400047812,-0.804491401015881,-0.967466168721545
-1.001221977,-0.492336314824721,-0.746880727975982,-0.939876748820375,-1.0231255872157
-0.563216517,-0.519983506343662,-0.61410063657826,-0.890410241449612,-0.900830821007653
-0.789449307,-0.443502455306275,-0.599709426575912,-0.771466508095073,-0.52272513491047
-0.398720016,-0.29658606294574,-0.369205066404991,-0.629943953241714,-0.608034903071289
-0.4091143,-0.313620276060452,-0.367354940622136,-0.546304550219043,-0.565077152009741
-0.667254146,-0.427961281271403,-0.549343338967739,-0.633959782947499,-0.57152283965002
-0.691929134,-0.584115407918888,-0.717506604682972,-0.728013846509971,-0.77856642212021
-0.93077201,-0.588935375715949,-0.777851024863422,-0.693216767770027,-0.796286847818445
-0.933239179,-0.586247474440791,-0.812125283724964,-0.788641929072618,-0.835790371011696
-0.767675702,-0.536116974635064,-0.68494135059503,-0.826097307858269,-0.882033613315911
-0.851647056,-0.612394746223234,-0.759508778317377,-0.861212098787048,-0.771935747577446
-0.661672359,-0.412433233848669,-0.650938019536265,-0.88429738536461,-1.05410643910207
-1.423073784,-0.791495193019125,-1.14886760553441,-0.713871844546331,-0.530743631887518
-0.287939009,-0.350198508099631,-0.411872754588843,-0.838072276949826,-1.08297861499839
-0.877554828,-0.451301686287245,-0.713255280925739,-0.747650146719225,-0.57765397563345
-0.653175603,-0.35135832494476,-0.63970169860916,-0.81836079733616,-0.934225573385627
-1.106324548,-0.577228061792753,-0.881359557063206,-0.699251129048318,-0.724788445006312
-0.786525131,-0.525128424635505,-0.709479599717724,-0.753709389321782,-0.867661587087419
-0.717878784,-0.451044121233829,-0.631875666914598,-0.673272093099794,-0.689626074604037
-0.568930345,-0.418353900378035,-0.535876315024962,-0.774450366197214,-0.604611079930194
-0.406983456,-0.527413366852335,-0.565643865917633,-0.694313468612214,-0.728042536377461
-0.885575827,-0.633284771560798,-0.887602099542957,-0.597149025386324,-0.583014873500622
-0.591141778,-0.479208024736606,-0.551946825724679,-1.39750999479925,-1.17094966140718
-0.691680804,-0.632671339003777,-1.63796373207718,-1.58055482232644,-3.43260417447227
-7.215303514,-4.77117483624823,-1.44419146193868,-0.684351503908262,-0.696310856904848
-0.742959601,-0.603389817447603,-0.992511857386152,-1.66258811690601,-3.38251936526837
-0.513452813,-0.771271039638477,-2.76076992986886,-1.8344733099189,-1.09321396644356
-0.58336785,-0.316307719017983,-0.575491401668225,-1.2110372236649,-0.747996172464627
-0.818813327,-0.483702243512914,-0.700946025258297,-0.729936661082617,-0.726775980479933
-0.88525621,-0.538966318409872,-0.737137751845852,-0.732353689223207,-0.741036540401044
-0.680512919,-0.575319925741945,-0.632424344969358,-0.784768941296852,-0.828782011521844
-0.803175101,-0.598040439974396,-0.722425203532715,-0.740854552764408,-0.704392040644941
-0.708264931,-0.493954785932873,-0.637417654120695,-0.73141948402216,-0.720645085280282
-0.656030163,-0.475262839570076,-0.526198692822856,-0.71161905411712,-0.675603910861681
-0.616903976,-0.481304076154056,-0.536651253974344,-0.722063770846287,-0.687692152431788
-0.704503565,-0.562740978216482,-0.619718809729655,-0.664181127080718,-0.681714285069108
-0.76292691,-0.589520203062012,-0.738226259201826,-0.701823283317716,-0.648697578450962
-0.56421925,-0.436450885123805,-0.476752578008778,-0.740541901944901,-0.794054815879607
-0.851238226,-0.64810441729003,-0.705326078826316,-0.707490449281087,-0.670182256205769
-0.749846257,-0.585131032774292,-0.668632993864258,-0.743933372947466,-0.774696122124803
-0.728355346,-0.601387695708363,-0.65981723002096,-0.770052903290102,-0.772476414487398
-0.789670796,-0.574103596078124,-0.66467059533932,-0.785024975891566,-0.748024268277416
-0.78745648,-0.52488010097779,-0.633181207586252,-0.672120264410893,-0.702980876559797
-0.653985649,-0.286858232704887,-0.488390601335937,-0.684561841316272,-0.623076915631917
-0.430757769,-0.256615034438046,-0.443589322571623,-0.650358453802995,-0.648580013035288
-0.66633144,-0.307522048270454,-0.513611838749474,-0.608282073680995,-0.423432160176428
-0.301403217,-0.159139982726254,-0.248108847056003,-0.725553679687629,-0.729881228570584
-0.758189213,-0.480473006023025,-0.781290490017165,-0.621049326319381,-0.771932400982847
-1.278598684,-0.716628408449358,-1.04317476962351,-0.737000809669153,-0.699900849939343
-0.649401773,-0.392448333534057,-0.570462951024165,-0.753087686527296,-1.09770675053859
-1.059262129,-0.66136341997407,-0.877304164025102,-0.823899517796281,-0.710655442901393
-0.700049272,-0.519157653541992,-0.666473967759815,-0.86920841962248,-0.82353870820137
-0.627668565,-0.407344564189285,-0.539748406681008,-0.68952492526951,-0.71850112388517
-0.716741577,-0.576454349448323,-0.722515504116681,-0.789269907219428,-0.593442086875495
-0.506933859,-0.414758990934998,-0.530063499749758,-0.725794686959298,-0.721387447936792
-0.712954926,-0.505967209633734,-0.6089516228039,-0.71728100974639,-0.704187301382537
-0.882201263,-0.60701973103534,-0.685653605795985,-0.714724553453633,-0.748924805722151
-0.815198908,-0.642211880717121,-0.722210384808419,-0.754094979640705,-0.821158816993053
-0.794054361,-0.525922029648335,-0.630509606387708,-0.758923968318266,-0.792116940616395
-0.789276889,-0.557124714428766,-0.67388382287792,-0.753229147762698,-0.707370293644668
-0.607975976,-0.461858313917118,-0.56163596246655,-0.758566503739219,-0.728325850226529
-0.651882406,-0.3423771584718,-0.569317823773705,-0.737965386544803,-0.690811309502893
-0.748524394,-0.423257465817813,-0.674279437164665,-0.714254631853442,-0.691435171445864
-0.69489116,-0.503301943233214,-0.62441353079207,-0.829079263103801,-0.842956477745217
-0.952737407,-0.511833795191804,-0.844827426120575,-0.769465549884658,-0.825085248219851
-0.989159449,-0.454726468085024,-0.82808777134335,-0.808260486575099,-0.8195804266523
-0.691807605,-0.379750252980946,-0.592105610562513,-0.916630604089527,-0.943001461724757
-0.908390956,-0.71951741204806,-0.817092663618033,-0.871063401951403,-0.820067279596817
-0.951231904,-0.726045629554615,-0.863974961605177,-0.789670608534385,-0.763997155317762
-0.713429728,-0.546052157499215,-0.640206511546304,-0.791852764963174,-0.601219411717577
-0.159073909,-0.168978491363648,-0.224968733480272,-0.83684035346444,-0.79486912097325
-0.853916485,-0.624437231402245,-0.742087341668534,-0.718913970603565,-0.511538590539278
-0.738244891,-0.513865554725479,-0.647114581159999,-0.753965827413466,-0.875709214606208
-1.032856529,-0.719095542800268,-0.903655721194677,-0.646424726381521,-0.739401477855606
-0.773824421,-0.521248970927337,-0.603085179196813,-0.744558537142556,-0.758290838413878
-0.484324963,-0.372843096038587,-0.436873056310916,-0.784958585318372,-0.788774399430876
-0.795384562,-0.581266640270924,-0.722937939990477,-0.697953244650106,-0.584075450199279
-0.639710594,-0.515653738577444,-0.599880124774725,-0.662694405504106,-0.684009504802692
-0.606054336,-0.505484385396683,-0.612469428380897,-0.705403053224489,-0.651639223321749
-0.597032809,-0.466864447247603,-0.535774915490573,-0.765458820333211,-0.769103857768517
-0.949252049,-0.614397919232939,-0.833807209499732,-0.722362021058193,-0.691886460303895
-0.737458472,-0.50286012177198,-0.537564800223963,-0.787997412392634,-0.973128467808385
-1.089537904,-0.723553814267211,-0.949322536926564,-0.818245043069956,-0.79173705769561
-0.812987177,-0.585122641357026,-0.661649701364946,-0.844714985571776,-0.957063793116228
-0.900815195,-0.579257261101441,-0.697346858912048,-0.867367419651026,-0.783849549946571
-0.708814856,-0.515505312350385,-0.637234945435913,-0.880868960774693,-0.840073363817435
-0.767831242,-0.596669601936899,-0.667173946172444,-0.80369297863117,-0.817296816130352
-0.930832257,-0.613131635924382,-0.798903198969662,-0.773625672340966,-0.738179346551062
-0.695250763,-0.570827747590633,-0.650848100112225,-0.80946562589021,-0.860407547394887
-0.820613538,-0.633871773669474,-0.75727539906206,-0.850785650641672,-0.75546919179675
-0.744609674,-0.58090234888581,-0.660534254749906,-0.861256136561273,-0.907324414060902
-1.04432819,-0.766182207471374,-0.905042300608827,-0.747632542927502,-0.778355101127828
-0.834258291,-0.636759359364752,-0.736600711404221,-0.771415890157659,-0.812660001485408
-0.611384729,-0.516510476480679,-0.573653402750408,-0.803097673679546,-0.779122804746577
-0.684157097,-0.586597799060555,-0.648090172986723,-0.806860946320665,-0.715907688922649
-0.773511678,-0.637398724366507,-0.684829100282713,-0.767721491149566,-0.75865010012332
-0.86802246,-0.699723335552994,-0.76453139561209,-0.680632926471891,-0.715213572140853
-0.697172893,-0.631421391801714,-0.667389300494236,-0.726194228374161,-0.687639013115096
-0.475707228,-0.431397732368571,-0.439581913261281,-0.773857787061086,-0.757675356519751
-0.798942802,-0.683122414798687,-0.715774870836609,-0.739811605296598,-0.642550518415081
-0.766584629,-0.659829409518983,-0.703079543663846,-0.794398858160458,-0.781687166841755
-0.789228297,-0.630917633385353,-0.704383794309275,-0.81034463070139,-0.83770211657322
-0.913229702,-0.74716768264673,-0.874337406596878,-0.80062436193335,-0.839978116910541
-0.910744179,-0.664876333175088,-0.762550524185239,-0.807685731851745,-0.847804222958289
-0.805603733,-0.659360863806966,-0.727091093094633,-0.830310324631153,-0.843235596370299
-0.779064826,-0.575742665123234,-0.683131505958723,-0.83392115124086,-0.797146366978196
-0.781259456,-0.651362452205432,-0.758410793293928,-0.80092831328092,-0.756698092502173
-0.726727945,-0.525524200215025,-0.579462746952173,-0.70635982406464,-0.758601950983652
-0.766661136,-0.554149839120721,-0.653617416677788,-0.693688265627758,-0.646304722283167
-0.518570686,-0.435879960585219,-0.480888131869173,-0.739283349852992,-0.770452782082499
-0.815057277,-0.639677123382278,-0.783914526607931,-0.58659648094334,-0.564875564303146
-0.605026506,-0.526036414545025,-0.586547060980733,-0.572123367290257,-0.589702950918293
-0.397792746,-0.343741131317384,-0.391936712611661,-0.618206579300411,-0.532809203856392
-0.376870881,-0.367743617064316,-0.315234674552599,-0.666121855606165,-0.59846360580851
-0.736866387,-0.411696851957513,-0.666226600643889,-0.657722914724093,-0.652218858462419
-0.797472959,-0.434743131295791,-0.676315304225974,-0.670123612421976,-1.14659009434143
-1.769226848,-1.11935885185739,-1.09061715487331,-0.668972868411073,-0.740677731268084
-0.691492163,-0.562881424497409,-0.651759030345679,-0.843763552978623,-1.18755627389022
-0.770764411,-0.597299005901015,-0.716637598974519,-0.792177076345937,-0.745401221886601
-0.657675504,-0.413175796097,-0.576503361581385,-0.826847088090646,-0.726085921176011
-0.671026519,-0.589150831544673,-0.609435763956855,-0.703455300880657,-0.677992615168382
-0.668040814,-0.535360964869665,-0.569136154959099,-0.739894940667967,-0.709776060358539
-0.728473018,-0.651885661493601,-0.68263910170249,-0.757845713163534,-0.7628979067903
-0.861232575,-0.728005229936021,-0.76547185626129,-0.766517378906837,-0.777135830327716
-0.824560593,-0.706468078852279,-0.740667384536457,-0.803236030280001,-0.866388596615946
-0.907867637,-0.678477344117538,-0.795347787732162,-0.800375973858874,-0.817077734615747
-0.810718721,-0.654638844412707,-0.717431416865243,-0.838671085260221,-0.841728109844799
-0.777948591,-0.665964270438929,-0.728158083491448,-0.859363108076933,-0.833262250994644
-0.832516835,-0.572542276123432,-0.703264722041393,-0.802282969163459,-0.843701938631606
-0.958931436,-0.657451017448937,-0.802473534120326,-0.757672650897401,-0.704402884064071
-0.553786622,-0.477341025471384,-0.536304400732698,-0.801961137152523,-0.845269146798428
-0.768350902,-0.581218746960858,-0.719478400145298,-0.725306252724276,-0.634203362470625
-0.654447048,-0.484848649975914,-0.556763623879892,-0.767246137574646,-0.707672846584276
-0.655579324,-0.504376759461458,-0.632488012424054,-0.683758435665013,-0.711619873537902
-0.758543154,-0.59118151967385,-0.698691688923535,-0.70775535124292,-0.696962567761041
-0.751379037,-0.612967680514292,-0.661162938476772,-0.64047086124458,-0.697751304541404
-0.689081966,-0.425969123945128,-0.58669213779431,-0.616024651903617,-0.596520877027545
-0.385630107,-0.289422035212843,-0.351105284512336,-0.711298503090701,-0.732668555252453
-0.7880687,-0.530665062645032,-0.672784543485103,-0.631992979168608,-0.540298009438097
-0.633850426,-0.525607039827728,-0.604839891865947,-0.692926515586847,-0.731689235999142
-0.725295233,-0.468994675037929,-0.66510773795116,-0.614213987439843,-0.698243000535952
-0.816297521,-0.519210819449278,-0.761846730977589,-0.608556588678582,-0.535876429602789
-0.345193876,-0.295953934026742,-0.325342153224136,-0.596347953330404,-0.615494668228096
-0.446539292,-0.322430434883455,-0.420950158613837,-0.583060691448917,-0.375103940840539
-0.276001255,-0.303058082205611,-0.539277408385424,-0.755722794295273,-0.561098716342151
-0.595083778,-0.314844015934659,-0.511029370220098,-0.574535537815187,-0.733090927221984
-1.268287227,-0.536936363868558,-0.806367005798424,-0.468317243242335,-0.566446497280457
-0.582799154,-0.403458893129432,-0.549294426294369,-0.70989684329497,-0.868966225066491
-0.528202074,-0.303154113834783,-0.424755573317552,-0.80302128526167,-0.762300016809094
-0.900084506,-0.448618639318201,-0.711996667349576,-0.733714818817031,-0.574703879363875
-0.569313245,-0.517448138439653,-0.580162851696667,-0.738993502366218,-0.810748797378247
-0.793872789,-0.607876138356491,-0.75517932555406,-0.709564018594475,-0.636102133790857
-0.643719664,-0.486367748771623,-0.606659590453588,-0.714678551822413,-0.763216276734828
-0.801029377,-0.598674875373746,-0.707899328692888,-0.637868749204088,-0.594819233783664
-0.501457661,-0.470966190182455,-0.497463809687161,-0.712467409324868,-0.727741277135891
-0.678557204,-0.54643938395336,-0.612007725917025,-0.665046079248243,-0.599975068333276
-0.653358911,-0.545242681981968,-0.618433605307591,-0.690420907003854,-0.666985172667479
-0.684611398,-0.589276275184632,-0.673675479197615,-0.641974143508614,-0.639617696695626
-0.593953756,-0.439429376341232,-0.51780208407168,-0.73720987689508,-0.741083221020093
-0.802827023,-0.658302944280677,-0.778612146421028,-0.714952467868662,-0.702539540631457
-0.81269099,-0.506663108886686,-0.693615496747629,-0.686936948049053,-0.744862919619423
-0.737451262,-0.53337055715683,-0.676150965587326,-0.780407597813628,-0.701402361318463
-0.516800371,-0.484877167074245,-0.643122677056013,-0.853817999772156,-0.896341478123629
-1.075700109,-0.721357010340026,-0.885070912050815,-0.734549383613584,-0.710518555099383
-0.891803946,-0.564480947247047,-0.82351961688954,-0.682781732475626,-0.870374248299414
-0.846790591,-0.484441719573393,-0.72859075480045,-0.698631377253296,-0.533399558626782
-0.067060474,-0.236662517961018,-0.274318592136247,-0.810184384340218,-0.76878795766457
-0.709336617,-0.416693487272547,-0.655719031728233,-0.683435901854967,-0.355124902515487
-0.478356006,-0.377758637350964,-0.496340858257595,-0.67360169158443,-0.709765755760393
-0.785429225,-0.360708872744461,-0.644105965846299,-0.729300346756246,-0.65442588658422
-0.790884373,-0.373776927045759,-0.611790775598322,-0.778421776331322,-0.822778586162113
-0.912781664,-0.461963495568013,-0.749349368415664,-0.747468217403604,-0.814874955039687
-0.872805344,-0.402252440690379,-0.606606820512093,-0.756015818663908,-0.793977016430911
-0.715416525,-0.440874560724161,-0.660659786935855,-0.75637070101724,-0.725833359280285
-0.552411191,-0.444049291511162,-0.573067776311376,-0.807328712732171,-0.723791222261586
-0.673899307,-0.311027811742712,-0.547437072320089,-0.700664209139608,-0.74125536349308
-0.979801216,-0.624305784575978,-0.874713120002892,-0.560979643726739,-0.560628072451044
-0.457387188,-0.365310718616274,-0.46803373853745,-0.714669675336203,-0.707992324683447
-0.430082843,-0.304185432121781,-0.45176193498752,-0.937444174297482,-0.659639023136616
-0.700923451,-0.438446294734976,-0.717922505629262,-0.879239321855406,-0.872307365893009
-1.389104229,-0.623375695779016,-1.08349106509111,-0.698453431918592,-0.727929979432255
-0.790943652,-0.435475813523331,-0.653676483105234,-0.817271701338745,-1.04352126757078
-0.830417482,-0.49917705693671,-0.730011767895049,-0.84094528732106,-0.768848719404721
-0.670238929,-0.439313832176719,-0.605467442562523,-0.869452983796609,-0.763422527834455
-0.690005985,-0.463456954105961,-0.618498317506428,-0.750656703021701,-0.696973893455595
-0.70292943,-0.431909166521958,-0.701842056494366,-0.692253547805696,-0.683385889624569
-0.686512023,-0.305671566161579,-0.553205433816446,-0.692695117620877,-0.658714989153399
-0.558167564,-0.381412206223221,-0.511302571093876,-0.79733919534449,-0.81748460198285
-0.946051475,-0.396945721839538,-0.881630571043374,-0.722066772605741,-0.762739815712325
-1.01779732,-0.441056220560674,-0.87003082106066,-0.643765636756042,-0.720676996786953
-0.567754783,-0.372161480220817,-0.591350447231902,-0.698275293265127,-0.725960833331663
-0.383702612,-0.272337410734457,-0.493386048611272,-0.873858401647834,-0.739622390752923
-0.785257366,-0.394788853743779,-0.721238529844645,-0.721465452868383,-0.808328692774751
-1.32975319,-0.795262821353914,-1.05129292881762,-0.60491226158502,-0.583087345835802
-0.336982969,-0.207201383175554,-0.279838927126,-0.701199812660586,-1.11703740688755
-1.044536088,-0.39615928117935,-0.731891863297155,-0.66314895577268,-0.59043721943734
-0.762771549,-0.510117062784547,-0.57982227001038,-0.737916386175134,-0.679784974622702
-0.368631149,-0.314673624862653,-0.352598233631694,-0.618821072382096,-0.687756755172167
-0.582566706,-0.332464862066829,-0.549531417196405,-0.621653090647511,-0.509848132553777
-0.602473543,-0.310722564510399,-0.58104144457947,-0.555612887318279,-0.531525341733218
-0.502849668,-0.423340792894808,-0.496384230713248,-0.496876463306439,-0.550432700622292
-0.506066027,-0.280735252740838,-0.379769646185608,-0.527837199580648,-0.507155532584382
-0.491737895,-0.366254886833491,-0.549828802531882,-0.566346850030247,-0.518808207316309
-0.483998739,-0.328302911488314,-0.413542704459095,-0.670517548417521,-0.642373064387518
-0.742866707,-0.380719923124102,-0.608916980248034,-0.662029508429472,-0.77338069361398
-1.101547969,-0.564637381365017,-0.968977123393172,-0.535696681556119,-0.768483470654348
-0.963662261,-0.524728832762625,-0.749569736756146,-0.634015211460335,-0.56625363863787
0.069834443,-0.277860947135678,-0.144023440239431,-0.95738565347068,-0.987519014667545
-1.01818418,-0.511500828906732,-0.812655300671785,-0.762878716890331,-0.49055580306477
-0.929700051,-0.453889152602785,-0.824542413050284,-0.712138085841095,-0.785801718439901
-0.655712356,-0.3988021668911,-0.648608091922676,-0.797280521562992,-0.913410173436766
-0.89304519,-0.537538294914799,-0.736809022539932,-0.890563123756434,-0.833545499934606
-0.986799525,-0.677683690699425,-0.834148476767388,-0.901992608261246,-0.874011909405821
-0.846425849,-0.652829580391285,-0.75083420891247,-0.881209970078145,-1.034638098014
-1.166991486,-0.859024710014601,-0.916682719716139,-0.90458533779489,-0.795447071046355
-0.637006894,-0.605735961681443,-0.570154119305395,-1.06057351261556,-1.17660397159286
-1.254942742,-0.917132982298146,-0.99785279721109,-0.925642692987359,-0.904228436387664
-1.142664229,-0.844566949903861,-1.01960688961744,-0.913678838344524,-1.01144782168136
-0.907594247,-0.699835989631772,-0.833906783979602,-0.801324558136252,-0.834599395400061
-0.501084601,-0.447151888376286,-0.485186617806223,-0.889068315806047,-0.791872385386354
-0.614241422,-0.481808423389919,-0.573345963557831,-0.749699560543386,-0.677291236444241
-0.792436875,-0.5452300558882,-0.687664332845797,-0.805926693535429,-0.682189781038502
-0.66631689,-0.471873425199233,-0.649672620318358,-0.758348935860898,-1.01827741432016
-1.401089901,-0.754948607391521,-1.10139032116366,-0.638020431689009,-0.610396189275251
-0.571082824,-0.458061674513191,-0.432140579572262,-0.773848793711143,-0.82775584340827
-0.350591969,-0.136009005590438,-0.214444665904876,-0.671548845814391,-0.55455401239723
-0.396560754,-0.300529761182446,-0.424394863762637,-0.704140213708887,-0.508786925777767
-0.58623682,-0.329950157776097,-0.516371147871092,-0.636183937779076,-0.596567540142891
-0.772336447,-0.409417636543269,-0.671239142623871,-0.594876465989887,-0.744262354977872
-0.880707955,-0.560788939041554,-0.636278449363686,-0.698837759850352,-0.976954788483233
-1.311160176,-0.765101071048391,-0.975802886337009,-0.877416558031267,-0.760677267322706
-0.587677599,-0.181334855316272,-0.469415963257218,-0.806734985508117,-1.1625151792298
-1.16477398,-0.723455230035924,-0.993785075491498,-0.882107342745929,-0.6479233271652
-0.574342119,-0.349786161744227,-0.489843313620712,-0.798933245916359,-0.951808655542984
-0.825698661,-0.58213677229815,-0.73179978232537,-0.769609810776347,-0.688570455516106
-0.642355105,-0.528761678650566,-0.610086325841805,-0.955790072392274,-0.996525061375495
-1.239319929,-0.766087044454432,-0.96291805993659,-0.704804599553842,-0.799320124045056
-0.999747102,-0.604668787542451,-0.889397424934609,-0.799755747466217,-0.852824530775899
-0.550778925,-0.35697695052317,-0.550129914599895,-0.803422757779318,-0.791777265161882
-0.561930579,-0.340297003071298,-0.709711752036461,-0.80653936842112,-0.587951375198044
-0.614674098,-0.337568261309781,-0.596867873532089,-0.381502531193468,-0.391601391494669
-0.33043693,-0.0219412905063716,-0.174006470558479,-0.27955176317809,-0.0756118519223147
0.592226579,0.228140131192493,0.404211054821583,-0.51179403938398,-0.341303739694681
-0.23807015,0.0374023706506125,-0.281168491502882,-0.382874415909185,-0.136794831804156
-0.751158581,-0.34485509698688,-0.569413161772313,-0.21107707193186,-0.343549187315002
-0.594098851,-0.350488018307009,-0.577926370837449,-0.299167346705822,-0.485818235752926
-0.294067591,-0.291273051525418,-0.321891189395497,-0.468091567362466,-0.511647762608128
-0.506700003,-0.265463755870537,-0.48284778098268,-0.423117281716617,-0.132841813873295
0.195094785,0.0938056335585825,-0.0237253854638726,-0.501339310427304,-0.544187476603283
-0.609093315,-0.353087109637485,-0.692574233492058,-0.403730611928,-0.249408674261764
-0.604186265,-0.439881923584583,-0.970262804828441,-0.310495212289926,-0.514808058181951
-0.609224839,-0.2053987984339,-0.629571741971613,-0.174489985891315,-0.321595304812043
-0.07613293,0.173827689756665,-0.0995744926316286,-0.499472782497321,-0.26777703782065
0.345527637,0.158639998940776,0.176478264908303,-0.748877135282397,-0.821305460252246
-1.521888546,-0.751742831129755,-1.00441694008987,-0.684714459620868,-0.50936183558605
-1.365383699,-0.895535806266937,-1.0637820238332,-0.702458912868035,-1.05479516307259
-0.915185784,-0.469985899735448,-0.82008866816288,-0.602788017332482,-0.936142867147266
-0.582306138,-0.478297096332412,-0.5616855050981,-0.910442359219849,-0.585859806978769
-0.031315961,-0.290290597974821,-0.340049435324171,-0.890497243227699,-0.870252132444278
-1.167281209,-0.491532263069828,-0.84439298652848,-0.57097203700697,-0.415724054023826
-0.735254227,-0.293367284724551,-0.60184884423052,-0.55049962893128,-0.783789097541079
-0.622246552,-0.00750614959193856,-0.617429280343482,-0.362137131419075,-0.481833844604523
-0.452981512,0.1352211750331,-0.320029002316206,-0.531906566701388,0.336985586317521
1.715969614,0.591147397502026,0.905644489648098,-0.735218776574949,-0.70558288537818
-0.940010631,-0.176060282946197,-0.863061360253303,-0.549081053207499,0.258775664706632
-0.89309524,-0.187836170395925,-0.838840796705975,-0.471314127483781,-0.661173204422657
-0.810828232,-0.208671296784393,-0.737361664765669,-0.550198011230291,-0.564233188403042
-0.179325502,-0.390716517213338,-0.369947832081237,-0.891614390931233,-0.835638799508163
-0.845500992,-0.369234975482531,-0.423707499766296,-0.605931629462477,-0.591432695825566
-0.995311357,-0.691254947914551,-1.04838492893698,-0.605036125016928,-0.58655362461893
-0.383088267,-0.124477633862267,-0.227730664994137,-0.678827087274682,-0.773524733034729
-0.666201366,-0.327267142868529,-0.570040604022146,-0.808817764157731,-0.265932978531082
-0.0263471,-0.161883938620962,0.00320263164224013,-0.712317570046658,-0.636701291325314
