630
0.226262201,0.157952349886743,0.318135892893889,1.51878394320698,1.42190397946964
1.418301625,0.496799633662451,1.55955451619222,0.575690569530429,0.883511604263204
1.665954133,-0.0593223201545573,0.693565298673457,0.542926004580675,0.712073230438903
0.12250319,0.0207851021136304,-0.516829102312492,0.757590953336928,1.034299499913
0.42539553,-0.212741264360718,-0.159907275390995,1.0664071282608,0.513405140954392
0.621045155,0.194803256407429,1.10397690976837,0.621375273297252,0.721017565031211
1.182914277,0.241847550341204,1.30595594200203,0.36069295365207,0.372539059583925
0.068119699,0.120496284239371,-0.05964203402649,1.05718021803395,0.871160284370384
0.510908624,-0.169762340620635,0.298626971558892,0.730041783081608,0.824860856793487
1.677854356,0.557407856967789,1.54072705145623,0.490158871711476,0.238712637680578
-0.125699182,-0.0876634356584401,-0.101790978584029,0.504378839412361,1.13706808234218
0.910679767,0.630336258198199,1.12971629425104,0.768461889051046,0.0708731471086941
-0.193834437,0.247683073226814,-0.0541245329688226,0.660535657826565,1.02587487608005
1.655359324,0.351686602016196,1.80040460713975,-0.105438339527138,-0.513021804144115
-1.081950998,-0.192929657772604,0.756045767686325,0.497747715700171,0.499417599751786
-0.548227481,-0.106162605163382,-0.308967814736632,0.362049029082277,-0.139206781351831
0.334255014,0.252039786573538,0.528489162861824,0.619086300474038,0.204783502884729
0.878729027,0.605032188106264,0.918112298259014,0.43567167671154,0.882762668582531
1.618779257,0.289725022810842,1.20410117834743,0.631554292528774,1.02612466767067
1.315188346,0.61061428966928,1.01943835719168,0.91553025674323,1.27136407720966
1.090979396,0.513846069081093,1.01825858165568,1.02842394172475,1.08075667691017
0.898652666,0.412705573438946,0.767115557438116,1.09619502227025,0.749968373789784
0.252249982,0.486951241695432,0.576275562010308,0.980665276427799,0.989240664693238
1.19062228,0.414382783632925,0.982043394294948,0.698764862204817,0.287984534435751
0.069354256,0.104050281542822,0.236320596254264,0.770182880310941,1.07481396872976
1.231284301,0.37528829002662,1.21874594687054,0.343476189932237,0.235673178535294
0.24292052,0.130372583359624,0.0657526966193308,0.579432342809733,0.693760778797167
0.196775685,0.0341651992959322,0.12501695122092,0.443792753431644,0.653802059808629
1.045523826,0.441509649524,1.03735195069517,0.762417058124882,0.279631906661257
0.150505544,0.0340260618025728,0.238502016275196,0.563335371063721,1.15731067026869
1.590949147,0.614754547349844,1.62121393712263,0.463047455810832,0.267134932937356
0.220306197,0.077948377106605,0.303070475297131,0.600470751941285,0.965487466548179
0.556512118,0.408096093195624,1.07312417332629,0.823253723308703,0.417023503243195
0.335697777,0.0990171668521082,0.334171112822767,0.780249571994394,0.775032114069718
1.048851551,0.35634598194087,0.998834562098954,0.576076592012824,0.60276823789133
0.837923443,0.429218378401517,1.06598661197258,0.828400789108509,0.900289385837028
0.76705312,0.659230291127104,0.493487834873441,0.933760068639249,1.14094254763262
1.350650832,0.58800053818995,1.04458098895844,1.10062587611113,1.28893114266108
1.929526685,0.889444713661785,1.38083324080025,1.01833764592734,1.15297204481521
0.99528704,0.796341517688052,0.902500157660696,1.45132861899509,1.56370918669999
1.112184632,0.619176566417278,0.639054204832428,1.47887533477484,1.73379934183557
2.568667353,0.606138173267112,2.06861788995279,1.43417995803292,1.10208124685668
1.017249592,0.846237583275606,0.982987644927771,1.40102196183907,1.92857712171247
1.602983572,0.423403656378502,1.13810367632889,1.31042644961568,1.0889494082753
1.017490947,0.546638778286803,0.613940919776184,1.15199002434916,1.09222122332523
0.651799657,0.477476246374183,0.848503025412752,0.875455484625439,0.832745950348792
0.604693324,0.3807615263133,0.393766801032088,0.942842581070428,0.54216935213668
0.168806472,0.308399607722763,-0.134729459406867,1.05502014162391,1.05209957609966
1.369578647,-0.0124947858009762,1.01368205867442,0.996583389691053,1.1799274235718
2.349616495,0.559498789865374,1.89109079042229,0.759150554036462,1.01951683075642
0.858823848,0.579426710512835,0.686792077987045,0.768184408681037,1.45343678820887
0.718054403,0.470857644212598,0.507953733796985,1.04813939347103,0.926247958107926
0.573760897,0.442803163205647,0.354815996175686,1.0278601804048,1.41171801127106
2.241482162,0.501060482721169,1.53000641140509,0.946557526166632,0.799106146479258
0.897166161,0.62847646149551,0.62118783044529,1.19285043900175,1.77332784865106
1.559502647,0.610652945597615,1.21249615074685,1.17245423015928,1.28181089507424
1.68096896,0.722142497901105,1.3276022192719,1.26362029485299,0.985485538738504
0.327691848,0.655537565500913,0.232094895793021,1.40044676338552,1.51766417280284
1.326926278,0.796352303188069,0.967971829243111,1.22725239370284,1.11582582204054
1.835623286,0.697927607306895,1.19031164309847,1.25071402390267,1.08712209098912
0.92144259,0.695565206071776,0.710201051364099,1.087319570583,1.48496980478608
1.304414017,0.888094914736019,0.974177317273938,1.13179313011181,0.921490392198174
0.716370288,0.683932143420199,0.670750814822555,1.32982765677845,1.26472997032121
1.141181884,0.655039273423851,0.946377500665744,1.22830075929871,1.37957888037905
2.066581945,0.622566253275576,1.73764441906348,1.10072447357699,1.22399466801668
1.505858654,0.879739158624965,1.54966374446695,0.847507942711966,1.22068606961601
0.634522225,0.577640268417565,0.384468041962197,0.942335295143962,0.723938153192781
-0.314984292,0.364824162201093,-0.200400654683246,1.05704480875076,0.87948140490119
1.017680054,0.354904700602002,0.734832669620488,0.853260584392213,0.322300317163119
0.707848168,0.338496729364233,0.482637249771551,0.900905868067716,1.06992726928354
1.336498142,0.561292584567161,1.10354553146976,0.850790350332675,0.902336623217207
1.08426782,0.674603638304988,0.899879883546907,1.06185366235339,1.13959638145404
1.006833446,0.659175100836245,0.756448752393998,1.12247087584537,1.14842357629627
1.088045375,0.527734720374797,0.781210510777739,1.12905340531097,1.38936022200975
1.941522751,0.854778122632784,2.01828507930173,0.929872102380481,0.893055410471435
0.672374078,0.406063697935841,0.6156672544846,1.38596309871521,1.36096133780691
0.739815218,0.563292221271304,0.696247413759593,1.05698044988249,1.35874576312822
2.221252732,0.691155510608809,1.66992236658615,0.814272557456119,0.331247059971727
-0.268284501,0.289414591642317,-0.124059216504712,1.05452180835973,1.45147248232146
0.77579454,0.488902616352122,0.64841382872869,1.13363246448301,0.84299783076594
1.411260405,0.522076176673985,1.22886462904582,1.43156573133834,1.71601184748553
3.056109834,1.17060941135108,2.56123269077404,0.661615946047525,1.19654181928367
1.295401411,0.613687731687328,1.00414481976897,1.00963701908528,1.36929121747264
-0.207248,0.297944765548559,-0.0639508544116241,1.08743168974727,1.16658009952934
0.885578961,0.449848885325472,0.685827826223187,0.40464922486238,0.227472301528504
0.504123691,0.311705089900388,0.452491150262303,0.477544226827915,0.295810987139246
-0.448152374,0.0119587976592525,-0.394315942250791,0.642813002089056,0.97844242587168
1.431297203,0.441250991653659,1.569138626679,0.796436505203715,0.50933538492698
1.357954306,0.533106028635516,1.20263935588417,0.923349947567424,1.13291725138687
1.026667273,0.563267357073984,0.787084985296032,1.11105746298585,1.40358492853429
1.471018727,0.582801010047676,1.25863767380668,1.3995723691589,1.29182909934369
1.522976273,0.753970896111226,1.34769040315805,1.23597481421842,1.42858800867492
1.589706891,0.884948113079431,1.13179205535075,1.19376864309893,1.06864166788999
0.458026816,0.555527150039799,0.264813031137084,1.60383198271042,1.59425679843556
1.594809043,0.491553601057378,1.23715487328128,1.25843070293297,1.16519334589559
1.855538747,0.928539234994368,1.31671480736893,1.17134140131278,1.14898826328172
0.780629858,0.617963611785103,0.703813021807347,1.29336447650419,1.5138931329615
1.167084319,0.848789474125137,0.812207342182522,1.35106946258431,1.2699629644532
1.700651015,0.794417849727651,1.37795003533935,1.11537674438597,1.104669947446
1.099526156,0.624365042064204,0.765734197275211,1.11875946327697,1.28378421336803
0.913038471,0.520429319737601,0.67481896422749,1.17558189581122,1.17529068560458
1.236944858,0.639839867086939,0.784176273282041,1.01906670530725,0.88409081338034
0.846900002,0.468987982531941,0.484866081486898,0.955074083976249,0.916559246261525
0.615857112,0.376420151408726,0.541585632341668,0.835283003423484,0.834025280168533
0.746148745,0.616769609272176,0.686050149099723,0.977843413820301,0.778704291538497
0.726436872,0.47553170680576,0.414972123253064,0.955128438061486,1.30549329987122
1.917879764,0.936338902515967,1.64024180807378,1.06130720952099,1.18970333824763
1.735556122,0.863149212762683,1.28379934364158,1.22609922876175,1.45886708182588
1.150378628,0.897240043305723,0.809169920511937,1.32304770742054,1.5367018754872
1.369613719,0.902692639173921,1.05137476216164,1.37553420325804,1.19590151575652
1.13986319,0.784341258872561,0.717681070317752,1.3287120794244,1.29052892589233
1.210227356,0.846744188504442,0.882631349267071,1.29321992124923,1.26046856636021
1.332810294,0.776466443698695,1.1364890896328,1.2875475278763,1.32398764083307
1.50133862,0.791964345731222,1.22286422871504,1.23129760211252,1.2150670825315
1.038802711,0.897721803492904,0.857350137350406,1.38801904836073,1.51540353493406
1.603861709,0.29261269405432,1.15175347093863,1.09870824230796,1.19965432062097
1.518614466,0.461735924017921,1.26881714412736,1.22404899330436,0.779553865388317
-0.250989518,0.338504212627224,0.201251850485324,1.31906415145477,1.57217082795993
1.707494115,0.490969290786303,1.3835508723583,1.11482953510993,0.583240160380967
1.154601789,0.537273904615562,0.783655025300219,1.05464717740956,1.29507098156286
1.119906989,0.541215041454345,0.742833712469232,0.971664834283731,1.21517368813226
1.262476413,0.713335722479888,0.887284411174764,1.29049946356089,1.09176521438459
0.973595497,0.583507421409855,1.22339265223866,1.25536967934326,1.36862748791763
1.561647832,0.641518760389299,1.18208441943815,1.08014911656209,1.06363203495136
1.157707197,0.564326951078766,1.16878523624953,1.08149970451212,1.16995421868174
0.867334235,0.495825037931822,0.839242190661398,1.05636869535177,1.01368253907498
0.806586756,0.622391678600821,0.504522844441065,1.1133334495159,0.911733611958225
0.864270826,0.529322320148288,0.763641139079219,0.890753983258457,0.980698566023592
1.333434466,0.5130119882002,1.075475580856,0.84230760170312,0.444398977914994
-0.200197457,0.0200414874147309,-0.420995219322159,1.07238614877183,1.30098937872089
1.406804115,0.355155647146317,1.35671086989701,0.8647706893187,0.489803625422612
1.008851245,0.370419394970131,0.549253164051549,0.715144936474735,0.942609361841816
0.768888136,0.470708664434371,0.521611672048982,0.795248727189135,0.628607347095882
-0.046945456,0.336359445072492,-0.103530997858302,1.23413254761128,1.27063537371112
1.795644514,0.516870753067923,1.18556562724698,0.801327223108601,0.726383990850582
1.536759784,0.289106880524996,1.32398061890161,0.815029301473051,0.986312311141732
0.393194541,0.310112806632023,0.282917437315174,0.755175403861972,1.10137373204785
0.697575822,0.436788746288556,0.964456419061916,1.02881776036357,0.524855691951682
0.543765236,0.349254820914666,0.352335208675498,0.653665613196632,0.415032536424876
0.011563692,0.323429950513018,-0.0254237346722502,0.775798819814137,0.757441873158673
0.857705041,0.334404065505783,0.513807939648668,0.608801857201939,0.786975844163598
1.618476093,0.740065569089724,0.996338847303012,0.722604695999477,0.717807215667399
0.511527959,0.320221242226828,0.412228220091513,1.01714686471809,1.60306375211185
1.862298249,0.439281102036677,1.315980739317,0.893835766071755,0.781661958596381
0.919799903,0.516271255033379,0.801429430479001,0.993669153995661,1.25287486258657
0.843422849,0.708781665323435,0.812215173275152,1.14601202692033,0.874047182694553
0.370305626,0.291922276433171,0.210435536872113,1.14226525368829,1.76687620538341
3.067384467,0.79696131368249,2.71295157850616,0.644037462239432,0.40391293307831
0.306704923,0.312935801930725,0.210848713354345,0.779732233088345,1.67622159567736
0.697793163,0.249022579573921,0.338418491402256,0.820990051353775,0.61457441218677
0.406195582,0.618736337578178,0.635166656565013,1.19743936448055,1.0867142727563
1.458392149,0.556571964477434,1.33382767647232,1.16991893919734,1.02926882974139
1.613949386,0.767154736862655,1.35039290811875,1.26949324992276,1.4454034257893
1.606856308,0.752030534831153,1.46292983891691,1.27775900909066,1.50989209301062
1.579366769,0.519917535875614,1.30192289692806,1.36595951833435,1.16557536894933
0.631281418,0.649180842273082,0.349774057906679,1.44244852710169,1.43645092754615
1.334595021,0.498521663703117,0.764688049355839,0.919629775453409,0.906353950246338
1.208373627,0.431167368534392,1.03085073396885,1.0593675539821,0.6637597125551
-0.209511939,0.388817181400611,-0.190617598393617,1.14618650717936,1.45797739319722
1.744863,0.749993556164941,1.4455558030826,1.048545123909,0.728780803979994
1.511367846,0.721234031516274,1.07713772129864,0.916199748415021,1.30439570254982
1.189877043,0.403724101061166,0.670165891908401,0.86563865449437,1.13221778871632
0.724247381,0.368920183906228,0.261015721462634,0.940424052704493,1.0903928458724
1.1441884,0.119147703940685,1.02353221984846,0.483778906610154,0.30292880142016
-0.120652412,5.00273161077938e-06,0.0868303240863955,0.451851962049317,0.237031444506293
-0.72366086,0.0290937735944841,0.0190761215414688,0.301247309822247,0.0185831248495678
-0.032055893,-0.276715908324938,-0.264438792923385,0.0553569972887676,-0.292523205654789
-0.02144381,-0.0618733684286742,0.0508742010234708,-0.163259161567609,0.071808672359147
0.389401307,-0.163909144126253,0.0632799514201347,-0.272262429950682,-0.248578211119168
-0.524937822,-0.241069551902595,-0.218735551114039,0.0353371361153526,0.112981196220318
-0.095011445,0.0626925211591512,0.135543692950211,0.0354326272292384,-0.261272690233433
-0.206375183,0.052916107980573,-0.179260202259129,0.0714256309678607,0.0976357549258
0.422334301,-0.12422101944859,0.138339242027329,-0.23993036133743,-0.176212876962169
-0.148882022,0.0141896750397209,-0.173405886810715,0.0368463475332681,0.0669620814036107
-0.344578859,0.135867911407818,-0.218128431618468,0.233972599216052,0.28574501163842
0.612153606,0.122720419683351,0.362717433068196,0.353415886864435,0.2755882697541
0.944081191,0.287159505011931,0.752539971151493,0.293569598191536,0.414583523410342
0.309528937,0.144686628080615,0.174221543536166,0.410837880173061,0.739192247637917
0.690310891,0.237771847528375,0.406937383360122,0.489556551619737,0.256501728388169
-0.016010228,0.151735829039602,0.078605291365555,0.68389529801694,0.764472112064828
1.103231118,0.21588801388376,0.892387558211342,0.0499459571255589,-0.140787558431124
1.066644879,0.14825286212726,1.38487488036679,-0.933325777470072,-3.7634391106489
-9.976731608,-5.67610768123227,-2.64976534767089,0.380592961885021,0.537019599432885
0.017621381,-0.571689530943396,0.055588129135063,-0.846369849987803,-4.12872119514281
-0.124794053,-0.190241629885292,-0.915991655202406,-0.482481703553244,-0.0429634591892909
1.289658465,-0.313268235256308,-1.10905912064799,-1.1832155388428,0.0257400516625589
0.357686997,-0.019905525417539,0.290657632064224,0.347971813824712,0.654646189389439
0.191562137,0.0224782852325336,0.00256507526750535,0.223566073291333,0.544220705843516
0.72522142,0.177034075929016,0.787019900665026,0.334294200277567,0.15043010963405
0.042370373,-0.0122751805850272,0.217770814652413,0.246760390389502,0.43278848207679
0.290960199,-0.340140655312889,-0.000959022274705149,0.399859420407136,-0.0435686949229735
-0.5096826,-0.0503460221345949,-1.14339640854894,0.889618480260747,0.841628650582804
1.347189013,0.157502386546971,1.24752529803921,0.768933771273068,0.706119892308358
2.0005346,0.379124776197739,1.5250890197746,0.63455915198437,0.892701603196054
0.758571224,0.247466467953284,0.628058977853304,0.703269102723059,1.11295134721373
0.397891921,0.457262990885802,0.519992107454833,0.862712347374632,0.543050165220223
0.022813015,0.274986386500603,0.103171979857614,0.843774960291723,0.713115782219646
1.033468666,0.229354416296922,0.853589762883662,0.425412361912145,0.28180112558897
0.523897529,0.289862948860614,0.615678780466869,0.525382070992242,0.536993814749114
0.052518579,0.0546521663998979,1.70234276764633,0.683550795723222,0.747088999375405
0.947196492,0.235595856717122,0.941651651827339,0.685794213165654,0.432439980935483
0.754468788,0.199253468912751,0.642590371200214,0.464287070747789,0.719598092707251
0.74879459,0.356224695746704,0.828021662262615,0.422516027288888,0.308869020911992
-0.193594454,0.100355450458838,-0.0824886776956802,0.619840645411039,0.433175890589926
0.007192192,0.0579099410064936,0.129078324567309,0.557335338429173,0.337458396415079
0.666697614,0.483272704219418,0.984915139605804,0.631500539176507,0.532926631894706
1.016450048,0.250543313816581,0.537285338196801,0.447052382897057,0.961643928503868
1.498434146,0.263115817245248,1.34628165071459,0.511841313978374,0.751651527701928
0.625211384,0.348579847178704,0.96400351444403,0.655968920561473,0.784553075348513
0.090517666,0.357991826613231,0.488646424511608,0.773535172008574,0.625591962012934
0.464432695,0.250924401078919,0.623966750905079,0.679154127964487,0.469307428622768
0.731086925,0.401461094167531,0.883857409958237,0.669033471040046,0.64052571067141
0.808156319,0.251729860282317,1.43907238296008,0.518647390193167,0.91267219747419
1.341008059,0.613020905451218,1.36087270445068,0.498701777522799,0.396925604282657
-0.071549779,0.0156239791829191,-0.148802320287156,0.836112552476765,0.84623833113894
0.286753378,0.140127522051952,0.395743061654816,0.804907140136233,0.698846469130379
1.363017799,0.536799142474663,1.6665027079668,0.825616279796397,0.501863449345076
0.624287093,0.234848610573369,0.47687627836131,0.702582168361689,1.29967358452441
1.466619568,0.771078618033039,1.58115401948826,0.939765858023444,0.870581995328717
0.990055319,0.550415296567141,1.01832312170545,0.938246183115628,1.30754927383904
1.444032483,0.482384309971923,1.45362002371806,0.842609834438411,0.637074473697199
0.087680834,0.0959164265531412,0.145331383742975,1.06965944628506,1.20909476154801
1.091921717,0.23857624822567,0.464074493675034,0.699073139736174,0.493832476724162
0.642581914,0.353235736473697,0.974697564984185,0.830714927389241,1.01653981196007
1.124414214,-0.255543183633471,1.41834546682761,0.702071186054307,0.702058446596299
0.637592243,-0.0451692906417331,0.477081179760262,0.904868778453955,1.09818451075505
1.216589337,0.158295906199494,0.234729089433573,0.682334000885505,0.692297243884681
0.685105044,0.248673073696535,0.783046837486067,0.908577290959418,0.908106079092216
0.572293245,0.419205901612438,0.690234602807462,1.08142413144047,1.01149487062452
1.248343245,0.0866230786217919,0.935555796109078,0.800515367641383,0.995495515196814
1.82870307,0.633784856386476,1.61556156850586,1.16032998405778,0.0325234237292678
-1.658715537,-0.820800931993236,-1.52041204190656,1.25010233584941,1.94376580550032
2.403062575,0.57976093755503,2.24942898362486,1.22625432095099,-0.183357202465062
0.61191774,0.143717699239585,0.447899642632136,1.19334458244419,1.81576625586432
1.938325165,0.442608102862987,1.69050835465073,0.659293311004488,0.779437961904123
0.85961593,0.268340096365402,0.837302135444459,0.66535260346863,0.975679392863551
0.190137974,-0.0394065089927071,0.320520708157548,0.806212096486696,0.571455120711236
-0.002981817,0.312363411077527,0.0501084959401887,0.530682336724113,0.654878802316245
1.23894291,0.584595358523254,1.41564272342876,0.28985732813268,-0.15951442624315
-0.549991093,-0.13131205106654,-0.571718604480303,0.498465145052333,0.878271859597986
0.635734591,0.408930977954817,0.805401903393386,0.609312822121047,0.366900141265799
0.917113956,0.311572922003161,0.911350763835811,0.874446651043521,1.12339396546936
1.888990957,0.559019622390968,1.57660983752957,0.493266876967716,0.916561102442408
1.163589676,0.447389486463893,0.736448181005503,0.618592492818368,0.834427108445912
-0.04389682,-0.0890776936243045,0.173866134434604,0.719352621546806,0.532335174143552
-0.24981871,-0.231129062868563,0.0369911866340851,0.463764931772297,0.168334220510275
0.360032863,0.10885930685447,0.559149102539727,-0.0490747408143845,-0.493152163490562
-0.845471578,-0.437105256597323,-0.419146584059095,-0.176875209224522,-0.120285451020776
-0.596365854,-0.230885523423672,-0.485248915635349,0.0548009701991121,-0.37549040796456
-0.2621113,-0.299625640932116,0.602532501887003,0.0543919436395283,0.192522816174571
1.145964178,0.336054085679707,1.07089302561275,-0.282761657494612,-0.0918829426822724
0.13678235,0.11715315174385,0.220656706629654,0.240853120646665,0.510447099691188
-0.04380992,0.152871452546116,0.107375676167264,0.446764037608295,0.564673996229015
0.975470529,0.145452712294467,1.17410128083963,0.525565284782182,0.150115025410807
0.244255108,0.0971504431120317,-0.203907444959943,0.362908851778914,0.720067990873553
0.66883277,0.134803607553681,0.549443931321899,0.317015518894265,0.306738558701186
0.274633407,0.168433415203267,0.597414009458571,0.579095192667827,0.469203722747589
0.238350761,0.4020180842931,0.124112300724504,0.678535994992921,0.554865840541701
0.624598209,0.256195797129487,0.639163957559414,0.694125905670968,0.967940611370963
1.854212582,0.296072426055494,1.41798810744847,0.592708623944123,0.645076986572338
0.698826574,0.319203800494132,0.848726219670184,0.749617853999338,1.25592178995296
0.919699598,0.549032192595113,0.980800043957151,0.793641877312766,0.650349787828029
0.366943419,0.500519204453211,0.805796464406374,1.06218400057323,0.939438020978613
0.895658759,0.503065983213581,1.01176445506445,0.8805659247843,0.921632956366293
1.464326176,0.511114627472068,1.40511864155807,0.840260786465599,0.915228113730955
1.026107164,0.394622248080423,0.925355677197812,0.835576753156353,1.11690346527584
0.909671532,0.543148225136218,0.951313232274327,0.879501603516318,0.843945109519684
0.66618785,0.340046750060657,0.89053295516138,0.829523404468277,0.614508278530597
0.452518551,0.409550812625187,0.656661907208924,0.73745026465888,0.0516849867403293
-0.890337214,-0.0634035024636605,-0.19228694251209,0.524729150164275,0.758027114743047
1.270353673,0.137098569104747,1.24444414968385,0.156981351360334,-0.522914935223158
-0.652894189,0.130968475184024,-0.157346928667417,0.56803040918367,1.13045315383696
1.384821796,0.438317672922354,1.11630393737463,0.393578417889808,0.150495837449267
0.556026224,0.141023340971308,0.568531992665982,0.790995205648923,1.34749292644648
1.746925846,0.674179199239151,1.67130173070161,0.40742326669677,0.633670675491744
0.69215032,0.523021651669868,0.656529053927951,0.605569082310963,0.920018033511848
0.249987921,0.253568895403684,0.226894528171625,0.697456574539857,0.56802227448867
0.213309787,0.149515859225457,0.224300622426892,0.663274316027946,0.599107885276276
1.072511394,0.321362001430829,0.988114245631049,-0.0659683403189597,-0.0503947352606032
-0.172219743,0.0956089922188512,1.17175176629668,0.587499547079016,-0.146755006700228
-1.735494086,0.0291246225658722,-1.14055069249122,0.501582158966611,0.78236247853829
1.825608733,0.0192345283210329,1.2849599695203,-0.0254272969535396,-0.679832387093183
0.144920036,0.105820629617328,0.122692345986505,-0.201574799251528,0.642851829345185
-0.290388916,0.18422007788827,0.187433773935661,0.217416791926764,0.83499303548031
1.460706307,0.469440315845104,1.81669254808383,0.784602106161036,0.25271683926462
0.631471991,0.196471045999503,0.409948418516563,0.492298451836442,1.16325106229362
0.999721587,0.172135311658117,0.811620418055311,0.412808650437218,1.24215879552839
2.056448433,0.276995247539484,1.99362041356702,0.718023321658518,0.537386711014045
0.008889965,0.232151659631012,0.255052883500255,0.846899742771837,1.31172682159787
0.733971375,0.372148026242916,0.919222625985179,0.884967293971644,0.505064628265823
0.58457658,-0.0754751480742365,0.501747855617654,0.950452633263377,1.07374503605801
1.536587727,0.507651114318887,1.65160054790358,0.64336633370547,0.878221685238573
1.218949253,0.196118957316904,1.09531884200469,0.8050185620945,1.10865545943143
0.86710374,0.254914523631777,1.02876213384785,1.14281305193489,0.904683241445011
0.311859556,0.318995672292482,0.1876430652346,1.59800375681428,1.4584718439624
1.986919018,0.633511134240202,1.69237084636343,0.943307420771252,1.21559763192868
2.351820332,0.500780203537905,2.05314792321148,0.861104720240787,0.969430698129486
0.034755272,-0.194740648418178,-0.155250601109796,1.4304726397952,1.66378262268401
0.991803658,0.363177974814546,1.19339481621496,1.54657717625424,0.927686022625536
1.486601958,0.0476988230071736,1.47906059740617,1.13951929581613,1.19251215408042
1.605207136,0.402606446028405,1.22122670080925,0.993820505196377,1.10671184719018
0.688626673,0.387868658680175,0.523984425969662,1.41987438700632,1.55263281703341
1.642553342,0.678027248919463,1.44342860604715,1.00477166591251,0.860207193736071
0.945467182,0.35020956239963,0.846504039604752,1.22238028964049,1.07767436854411
0.497187505,0.605761873628939,0.434077024605589,1.14020849691825,1.22666018128916
1.524280409,0.397673421016211,1.34547743175909,0.946761098988979,0.709142179223923
0.890397139,0.312707001846389,0.592270011550918,0.72862388224397,0.971595630126678
0.583310022,0.278722285565859,0.477546154228548,0.782744917706772,0.699370456314667
0.386730864,0.730419405353218,0.635028307830762,1.09481111661716,0.673094526823604
0.505586176,0.0467146133052893,0.545903492739709,0.990037485118597,1.1329115947076
2.054128856,0.604490977393434,1.87879856564254,0.624958126475156,0.563664583419504
0.556952394,0.334724782839072,0.592443576109986,1.00513992599456,1.44505840303017
1.062253144,0.550759157067427,0.901143398224099,1.25614657434871,0.930438379878919
0.961918809,0.607511265395922,0.675210275554904,1.50665927833367,1.49694774779787
1.966574895,0.667531139767908,1.12624591373567,1.23055986687842,1.50925636883514
2.175065636,0.999388913934878,1.3362354481216,1.35237385424674,1.57417365078294
1.307283426,0.758597818874078,1.05148036119491,1.49335528630424,1.79356097311101
1.573330158,0.709794032932237,1.32701281218257,1.39032441293727,1.14236519065537
0.96371458,0.636930301605395,0.855956653526603,1.08420660384085,0.896272859842847
0.265333261,0.366573774239115,0.317682839597799,0.698084024833246,0.576831709428491
0.220597316,0.134875725323632,0.137547800879664,0.430504605841766,-0.0941911107896515
-0.67351166,-0.24620042691708,-0.381390775874471,0.452195674311403,0.125948855163521
-0.131107556,0.0486252672485832,-0.0632007575160967,0.278119450012266,0.127158102402367
0.800011812,0.3044267347237,0.665710810427188,0.237918981755186,0.271368872449437
0.716883065,0.536280882575077,0.721456638613232,0.456715378264439,0.74331359231675
0.681775586,0.281245172246347,0.563763043452191,0.733615254251929,1.20686306628724
1.8765062,0.237662643727294,1.50040203611704,0.759211147798639,0.714709105284293
0.707976634,0.10931115410092,0.569337254159227,0.865332009121288,1.32237531831424
0.975364651,0.548210672634314,0.645117878661323,1.15699002850127,0.820455222525863
0.586652101,-0.0486917310675583,0.0956899360468095,1.32175492549689,1.43100151571085
2.094463365,0.446522585015782,1.73440096840522,0.680003309163883,0.734830517394292
0.92070183,0.251007451454942,0.733028086243851,0.986464462909353,1.08770099934095
0.204890447,0.0379304704781846,0.179414594201779,0.867031833930423,0.947331979934144
0.968646509,0.542142627358711,1.02700714346514,0.849124380624988,0.191013893937972
-0.173043303,0.317077790291268,-0.0733311712335269,0.906097519936881,1.08829193214281
1.325694016,0.227852817452683,0.968283446995027,0.785983922539536,0.579671061646894
1.160827505,0.429321136021523,0.909432539976677,0.818364395210954,1.19140792319406
1.362883575,0.485280142829639,0.825070791227505,0.883467625650842,0.910950621233638
0.565530667,0.585673985748249,0.433670995861511,1.22399620245401,1.28550288763426
1.262390324,0.615051562478147,1.02880663230372,1.07850493995069,0.893904290272881
1.090149955,0.872549085458188,1.00915447444885,1.0560778518733,1.19021622036872
1.212825468,0.355557023250481,0.947707987523611,1.08673726960085,1.13230380164905
1.142804166,0.412060709016324,0.640425447911614,1.06650853765463,1.23265254087801
1.348071249,0.508065496765628,1.61721471604411,1.12949202321948,0.985643269600313
0.670512787,0.337327154668506,0.645673792176708,1.16416382026072,1.49424084928851
1.939128107,0.0432037644312813,1.02538119900909,0.944951972568551,0.45610453237091
-0.048138052,0.0145700940900813,-2.63239978785449,1.16718229423692,1.50013199898914
1.327843604,0.329094363519172,0.891821602412644,0.555549703096973,0.471992770116278
0.791953814,0.133446338160198,0.937740268237412,1.04100098210161,0.738895357857959
0.075701002,0.290734207443277,0.0331572283608838,1.1233989200079,1.26147835004734
1.799421415,0.420117677898982,1.40468274513262,0.761235272384749,0.582283980229443
1.054283941,0.559441159929385,0.877216716997094,0.857410511538918,1.03589923976859
0.368885986,0.399702178371294,0.202518768866732,1.01049569868568,1.23195503622644
1.315508017,0.56806407155024,0.82149390975791,1.24589190316041,0.960656672061452
1.429971894,0.557591499903508,0.899038642945534,1.156990259714,1.33859939743268
1.470055785,0.603456228499211,1.17973899378411,1.27364860388968,1.48676588814989
1.628172399,0.552085674349946,1.80760524031214,1.32922894136208,1.38042740132371
1.337248531,0.549502502338439,0.869131310605049,1.57160548787875,1.35312065928449
0.785505963,0.554217762014173,0.620761729046991,1.55717609409034,2.14118170210149
3.381670912,0.854920606587908,2.92771909937185,0.82217116573931,0.539296651817236
0.183958806,0.347662972402067,0.14088201518856,0.871182113086151,1.66340285915629
0.208831479,0.251738484061572,0.100837618968459,0.746281947560369,0.78242066700119
0.966604465,0.373756175771706,0.644820813340158,0.8263955941576,0.588059990291012
0.836555171,0.354144414405894,0.760322091168744,1.02330348621998,1.08639080390727
1.12385893,0.500770181778406,0.886935596951198,0.928047732809272,1.60586160149118
2.627179149,0.726438969179637,1.96357399076727,1.14779039967877,1.00082675195023
0.766232703,0.707352877742546,0.586979202350324,1.48702090746805,2.09504938354308
1.763863838,0.938207117038633,1.41903579714579,1.64254504258891,1.48968133298132
1.997833976,0.836927961825116,1.52293408974235,1.63467674420973,1.72735129521792
2.152878632,0.669294436937756,1.5843247301472,1.25862937372985,0.885503136063322
-0.415998138,0.0602565768384963,-0.409064603465952,1.41099046061765,1.65696919218312
1.245282945,0.683121890884178,0.909542876788842,1.20539775060841,0.427370210750535
0.688624329,0.538331696170072,0.484724590604341,1.13235132754241,1.54311623162657
2.170198115,0.342978782239854,1.49847699860131,0.825924738438664,0.999455187015336
1.335963739,0.800909723095787,1.05482877611999,1.07255517326153,1.37857106148105
0.757214608,0.653377484426901,0.684855198976169,1.04018049910018,1.23895601763573
0.99932597,0.636133567862452,0.759521942521139,1.16984871938215,1.09450126156083
1.233844892,0.336821795461074,0.756446340077789,1.41168428556077,1.42957579135564
1.879529731,0.271257295608284,0.309145338900436,1.17250780942881,1.54228837110221
2.045113919,0.219916917525338,1.54482647253445,1.36320093813484,1.39062008158877
0.780524808,-0.353164143290172,-0.256857994142372,1.66034829006461,2.13879274845874
2.537640118,-0.103023876194709,1.55744068821457,1.26557722260179,0.867335625272302
0.76794143,0.0595129163808415,0.298873987345091,1.41543554244877,1.54345773313104
0.727391485,-0.316574117987886,-0.0785453018448962,1.19147451820064,1.05557303931566
1.128089881,0.599972065778581,0.92508698919824,1.10341727922773,0.898352531522094
0.998470757,0.531110700593617,0.674599438296594,1.21654228784744,1.13729085297782
1.148187846,0.571033629989749,0.833666542669472,1.33224780275416,1.25343982811676
1.465348122,0.771394931052433,1.1253645261068,1.36128320963758,1.40194352734106
1.717263473,0.73641925628829,1.30870066756429,1.22718814262504,1.4303146184793
1.572157581,0.860626589473081,1.17390885011852,1.15650079085106,1.20096894435598
0.797598407,0.537620237740887,0.66616292481117,1.25016039530035,0.967101239594094
0.22935359,0.618554484891867,0.0946357012356036,1.35338674582901,0.965032138930149
0.886552274,0.371632531557959,0.671143271549224,0.954847218276749,1.03459076516693
2.021233758,0.534843534380202,1.46459439117895,0.723250284257551,0.464255465216209
-0.032971447,0.285356014357601,-0.0499666111233274,0.84758679283562,1.43001791752251
1.103355463,0.498577479964396,0.654907195643641,0.996596115884612,0.402817078321402
0.365097557,0.433154922837883,0.253907426987675,1.09381750532342,1.3129082089028
1.770110969,0.634613016293225,1.20592829284872,0.740140799956583,0.715899220505186
0.958980447,0.509006326498416,0.56110919894959,1.15596666708129,1.31990791413789
0.876096869,0.49984434190419,0.556918404443909,0.857555358198859,1.59880216089431
2.461099198,0.933626143424164,2.20864277814582,1.5903257189219,0.633289190680224
-0.021639964,0.409326568579103,-0.0333380024220751,1.05372713236701,2.38903238536105
2.991931739,1.13708076150952,2.24255200907435,1.02685076457183,0.182672790695225
-0.110314501,0.174518731383356,-0.0994172698812115,1.29738303975226,1.77379631044891
0.757516463,0.364245840265692,0.526498992554521,0.799711586104654,1.19099125305203
2.355575382,0.69678693758812,1.64032291893976,1.19825084801165,0.627306987403239
0.389753709,0.550352824411969,0.109923039314671,1.142898572003,1.83676902140282
1.554736723,0.56215436141804,1.4552753455575,1.18620950124242,1.14531873156639
1.874942283,0.670442615277477,1.04047817652834,1.19769691910042,0.875082213432813
0.066209764,0.318467582577066,0.104969505450474,0.966791239479703,1.82174274845666
2.113245652,0.795400674855535,1.7150593142776,1.10345379141475,0.298684535756334
0.145572223,0.402168297667249,0.0684205424272018,1.01209518616365,1.41107966958491
0.935092217,0.671294060683082,0.671889017446716,0.813475930033964,0.806883871389837
1.050264376,0.665280760862575,0.818241203182132,0.953773244267692,1.49563305978917
2.383231779,0.730333506847901,1.78190084922147,1.04166736098944,0.878956336099189
0.558523004,0.608425849055887,0.324569095427154,1.15548591330351,1.96391865444567
1.951329033,0.846520838884418,1.35597882333614,1.04019844364875,0.701321378100969
0.67291333,0.452010597682936,0.511026632149528,1.06717388130106,0.986843142599237
0.068022512,0.337416141654366,0.0337355509301919,0.875809043591348,0.875897491719569
0.817215847,0.623415674721343,0.68201826881842,1.04394619630239,0.819737454921797
1.397281146,0.652367357527525,1.32332215158341,1.12956307536961,1.25500875111382
1.885234842,0.859298184606557,1.47994572108335,1.03696586400852,1.26624643062461
1.289729445,0.876531048792012,1.12317175025621,1.19122037985244,1.36580355571853
0.880151122,0.7952548799239,0.669765008500142,1.33329706396661,1.30521384120076
1.255916972,0.866163672334514,0.984365428949529,1.26283966256428,1.0665995355561
1.131627723,0.613781176112554,0.842633201594255,1.26821706026897,1.3329595628255
1.372161216,0.890861866394083,1.21336787918914,1.29042058847518,1.53501285351525
1.966308703,0.811070033981997,1.82046255769342,1.33850352969497,1.51922281387174
1.858949946,0.515226070906289,1.56880750896851,1.42491901507959,1.3376849781643
0.651299562,0.526269383539865,0.498549252454905,1.13640869751635,1.76322307214944
1.929181612,0.610147000965281,1.57789698381445,0.918784265416136,0.501578026205593
0.154764884,0.398925233870803,0.142595163487924,0.981239610966894,1.01230773412306
0.01921122,0.607733186136636,0.206094165795961,1.13309441707246,1.01000951934717
1.486215165,0.385491236935267,0.993490830287968,1.04049891990114,1.23968233000932
2.717273509,0.758921180258966,1.92248449696712,0.861916097697086,0.950611755565314
0.491524383,0.511668141022128,0.418119741509447,1.22707506812642,1.94672765229806
1.471137257,0.72664846185662,0.967745832603609,1.33640371779322,0.869820324483009
0.822079525,0.62405972161689,0.735212714954285,1.51952751941403,1.51157394584141
1.637642523,0.668017917662223,0.85950818237196,1.15176702301508,1.32423132954086
1.827397416,0.817332457163926,1.50807255882052,1.50007341725572,1.40025609868577
1.159888136,0.942789312744631,0.704133346161833,1.42624014269606,1.84788308371872
2.025156069,0.841568839103192,1.67242319697587,1.47014889530261,1.26654468571451
1.303121571,0.836281817131454,0.95195987745684,1.49153382585027,1.52854220111841
1.036095855,0.986039734575653,0.832875352386697,1.47447212392136,1.58703105529454
1.781490641,0.897737380449684,1.31511776819996,1.56884445264465,1.43055284428061
1.8301733,0.881211301469667,1.51398471386648,1.51180031717739,1.55771331002571
1.419320025,0.986941415555076,1.11360600013213,1.432519331396,1.67452806733973
1.598543091,1.01970268341331,1.16329473527877,1.64060745932303,1.34860421192111
1.129375845,0.971455177032435,1.09963339341799,1.53257716067783,1.6562884480358
1.839160324,0.856162375366225,1.34508370740326,1.30961717284573,1.16126023713619
1.111112344,0.992639939535388,0.896001141436071,1.4731843477739,1.47461933125848
1.094201252,0.886512343466061,0.938015337969504,1.58860403556303,1.52406981287241
1.810327617,0.785929743697704,1.2785743020653,1.54445826361753,1.56721538399925
2.251341836,0.810552778709591,1.58753080904159,1.15489177167893,1.2188329378241
0.84075666,0.431909544602958,0.611041586490205,1.35837131767456,1.14361775981137
-0.127853516,0.316521490659824,-0.345367499393073,1.54375528943528,1.27491171034629
1.479365269,0.825774539664571,1.1209580217856,1.40574211396471,0.864826650079593
1.667119836,1.02123296947893,1.33759387518486,1.51843705544214,1.51676172566977
1.771464935,1.11991292060557,1.35334289782718,1.52273133567904,1.68075069337463
1.835514089,1.19174410511196,1.44003360084785,1.60514951683621,1.52177231205938
1.249700333,1.12754841513548,0.897506143498317,1.64616043967418,1.69305471145891
1.57305685,1.12666239745167,1.19582236697208,1.62807790789111,1.42350025051459
1.465112844,0.834520520850905,1.20724843711851,1.5209648609087,1.6553614957747
1.924565976,0.622120807061012,1.67246888028424,1.33980215078906,1.19589586894052
0.862742316,0.807879902053066,0.7095990569302,1.29002306049712,1.53701583376309
1.274492231,0.854915963767908,0.907468086841405,1.17711672029234,0.950836322167997
0.763039724,0.675860307240254,0.557524865838918,1.37197701868972,1.42187129961043
1.600302245,0.655395888854141,1.23278755696312,1.16862619732824,1.24455781719542
1.762166252,0.599446359531058,1.27749928896742,1.3646132546904,1.26758392365945
0.903239535,0.731801812068836,0.627757205290628,1.49682932124881,1.8008101973371
1.927562532,0.86357227390107,1.63354264394465,1.41956427881554,1.32149483097246
1.822121339,0.873458769606165,1.3626480696761,1.37529570707078,1.12384856486476
0.226327573,0.607108176326424,0.345253763191218,1.53907412414404,1.78548848042526
1.714716174,0.494994885028003,1.48627551574023,1.7180273370194,1.2179496528293
1.975850796,0.799727841699394,1.50394314467935,1.74401271243162,1.7351108929721
2.077339025,0.608233518567047,1.48366971030827,1.50655951375168,1.54493468215926
1.306836575,0.585529276440681,1.00632087017936,1.32384630173812,1.26094213840467
0.493379899,0.7506751240007,1.222079229718,1.35698514423598,0.877786188575265
0.136650474,0.542647213384803,0.279297582718143,1.31390075786743,1.05251962950481
1.483969109,0.624549784570122,1.19841632342315,1.26442268921415,0.81046196081187
1.307088064,0.498265420450598,1.08139644339994,1.35071965842504,1.64323612638015
2.044677211,0.870935101085879,1.50239260301224,1.37632541710918,1.50404637577896
1.719512177,1.32034610097702,0.998800086626491,1.63788594398577,1.77191601384864
1.591546777,0.945553214580058,1.23809100397406,1.66041024639743,1.73336362290689
1.781320706,0.762311514140718,1.31749349342852,1.64391436968183,1.47735922181629
1.360168351,0.916473578206239,0.646970211963449,1.32182791261567,1.48783882400591
1.312838289,0.893418756624101,1.09153031255427,1.37485892985949,1.05408999195994
0.54786377,0.679834840222549,0.312004448200194,1.45908307350999,1.40768083239777
1.497788302,0.740595685586434,1.12923445530497,1.13514759614347,1.04394253240234
1.496867258,0.925579233887131,1.24780446652038,1.18486598376567,1.18829651451452
0.902967748,0.622931545256314,0.781151243453348,1.29874232683348,1.52646561743789
1.480748911,0.801680623106794,1.35074606300742,1.46776661710292,1.5480146119628
2.213828904,0.305435286885218,1.53104301150501,1.25426230978011,1.45337266707935
1.653175223,0.751775746108447,0.905055967433913,1.02865473714369,1.36151791682334
0.611725567,0.609094527813958,0.382922430687099,1.40586068471942,1.22721642912965
0.681376322,0.644517782264919,0.649095482168882,1.13452456807234,0.909102420812853
1.047570531,0.428824717139624,0.651359066888278,1.120531424219,0.847836109816086
0.857591574,0.425226986752154,0.430142305733339,1.16591656681084,1.4004395989744
1.705435391,0.61293606936681,1.26759513519615,1.02697070068449,1.62707043688944
2.792144265,0.899140541509604,1.98029937600302,0.979098131481797,0.799697856874376
-0.139499716,0.140877814382622,-0.308805968850254,1.22740950803149,1.76089087428357
0.878591596,0.570573233286371,0.770244334753815,1.15414329566729,0.684250598851608
1.140180519,0.479946251087538,0.825329519231005,1.15572613450796,0.815016309029325
0.622155793,0.375756542548794,0.359694091044741,0.841309023491193,1.58867995000646
2.375255117,0.632504837530023,1.81253639353694,0.871300247963495,0.582660039721856
0.372284492,0.479334274539112,0.0470795115564909,1.00964640987567,1.58490640966297
1.099530166,0.618672883569554,0.909991609054037,0.921983788075568,0.692588498884861
0.648983903,0.511926887239595,0.547954802688168,1.19905810624329,1.17727091465462
1.267540382,0.604394095214557,1.03441826239616,1.05531699539421,1.17732980394705
1.72384187,0.998708477942308,1.59875861189339,1.25067512297605,1.20290070952287
1.117664742,0.773741503068405,0.858493386966092,1.35132774550672,1.7292986548563
1.893463879,0.851708924360386,1.31827103929812,1.34709761239613,1.28616661358727
1.365389495,0.670838702781202,0.99779508264091,1.56296714614176,1.61197382592831
1.290712841,0.688328289693091,0.952985241202625,1.2839972248423,1.84073726308535
2.551324473,0.668421979804103,2.15497653487192,1.32671672499818,0.934950208620603
0.455339705,0.54333116858519,0.284340936860976,1.26461449742449,1.75418997629483
1.183101213,0.582021588759347,0.968347095773442,1.16753915574287,0.828977124040633
0.86008386,0.59878669468773,0.768842748911142,1.13423955030012,1.17570220034053
1.290713472,0.648210184145119,0.92829814933688,0.910433815322829,0.907438447918678
0.856972767,0.644685944606023,0.588246003215377,1.1897373030228,1.2422492666546
1.059446398,0.59203162905562,0.858670847109111,1.35941583788205,1.63028859748621
2.354016085,0.514302658882282,1.93039352478976,1.57801995799182,1.67366182340094
2.473005776,0.564195505161248,1.71430136787573,1.37635485774273,1.77036922230234
1.436719862,0.732457002475496,1.28903000462626,1.72008683820806,1.75567789261229
0.993406779,0.634526375015732,0.616867271557248,1.48180400657743,1.59721149817123
1.739897678,0.641342777474924,1.38648485591268,1.36052896037931,0.975663891853611
0.900976004,0.584062628689846,0.617644009907629,0.874775599264023,1.16498600173298
0.656670398,0.596007105534251,0.479793545642964,1.01454774674595,0.941081156574676
0.636078904,0.548776188409186,0.501922304987547,0.951277927985166,1.45371893617364
2.464838007,0.928405128536335,2.10111078061772,0.672097342791036,0.665302280195244
0.710543719,0.445136514346684,0.61296051151493,0.748913270513623,1.36113901258138
0.44088338,0.341113968392273,0.256766277053694,0.924160801024824,0.984019521987483
0.883827308,0.534701882165785,0.789438207243504,1.12841163662203,1.20406865318222
1.754976475,0.294845383023433,1.64095234503136,1.10745904935877,1.75325432146049
3.133588819,0.361817980718893,2.81396990858957,0.958004266002713,0.855881554275036
-0.059312259,0.168024372734237,-0.0400032470001966,1.04520986431158,1.94029912512612
1.049490788,0.402660624878063,0.941025733944267,0.730738667403206,0.467704139076487
0.518069142,0.241996709333636,0.442795282440975,0.791567012270979,0.840369999172263
0.689624424,0.425288991407422,0.560583173357666,0.764438789729138,0.773485172342616
0.936832536,0.514378572905525,0.708622654028008,0.811608703621765,0.896206210029152
1.213635329,0.52073914376599,1.0181079443665,0.698095185664675,0.739503076608038
0.572945591,0.365636962231572,0.416345221637939,0.797489381243856,0.899294792274951
0.653923457,0.404962625586301,0.410405762755599,0.765624573905798,0.585898317465628
0.450867164,0.412586065809016,0.339740318112986,0.810322393469044,0.749799598816915
0.817190355,0.371018162457411,0.776571176037105,0.759870672408237,0.740429900913891
0.975228082,0.457897927149188,1.18766098728429,0.765023924179024,0.951661193038875
1.261841659,0.441078648477413,1.24433055098734,0.703180589675598,0.684956284808821
0.342020954,0.447043197884483,0.256848284532244,1.05721971153941,1.05808710303596
0.784257853,0.553625448419421,0.697703095033893,1.11649772737327,1.02092194786336
1.564016051,0.609346323646557,1.31211055098851,0.958804431738112,1.16710060591577
1.741843131,0.168250091308153,1.33225762295084,0.940452026817416,1.1067141750967
0.716159131,0.606790630531673,0.678386469619068,1.08927956878136,1.39694728666574
1.172365187,0.619492661252402,0.855375379094377,0.913583120827499,0.767188836993016
0.786048615,0.226851204033949,0.796530015418196,0.874669910380781,0.573074751338437
-0.089131711,0.120542688997836,-0.0445888825101498,0.76115559111891,0.738242150981798
0.65935959,0.262924299785876,0.610082810805409,0.46339293125693,0.288086245494769
0.609121527,0.235660979011469,0.52541929926418,0.415876832724106,0.313051820594899
-0.006100429,0.0152762199791967,-0.180460438910042,0.385284758832511,0.513136976676418
0.386765291,0.195861812272176,0.24855565800902,0.437652158312121,0.358199259591772
0.642131959,0.0834666395013089,0.612754496099354,0.493139207089329,0.455693062337244
0.533323451,0.168568804324122,0.277150084882138,0.572360431597934,0.687130233725118
0.748777134,0.365065142598786,0.694213139126367,0.696862500742462,0.740451210667327
0.811900857,0.398064482945003,0.902536013928238,0.938056754938417,1.1853716141406
1.657579311,0.298788448918238,1.4525697669445,0.978030618916172,1.21161744522649
1.777286568,0.320286910049765,1.23876319642215,0.960985804099379,1.14642450051981
0.788204181,0.479059559361557,0.759894619576016,1.1336459504843,1.18396140908201
0.564362023,0.369812562925526,0.578435551740236,1.05264256402143,0.95938071426386
1.106972784,0.436357674619944,1.12883599046172,0.77981486154384,0.465806296857938
0.230154318,0.265284465033335,0.397256214895806,0.837430941999575,0.905716990964401
0.761402419,0.391927918462697,0.871571716137436,0.754272449447905,0.610140424320868
0.860260858,0.380110111119318,0.941706439289885,0.873080118479519,0.811164773267244
0.893168802,0.304608374649456,1.04721493544811,0.723753393175196,0.962583894686361
1.204226639,0.429754000042947,1.07387047826304,0.811245457131097,0.65998187263108
0.26802585,0.419705899587622,0.825314839209911,0.907730124242122,1.26988085795174
1.622367608,0.400611757128402,1.45771016139405,0.490562762202201,0.21522704831216
0.065155907,0.0654877301119981,0.203101633336459,0.464108558797727,0.632498645684129
-0.18534868,-0.0656884211878751,-0.198636265198452,0.315174682408515,0.0803298195340238
-0.232113835,0.0354303105918943,-0.0591661241540908,0.365532118478399,0.230569789648275
0.586113792,0.258794667170072,0.785330412630868,0.186677757509412,0.158573453628575
0.442402427,0.198362485250795,0.38748730144381,0.350053170651205,0.753056799643783
0.963249307,0.426701254398796,1.17322987838594,0.373646428174593,0.960544615495109
1.838362025,0.561644706690935,1.89109411461796,0.257143402554499,0.151344034439744
-0.628122043,-0.243346444288943,-0.568855139590055,0.369477003809376,0.684656946723022
-0.411715942,-0.167706693616031,-0.349599045127657,0.0441497541557034,-0.060827143207607
0.226921197,0.0661978762919942,0.296223881676461,-0.0485407791259824,-0.312225451656919
-0.428614077,-0.0871005308888637,-0.199995139812779,0.130325586430998,0.506586337339192
0.744364046,0.0748888717533178,0.801628223128577,0.151790338991785,0.64894290664275
1.936667783,0.685996409397769,2.16778521572094,0.580057965348211,0.276983520952147
-0.23812391,0.00237318420668856,-0.137643295103705,0.30406834985631,1.45160934787324
1.366813279,0.486617128719746,1.46503312879169,0.609074477611718,0.0553761790744736
0.068623573,0.0816750798141558,0.170241779201832,0.339224690869392,0.567661779011444
-0.191243815,0.067255910792994,0.217255666810035,0.499624645253332,0.541952509644418
0.809172451,0.348899751631274,0.850779670469667,0.637869399181318,0.476697044722098
1.029631959,0.234304058114261,0.985446279567845,0.338257700405817,1.02003108056307
1.730081836,0.468346068131258,1.8313387663028,0.565485336740361,0.156444525992806
-1.045752057,-0.201138896561679,-0.73160354658339,1.08741718676327,1.56274148890934
1.718525558,0.693167640485417,1.47389573500045,0.623849554095855,-0.164259368080411
0.316650293,0.312424531054247,0.259342265663029,0.281308453759391,0.844646726990317
0.817726834,0.571136049542632,0.288406502609992,-0.320927185672424,-0.995657442226718
-2.889514795,-0.546721812020534,-2.30730324572039,0.412503835557723,0.353769488058532
-0.064343284,0.475700050800384,0.0529457290464334,-0.117714159049847,-1.18332955111388
-0.202341611,-0.112166903913563,-0.176678989016503,-0.259659247032876,0.286743940461011
1.204770198,0.268993423431519,1.10210582590354,-0.725860885105648,-0.265539458373508
-0.301434629,-0.151916890567997,-0.284882624637285,0.103652347945069,0.355184927583094
-0.587694866,-0.255599609728676,-0.548152070277993,0.350753292216253,0.682079324357752
1.499188446,0.437606305628621,1.03777471839715,0.357114917815622,0.400814391271256
1.346590086,0.443552485012795,0.94640496137102,0.415065851849924,1.17396225662999
1.280299467,0.42941101510232,1.72382161589783,0.614427691038883,0.870709676981487
0.454311921,0.400934341045679,0.464694874248869,0.679608736539274,0.746856883276922
0.405763416,0.138967970247408,0.236597696206379,0.431004553845067,-0.17068923213155
-1.357430002,-0.103836214135489,-0.783600051915835,0.867180071431507,0.993544623954067
1.667490639,0.529173296316257,1.5722437110674,0.421430638276916,-0.0855092156708605
0.934806267,0.198645970674424,0.832175965218431,0.564260313579627,1.03883353372703
0.92996174,0.294329959462582,0.725900448020333,0.320342947866275,0.601897866256138
0.249009961,0.149111606634811,0.295422959452072,0.607179999723455,0.500364139383512
0.153597331,-0.127244361794591,-0.111349403103855,0.211607903968422,-0.0492018396570972
-0.521026576,-0.168580894776827,-0.550413252444427,0.311708833219743,0.065911520858111
-0.137081297,-0.185606066410915,-0.245959951717819,0.073986381049444,0.00856731026912244
0.536850372,0.184429841954806,0.513964039394735,0.00741324410184724,-0.168442597158532
-0.510050048,0.0918080549007644,-0.331892965716178,0.449065477068193,1.1334218467297
1.961220425,0.799798737173489,1.77476418843634,0.389331849909387,0.382758121881243
1.21046983,0.378890905811698,0.804071939270756,0.59955396169309,1.1584301835601
0.737919942,0.252524523053611,0.679821708443282,0.644346563395597,0.894838890820015
0.599800448,0.194651640374765,0.529612549051105,0.63469568317007,0.439170859866064
0.087824562,-0.002067648292591,0.00327441706610929,0.526904223363361,0.268770565212872
-0.243468872,0.00878537482486028,0.0880138582387333,0.486350739954912,0.458166259382627
0.792312608,0.0415796801607422,0.865438162482892,0.25953211727812,0.15292769168543
0.501743925,0.197873139739385,1.27621519096122,0.296098735367145,0.530685141194135
0.536971669,0.23077966758372,0.497020583349065,0.261156319895221,0.0912676744727285
-0.417079568,0.100305190662467,-0.15766364421372,0.614948565447662,0.534931209734525
