630
-1.010099114,-0.298661252117704,-0.941573213664028,-0.542646009719744,0.0482955178043364
0.315590676,0.0365632939873146,-0.0919960588294047,-0.795151220197237,-1.25692296491258
-1.804783644,-0.879291216654976,-1.77139350749912,0.410851250488278,0.298046471513625
0.267506966,0.00564086228830937,0.493612382132598,-0.762053050101625,-0.0157728030020435
1.994041548,0.0753581381179185,0.590528525329777,-0.741219166029711,-0.710921013141603
-1.59601927,-0.323602458971849,-1.29892424445511,0.052329188659626,0.630107288391439
-0.525886862,-0.418313990990366,-1.61977895501244,-0.748802405964284,-0.510740986291838
0.722997713,0.292448208386423,0.784455245334291,-0.776337007726867,-2.08518422436624
-4.192570771,-1.20134680310936,-2.91534019431264,-0.306840263043477,0.281230923212577
0.069640673,0.274696748132143,0.0877059301655432,-0.299901112233627,-1.80850850366119
-0.169693896,-0.00541584337460355,-0.2296078357616,-0.0233996534605083,-0.189469795082865
0.132291812,0.221844523067248,-0.212819671685251,-0.558851671272399,-0.199228949068587
-0.024291272,0.0835050809207595,0.297208245314815,-0.448371036592886,-0.506476322549739
-0.950453537,0.0407025606789761,-0.248584018817018,-0.489779498200433,-0.956020208468173
-2.085688672,-0.684536435595898,-1.11139046186531,-0.572989098885543,-0.839492183340685
-0.870714234,-0.11683948053082,-0.336013887424362,-0.456630252431105,-1.38008779628553
-1.196428115,-0.179434372742684,-0.67585667501888,-0.800260908775423,-0.00821783188418401
1.376039778,0.599809416061536,1.116531835094,-1.18688656014824,-1.12497770057153
-1.114322465,-0.45173832160543,-0.731102543470532,-0.450853414422689,0.0569170891520793
-0.966340947,-0.255925127286787,-0.458909634148507,-0.476076379615908,-0.595375442762567
-0.435220761,-0.278761418937564,-0.318981050788336,-0.528657470841567,-0.546490980108806
-0.092294058,-0.27839358396526,-0.0466509884845882,-0.690160505457296,-0.500527129492804
-0.482878536,-0.210805461480328,-0.283985399275417,-0.623884635753912,-0.342671627392791
-0.437212116,-0.218699674720794,-0.10263412904936,-0.632713545946054,-0.74598124814059
-1.068871474,-0.510588938282362,-0.65877119360269,-0.398166531604725,-0.71695837704356
-1.157069905,-0.51085330535735,-0.828997913449661,-0.479114029791845,-0.532866570122933
-0.001327435,-0.261317568505747,0.0541963686902834,-0.784465794434389,-0.866931846573613
-0.512598615,-0.444272970562116,-0.197294696906323,-0.664859714115905,-0.647260799101474
-1.154016195,-0.595334299416158,-0.884201431126705,-0.829699524563652,-0.707415534024936
-0.902512485,-0.621644865438698,-0.974951194404117,-0.751477971846906,-1.14644206855763
-1.244505676,-0.686688980157799,-1.3511273068083,-1.27170096050496,-1.07859912876674
-1.111346606,-0.718032920555164,-0.719548492753121,-1.19685590183298,-1.55792621483664
-2.070357581,-0.733286411152273,-1.40725158064712,-1.09437684831586,-1.09358565744271
-1.064820799,-0.438498705627405,-0.597598742738944,-1.23849173424629,-1.49050908515553
-1.065368899,-0.420519460350055,-0.77028041358827,-1.23728371133703,-1.08690507864551
-0.977030545,-0.478537033490657,-1.20405021293796,-1.05699806759921,-1.03890555180449
0.418574679,0.13120996203525,0.550889579900783,0.245263080647563,-0.125520781058713
-0.70822651,-0.0901263702585954,-0.301733149114296,0.339822779007732,0.446258745730919
0.540402996,0.224331772252471,0.458494587325135,0.151667280479547,-0.151757104105359
0.166155357,0.141981354015032,0.398907141673444,0.274671736888087,0.514959682455622
0.829748763,0.147893436064246,0.830524609408517,-0.0130188537837476,-0.0790618909960477
-0.384769387,-0.0555730390011677,-0.312705048854997,0.292308896568676,0.271013528466345
-0.245543005,0.216317018830054,0.146937808954647,0.41311920405333,-0.055843270084507
-0.075370531,0.0114899875312495,-0.0178033865038643,0.439711455497354,0.443183213532037
1.309385604,0.293067785147813,0.972534384399584,0.017615333674811,-0.00188277950859363
0.059609864,0.195046260297203,0.409957046585083,0.41454661545129,0.701926760445907
0.323790849,0.108855350757028,0.284945153004565,0.240885627853954,0.209725548659493
0.485884818,0.241043904605083,0.798645905739721,0.179071077137433,-0.54251263294869
-1.565789629,-0.874100961056718,-1.39871506901599,0.127618539617881,0.0239011510844353
-0.555689971,-0.115314434612697,-0.409794679153785,-0.007464849722972,-0.427753800454567
0.439186095,0.116857950252978,0.482391768439093,0.0777001499352197,-0.219913624745825
0.277399104,0.0241398453468071,0.349748257870838,-0.11483413320683,0.0908496092028892
0.211385594,0.0751151670404699,0.495283822644768,0.0597459892015973,-0.768387894091443
-2.142824422,-0.415840707505392,-0.844160816207535,0.179052798322061,0.136885873757652
0.067846838,-0.00752017451352012,0.242621213533128,-0.0561678719641689,-0.911250068335481
-0.047152372,-0.0463046419750557,0.0529108344333716,-0.114251165843992,-0.0857057713322106
0.023891945,-0.0393440526714106,0.135617098964628,-0.100898085200082,0.0269297217736039
0.114634251,0.0126986605687252,0.450183530423019,-0.00462403389674426,0.0984933107896674
0.301228467,-0.00521061812280409,0.41160163884824,0.0190894116148184,-0.179285137663096
-0.608705854,-0.047245363533914,-0.190418024655192,0.217849753839871,0.335451871173243
0.407750665,0.113837035559574,0.441499187162408,0.168009000853468,-0.0605623521963517
0.386129015,0.154605145188407,0.453247565730799,0.138430782158325,0.22937371336149
0.21842815,0.0968106422192227,0.394336999726476,0.088035834715726,0.178170779111045
0.002992811,0.119999328825581,0.110620551389147,0.424001127102963,0.0682310164528958
-0.38034554,0.13724564582111,-0.266863010339373,0.701376268790091,0.748271692353667
1.421843293,0.687563545115709,1.29512059826908,0.531862638449425,0.671845447262298
1.822103441,0.701219207888547,1.45440868916369,0.509892759017187,0.954697543762574
0.871233149,0.548843376371009,1.05136169341358,0.692653786344115,0.887522763136358
0.084299714,0.193461231817901,0.191900349042023,0.511576971585242,0.434010409205864
-0.105533727,0.0770029526949313,0.0401686414529167,0.26019989055645,-0.0270817154748009
-0.323616191,-0.0194157249392681,0.0157539059499859,0.122729096057049,-0.0303904289074705
-0.051922684,-0.0361194618735651,0.068530699107856,-0.0386220172305738,-0.00891314940505047
0.344460487,0.0311174369904457,0.421447009121166,-0.173996220286516,-0.13339036692126
-0.104120237,-0.174837693648214,0.113451571900099,-0.248029743620618,-0.16491316048425
-0.591389865,-0.120204591492368,-0.501146126059571,-0.0382941094323186,-0.379379381969701
-0.973012639,-0.249984202216943,-0.61638126053479,0.0721333651076771,0.128532148628434
0.916284903,0.234198628641569,0.658395327449624,-0.245190091160016,-0.492249689062721
-0.183240262,-0.046761844330758,-0.075723570478554,-0.09958539838906,0.570942435550704
0.523587494,0.244629460450807,0.597672453113132,0.123305972418447,0.14863150773346
0.199849709,0.247239449953293,0.343387010442756,0.509766617028099,0.840421761198572
1.477834276,0.308637398664224,0.962770857840995,-0.00243093449831437,0.0790794277931474
-0.002418765,0.148649245462405,-0.108490062673273,0.499077836116511,0.395416077237699
-0.722604869,-0.0168294825124446,-0.504264434235034,0.563139366410786,0.473871452315924
0.794002076,0.350272688034588,0.840406749598674,0.437954602579066,-0.0222118886469735
0.564225158,0.212679246745984,0.703138838475904,0.339320604496321,0.498423290917177
0.455308367,0.146754415328905,0.620310498571214,0.218321412685617,0.359387936278154
0.306291191,0.155117201908318,0.458348457555196,0.354032785324815,-0.128205789887428
-0.858025007,-0.132003280481299,-0.625423392086487,0.248345885851472,0.168359228761839
0.000838502,-0.061138702356003,0.0261794433685735,-0.16182720658784,-0.323746608963548
0.151164495,-0.0136929342686917,0.210634482600939,-0.188989631504529,-0.371958720473279
-0.728646135,-0.299255807006474,-0.549629003134797,-0.264002317837893,-0.0209388723022591
-0.094291238,-0.118399473796571,-0.0188505378488153,-0.202917701413152,-0.551182626485015
-0.568050807,-0.248542294175953,-0.124747383363291,-0.24348914342799,-0.142190872575494
0.005797808,-0.25736458603547,0.129472661854672,-0.544909346084775,-0.650161530983833
-0.8449191,-0.366613328782481,-0.514103865794936,-0.187755158193622,-0.281360427497035
-0.579009354,-0.291412422962647,-0.337353224842519,-0.372281871579323,-0.361813482480781
0.074127037,-0.258452492877787,0.209792462070313,-0.375748247009129,-0.493121014719396
-0.405455397,-0.318048543438092,0.0120456562113619,-0.349007119365474,-0.147342624991154
-0.249256758,-0.268647890555976,0.0904355699849942,-0.270062840361262,-0.359662420539026
-0.406828194,-0.285929305323626,-0.162247708739822,-0.188625890951084,-0.214687263192627
-0.140082615,-0.357472149740698,-0.0221676302729862,-0.381304518748589,-0.34641477850424
-0.285694361,-0.297260097980048,-0.0940441950731896,-0.281119039360712,-0.30370113385151
-0.517697493,-0.243048060590347,-0.293799219186998,-0.156610084361388,-0.103004810558902
0.05610162,-0.181999726536364,0.142418793004585,-0.161383385457415,-0.187919263747836
0.151276621,-0.127873332841621,0.361917090950586,-0.215641417877501,-0.0921220976603886
-0.144516619,-0.156428561376369,0.264587782963312,-0.0806525558953995,-0.0609773186630849
-0.245655327,-0.065969157829056,-0.067344080714023,-0.0672703074245463,-0.17910188956427
-0.298996797,-0.195102709983985,-0.14561911345881,-0.0700415892867975,-0.112168725752799
0.020881975,-0.167378300380428,0.118601174272036,-0.160601355125058,-0.202859476124965
-0.117895918,-0.171745296911715,0.0959794073691234,-0.176744060303145,-0.0716545705091913
-0.080558974,-0.198389278685724,0.117119782601271,-0.253211486796083,-0.217334808468359
-0.277457372,-0.208727060451452,-0.0773499678076665,-0.213781560062798,-0.358140046994769
-0.697533062,-0.215691796814588,-0.322277509470853,-0.141181073239574,-0.255066291573669
-0.287761394,-0.0971745406570371,-0.160171668344906,-0.429389348357942,-0.372135306754987
0.322036858,0.0262546720270912,0.343225251361342,-0.664076690979747,-1.46240286121037
-2.901335487,-0.888631580540574,-2.1256377278077,-0.371434226809685,-0.286319619324422
-0.924501318,-0.341320069457214,-0.581492305325819,-0.512477101248601,-1.24857406075401
0.040427842,-0.0130465295002574,0.338254205610656,-0.614205449920283,-0.904512201890862
-0.723203916,-0.33234552997006,-0.504909932759995,-0.812760265772014,-0.213935794047681
-0.353629158,-0.217350564721036,-0.00234740034280424,-0.14649647654358,-0.281442077657892
0.11794857,-0.0784387576691484,0.2459890544023,-0.403823972999056,-0.290257091900532
0.02434165,0.0556299539061716,0.164060436870933,-0.428334439702744,-0.663676386750727
-1.599926978,-0.40157523510469,-0.976948329208102,-0.217249188840484,-0.0142966186861774
0.069203457,-0.0914194171764808,0.114586924016345,-0.497854729043206,-1.05914088521456
-0.85213419,-0.390366396154939,-0.601924693796395,-0.346178957911931,-0.19901762902199
-0.297515813,-0.165435634539982,-0.18124504499405,-0.298796649667666,-0.375168965995269
-0.098456599,-0.022938094461789,0.212186901186787,-0.0284493808991594,0.0821709611013914
0.690542556,0.075292236479006,0.537601183925236,-0.460494970102405,-0.261986531796396
-0.156433744,-0.051233994832774,-0.0662569874429548,-0.266767316131913,-0.558806007317225
-1.871218298,-0.379130500886782,-0.986241241401816,-0.0573556823887111,-0.335103337828837
-0.716985361,-0.180814344063142,-0.549384658469608,-0.147355925394281,-0.841343162521502
-0.11892726,-0.112966687495151,0.0896896399659142,-0.410380876282605,-0.370527726962661
0.180430419,-0.0592525540104683,0.418145040818699,-0.536330429214292,-0.26526234419271
-0.284143548,-0.247316108153187,0.00469637077912428,-0.253933676292118,-0.142003993974721
-0.378615193,-0.298868381843407,-0.178416454141909,-0.198129938962565,-0.382535853692537
-0.627809706,-0.369160923527775,-0.419669576002374,-0.164572936274794,-0.203308612240141
-0.054915439,-0.0919819094520623,0.259765243327351,-0.0790261072354194,-0.308941222685535
-0.190732968,-0.0833053576989527,0.131907605974921,-0.0590932070137678,0.369864636337943
0.987052112,0.229941383916968,0.907641343545468,-0.00420605928872705,0.0267425588916088
0.223564712,0.0453590685837015,0.466418699978807,0.254793393586027,0.558617444979471
0.329276218,0.0709245697609485,0.525449436814335,0.226117455385268,0.241216500471664
0.226732932,0.177497999264114,0.431899123785562,0.261779595965279,0.0894543529727714
-0.165397691,-0.0730923239869359,-0.0150844387652634,0.249757690249899,0.0968531885588457
-0.124153217,-0.00689332902023898,-0.0677247785117599,0.155641306422355,0.139434014295504
0.498658815,-0.0427927897502084,0.595794016122958,-0.212357352978251,-0.196416002518763
-0.2282203,-0.13742811420475,0.253308951086175,-0.0614948016203938,-0.0557715394620897
-0.616556545,-0.206403696116087,-0.263060882447807,0.0293969030225046,-0.0437739982066905
0.105613537,0.0212403572788926,0.245860568297191,-0.222338843106706,-0.419305960820028
-0.256322184,-0.285490359380371,-0.00189215072763406,-0.319802291719196,-0.251414623353725
-0.5743166,-0.318516242824386,-0.169805806632657,-0.379507664310691,-0.184457201976501
-0.085745446,-0.0368248554630613,0.116147441017602,-0.377210510237971,-0.52496501530219
-0.563274435,-0.272631462658636,-0.237533486779294,-0.3674093483534,-0.243477504742696
-0.305830202,-0.229199997096173,0.0443869432779529,-0.483829859011927,-0.504183033355425
-0.493528086,-0.296306474929606,-0.26323686164579,-0.375479789945068,-0.458894538087769
-0.651982973,-0.387945669298192,-0.402727937805479,-0.389486930444355,-0.329511903838804
-0.156393407,-0.265647410333331,0.0572800964449608,-0.459521852067322,-0.49987384865264
-0.339776805,-0.217447549764622,-0.0555291569731647,-0.326616911956337,-0.400776791344629
-0.71468202,-0.2557935761149,-0.44422771223977,-0.279871732154202,-0.0527877572259312
0.292098228,-0.0233964563342671,0.516332308898504,-0.202375738785418,-0.431814486691193
-0.300996007,-0.0243327918591104,-0.159034997239396,-0.00337917604088737,0.235434657244447
0.347928589,0.0383115983850952,0.479651796900613,-0.075039959913225,-0.0330349192210513
0.2872117,0.0498347402320564,0.341552079248515,-0.0291485605589973,-0.126077880850641
-0.430021882,0.000281021096294192,-0.068379628163092,-0.0900141305240247,-0.349682488887558
-1.07351794,-0.068495413023149,-1.00183085891351,-0.272374533789512,-0.395257228448794
-0.361379953,-0.208530448777608,-0.0711228067540149,-0.505858223193685,-1.0150630360843
-1.126689804,-0.262053452942269,-0.412872973326698,-0.488275912566408,-0.596793853048103
-0.820630852,-0.355021261073985,-0.211108714569209,-0.57461214900176,-0.661506777994695
-0.25158723,-0.257138511340841,0.0799087986772646,-0.668250718094899,-0.704585351806685
-0.533214289,-0.334697403874029,-0.177875649051455,-0.610824530761376,-0.518931826666937
-0.830468038,-0.435657761317082,-0.603329254645968,-0.248091504436191,-0.219987914396837
-0.014720083,0.0107266269523368,0.249991242922589,-0.103917615446062,-0.13418737373118
0.578997041,0.0977065588883278,0.714703905573594,-0.0717892097473524,0.00541790039450963
0.09043149,-0.064046965977757,0.231383886081899,0.225935843280202,0.448554662727111
0.425823405,0.111220433529092,0.403973216063328,0.296906809544713,0.281656947566852
0.437418759,0.274824393802091,0.411840310961028,0.413337638475866,0.337614481401377
0.238636151,0.0382085772751667,0.312962804415335,0.351339810671517,0.508594741192723
0.685184222,0.121300545893995,0.403440523969792,0.148307911585049,0.150779627636775
0.094868609,0.000244143956812343,0.34103661698528,0.0366512329615674,0.156830879542729
-0.30850177,-0.114059340230292,-0.0444355691433152,0.00841303882516319,-0.0683201385679069
-0.248692205,-0.0399590494227946,0.0705518322190746,-0.0997143182684423,-0.449002348580533
-0.602259366,-0.203069433327762,-0.238024843609394,-0.195431510964374,-0.623390335187806
-1.273688598,-0.481300934791337,-1.35332202435472,-0.168166548560372,0.00145314578318572
0.664584834,-0.626171404166692,-3.53725394416465,-0.469810076646889,-0.626083011003244
-0.004637205,-0.163032672670988,-2.46958181090395,-0.745264495795926,-0.0820634185510596
-0.380735312,-0.199167577747611,-0.113660273745277,-0.568336709229053,-0.741625856714092
-1.776970479,-0.804023144731134,-1.81994553943369,-0.141617204704049,-0.248827656407813
-0.136485828,-0.156170654916775,0.215458971665924,-0.558288014929895,-0.999630563564679
-0.431425532,-0.29682210323967,-0.133933648205942,-0.521497943673137,-0.424063965091871
-0.499853808,-0.46564795999602,-0.482799349754073,-0.564209884762216,-0.455113869391147
-0.525572921,-0.316354140564276,-0.147069718508134,-0.382237858162033,-0.391442433585392
-0.258518644,-0.589841495595339,-2.29141166261786,-0.611221733462809,-0.511024008332091
-0.404672617,-0.221364524518191,0.0935991168840623,-0.620440563705865,-0.67597470368541
-1.130785348,-0.723515750504915,-0.677932986682861,-0.515082585843133,-0.504712024826656
-0.661771577,-0.371190524562345,-0.49201669758198,-0.422100855623718,-0.704004819053982
-0.48750844,-0.335785990339126,-0.41440528741488,-0.303750536449651,-0.271841599824467
0.24848377,-0.126271012480648,0.217641716849484,-0.526539253639224,-0.392490038921847
-0.197712795,-0.155036141319542,0.13081953467561,-0.355965071668511,-0.250951376769954
-0.616427364,-0.273168807950367,-0.264267503838262,-0.412099293968883,-0.443757218695515
-0.516570291,-0.163187512127649,-0.156227600892905,-0.432939378751999,-1.27416859893367
-2.290266741,-0.883032865165994,-1.54417932226887,-0.406896754082817,-0.445250368456222
-0.381178814,-0.248366705338112,-0.0455575395716905,-0.676971778170653,-1.16455750544073
-0.286376738,-0.245438085609519,-0.172381593709004,-0.61473333020999,-0.516384193719651
-0.369160969,-0.149189045129461,-0.00857703989507206,-0.796116890674997,-0.47320881298824
-0.413588153,-0.183795685531362,-0.565741096156336,-0.896147387506805,-1.03981321698628
-1.659183377,-0.546672674243732,-1.11885832697524,-0.748114469368995,-1.21942435628349
-2.187616968,-0.621618834579519,-1.4862096355411,-1.18401893017815,-1.31263068807063
-0.974123898,-0.560046337662135,-0.663569090755942,-1.3202731497278,-2.1271945872395
-2.435925975,-1.17991185299559,-2.0637864273267,-1.42765030546497,-0.914977522306095
-0.559835819,-0.250123569815556,-0.215279208132079,-1.56454380322134,-1.83439641685686
-1.443680067,-0.46540034123001,-0.757000574652456,-1.32142617079979,-1.07244840733875
-1.263256929,-0.669766327674965,-1.000799808356,-1.4162691858562,-1.53786342521699
-1.866487073,-0.876077785793442,-1.33554726405748,-1.17189624835015,-1.10541750438025
-0.856260862,-0.613926036846892,-0.787147197131186,-1.33244469171566,-1.57894501159775
-1.520176659,-0.707027148918668,-1.35270883674023,-1.31847097267945,-0.790145235966933
-0.442999695,-0.174887620920927,-0.412447804043601,-1.33942194776556,-1.41875732164987
-1.467994747,-0.687799473527852,-0.865691930926774,-1.00462361875313,-0.790822640556136
-0.900483011,-0.580194111848974,-1.13061415076025,-1.64354975130677,-1.41359317357035
-1.196919226,-0.479790131337062,-0.56410687700896,-1.54830495464268,-2.0598944140614
-3.381061905,-0.795563257614965,-1.77805221681328,-1.41166313454156,-1.51403606517288
-1.943615214,-0.617589850209528,-1.29741273755791,-1.57996581673263,-2.23672155450571
-1.446682084,-0.657141462249055,-1.20531801375187,-1.82100300299137,-1.70608869633611
-1.329654057,-0.530229160923806,-1.12016792960129,-1.64371175439735,-1.34798333958429
-1.158361398,-0.266348283524605,-0.732297728504207,-1.50381021007111,-1.23206998923178
-0.862799652,-0.524658384378033,-0.906952722384162,-1.53135526976766,-1.82341891129239
-2.626994643,-1.2579667814123,-2.15908009040827,-1.09826203223577,-1.20559884385018
-1.67240649,-0.699434636675348,-1.40167488952431,-1.16728848972554,-1.4450039028878
-0.311751018,-0.0556172818661773,-0.0290843812143308,-1.71425363805131,-1.74004606843105
-1.645783065,-0.723487232149821,-1.90125818050796,-1.81910324074002,-1.27966003012521
-2.006689686,-0.754987455042917,-0.988772639623662,-1.51713661018982,-1.81297361216633
-2.327556115,-1.00797433310305,-1.66079114607747,-1.46893021859755,-1.52606842635484
-0.847032084,-0.410805234811947,-0.771368634059403,-2.0449528593063,-2.48242574951245
-2.861409583,-1.40926490435004,-2.90506624824585,-1.64424362776873,-1.41349158028431
-1.935424976,-0.523038469645081,-1.40251120190466,-1.13936114678128,-1.70121320020361
-0.975531287,-0.336518394246659,-0.526690147276476,-0.90365249653828,-0.956416300398967
0.300774595,0.194662860633724,0.398152790233466,-1.42605320651666,-1.01604703252902
-0.813908255,-0.327575596807832,-0.636465890851778,-0.892146799845683,-0.643935283321117
-1.673959809,-0.612296122001444,-1.22213522800888,-0.564656567985389,-0.175243215465447
0.527781636,0.166833005558963,0.998039688337592,-0.687105584464763,-1.16314616091844
-0.908456602,-0.16397378624745,-0.673037586417149,-0.565367501111692,0.0118346177038986
-0.119245856,-0.0543860713322052,0.200696063458451,-0.759739967565994,-0.686705666881477
-0.401516584,-0.213127810966961,-0.42921694686792,-0.799765748140368,-1.08360927504407
-2.090851541,-0.812536160425301,-1.58166224207316,-0.660857260525456,-0.778973798943699
-1.227844122,-0.440300286245911,-1.59132432029204,-1.07290978275921,-1.38708167054901
-0.771276122,0.183515520087563,0.210208298569995,-1.88798627316908,-1.61026232570415
-1.448595052,-0.717714694486191,-2.49993553736043,-2.39477736614906,-2.66139020141666
-4.945129345,-1.20794447016794,-3.54710749041399,-1.28318649610508,-1.56560624021047
-1.998394175,-0.176569807693217,-0.53086581156018,-1.28158934336375,-2.44739182855134
-0.666580866,-0.29585175237849,0.00856589277834812,-1.31263259914524,-0.915575316616162
0.753689362,0.0784860482832026,0.739836547980345,-1.57868746702829,-0.834274406011176
-0.718692275,-0.463309738321916,-0.177428223828033,-0.636038010269451,-0.205365205743663
-0.944032165,-0.22438577951181,-0.640216231225196,-0.564872533756339,-0.637499251101078
-0.538839562,-0.21224631500431,-0.341785159797909,-0.833399942228194,-1.37987595987224
-1.927636459,-0.282593260442366,-1.08862238504904,-0.562524035348106,-1.09054813913669
-2.050182477,-0.681716857526563,-1.69212051405366,-0.641225486870196,-0.357227035081197
1.300800456,0.630427672333593,0.891441640085671,-1.17802925602688,-1.31178729384026
-0.544008827,-0.282789822957635,-0.866679698534945,-0.863427385144133,-0.128240786271715
-1.282310872,-0.351031314377607,-0.921913223124891,-0.594093101800436,-0.0776258110332056
0.470830813,0.0660753519506983,-0.0470412491199981,-0.942017061754651,-1.28407898876206
-1.302548638,-0.716636582905795,-1.0241072894449,-0.958326689876113,-0.951175689700299
-2.299860241,-1.22344153535981,-2.20018619170038,-1.04198100425365,-1.12490699168638
-1.124453352,-0.569232830591829,-0.97144735036556,-1.28705264404044,-1.79578580100362
-1.4722057,-0.675629550093245,-0.902192761671188,-1.32805861671074,-1.38386607268248
-1.574134089,-0.677211800559564,-1.08833607002885,-1.30471095360434,-1.2428068482526
-1.029529463,-0.648711831769712,-0.814761194148783,-1.42318224530603,-1.33767424396359
-1.00462194,-0.627930631923501,-0.66347247727857,-1.4572860724636,-1.44364090104433
-1.826406419,-0.964685707465941,-1.19204014188603,-1.32468051758661,-1.26507302159298
-1.534278865,-0.616181078152391,-1.0671327687694,-1.25324344180229,-1.53893759531171
-1.493246298,-0.721723531985228,-1.10227950936115,-1.13962240141282,-1.12319238473352
-0.788793805,-0.31396493248929,-0.436787989964256,-1.38427775217328,-0.8045820875071
-0.004280467,0.164018080659869,0.385436010202389,-1.01106252356069,-0.789000163987459
-0.752440252,-0.349484909486146,-0.699165580445176,-0.492531879738349,-0.210539210899536
-0.457025932,-0.0942185673399632,-0.286109761637272,-0.196513604708334,0.0211494856943275
0.827079455,0.200442979942171,0.0433286054135416,-0.329236932355943,-0.245719108776723
0.082374255,-0.146249896136191,-0.0432169204585879,-0.387247336164332,0.0679865522180176
-0.490709507,-0.032213255256551,-0.957220269972681,-0.0904085413450629,-0.174669580376911
-0.556313504,0.11604718973903,0.167451438211524,-0.136168983626362,-0.332661065691174
-0.218739431,0.0172579195612541,-0.177657421509337,-0.489321258353492,-0.556668212678118
-0.444086629,0.0829381022309051,-0.128919928785498,-0.633470028931172,-0.813173660477324
-1.2814091,-0.0834829970856405,-0.767890017225275,-0.571179568415145,-1.11339572259881
-2.224892898,-0.868593534853755,-2.07847509615844,-1.41068129878048,-0.303103868851034
1.359268095,0.884958437189183,1.66621527097981,-1.19480819610587,-3.06470039596664
-4.802085564,-1.55453515124744,-3.50998727774741,-0.658148577757177,0.478539382491826
0.1832008,0.39846392803043,0.397375676364628,-0.604387144436755,-2.12702004144478
-0.188360378,0.317511564014742,0.49672018310718,-0.28390855077483,-0.681256987441194
-0.994107754,-0.465449132192199,-1.03011846703964,-1.64259465728991,-0.379452155994639
-0.389941229,-0.0568738597470607,-0.0267823014502399,-0.631324793595117,-1.11221638043428
-0.921836301,-0.467825551068879,-0.766461816213908,-0.683020199823992,-2.10559383863388
-4.358635986,-1.6137058469891,-2.67050326620717,-0.617844217934745,-0.56877252011206
-0.195579238,-0.17131220680262,-0.195913864677643,-1.03087208669652,-2.31168203159703
-0.688857296,-0.398301670844434,-0.587725914405427,-1.22597636260097,-1.05313776113248
-1.313905456,-0.529733710485213,-0.967194806409571,-1.08985204603505,-1.17575125521345
-1.87136449,-0.549683457210085,-1.0563657404896,-0.697879475185543,-0.824293125934325
-0.320425384,-0.496624804298921,-1.19384497458989,-1.0982693874318,-1.40349670089244
-1.131782431,-0.471871464357193,-0.861500865221791,-0.897897766408478,-0.50552606445848
-0.41144496,-0.173183551676751,-0.139446820866211,-1.013850891685,-0.931897886851696
-0.808566733,-0.201894242595876,-0.646323019066539,-0.944731763987891,-0.699016286622319
-0.740984488,-0.359165827396797,-0.512990832688076,-0.780280173611418,-1.25507434746418
-2.144040766,-1.02366231253543,-1.76257356163068,-0.427189787942221,-0.120461250187437
0.735460559,0.587785628565043,0.915281861899314,-1.22132063327979,-1.37336185016767
-0.64425367,-0.511976558673416,-1.3450900332558,-0.993857031035932,-0.715563511414186
-1.973914103,-0.540847450110721,-1.24353083807217,-0.915539556558309,-0.543352095117532
-0.46442264,-0.207657058008525,-0.160999316799344,-1.05969396268949,-1.52475258453652
-1.480960615,-0.379179744256329,-0.591855034818191,-0.96116184493192,-0.455796230013633
-0.124327489,-0.339708669703218,0.00509868636429668,-1.27619736311731,-1.17300577755707
-0.942941819,-0.165144110441333,-0.268919754320957,-0.718133892039517,-0.778360839304453
-1.474057001,-0.411882150353531,-1.19792751196324,-0.512428797819972,-0.405253840243326
0.070559773,-0.155585660618711,0.153277959797569,-0.454688529127457,-0.765365695452155
-0.147492746,0.0282104002838372,0.455768814432119,-0.449944213912154,-0.157926025630326
-0.008564738,0.256197165680093,0.259217616469468,-0.565732580865585,-0.612352306835422
-1.122888277,-0.159251941103491,-1.06243495535505,-0.326841328964525,-0.424351572985251
-0.869468155,-0.283937426192195,-0.44897487868186,-0.578222130226505,-0.74693406289944
-0.43024336,-0.175851993435563,0.126754161103435,-0.734213898662954,-1.00582725311864
-1.214887576,-0.391154918168173,-0.731934857200128,-0.70712032791047,-0.569522906849626
-0.612130151,-0.41882469301937,-0.337055968236379,-0.774888758528745,-0.955532630301675
-0.868221895,-0.522895099614954,-0.674184680978796,-0.749982618930827,-0.561757358528761
-0.35378343,-0.250048526123843,-0.189624099622155,-0.890663222993129,-0.874828869029673
-0.948863139,-0.452264279339586,-0.572017635619691,-0.602200256554726,-0.554184041806892
-0.778309001,-0.304894081666148,-0.553352298250636,-0.557866369925616,-0.501633548113032
-0.186705725,-0.109369679640163,0.234478051224369,-0.369216662618145,-0.309459164897533
0.237072913,-0.0516741681629085,0.414290167018565,-0.460490439020859,-0.23305868704478
0.028281707,-0.0554278325388779,0.357990024541944,-0.111546118355373,-0.629296244509258
-1.71943565,-0.70000020043385,-1.03818699877654,-0.0892291300697407,0.167403300477832
0.46136583,0.031703930335633,0.621541284418918,-0.180944544294596,-1.07900027306327
-0.849691346,-0.219268593260158,-0.447821157308892,-0.407447488146863,0.149589712779921
0.442332104,0.00134728501531485,0.577432722864642,-0.942136166517155,-1.18455165404015
-1.782185304,-0.605612552090024,-1.2000529136531,-0.617498604694846,-0.391091966979899
-1.035313765,-0.378397975768937,-0.653420454390251,-0.614580636111291,-1.31613603946754
-1.606107842,-0.386707428389745,-1.05343050155748,-0.357314086940377,0.140293460559818
1.713599364,0.601980262811768,0.814391591645707,-1.33399547825354,-1.0150344791795
-0.343721275,-0.239219372115769,-0.40842216741045,-0.785153494156354,-0.0775223680193549
-1.546379494,-0.403842788968037,-1.05895181726801,-0.43433671492153,-0.279925293251335
-0.529231351,-0.14120988725518,-0.407427201076728,-0.138795369262074,-0.671461680668634
-0.120602911,-0.136471900483385,-0.210061001494307,-0.161029294374158,-0.0240463114283927
0.591095278,0.158307960352128,0.82473537443539,-0.498265581702039,0.229432312294053
0.974640954,0.138738880192993,0.422964182665416,-0.298847884860898,-0.330009663415541
-1.283535755,-0.225075938360129,-0.828356981137817,0.0574723027450999,0.311972580098488
-0.241561157,-0.0650137572737971,-0.271637499777309,-0.300565724937131,-0.711980067892082
-0.434882905,-0.193453547402495,-0.156119838921699,-0.403154214476579,-0.501646656565089
-0.660330606,-0.268815106760399,-0.201762916494581,-0.451250335517276,-0.522042654255006
-0.701327958,-0.265552615576241,-0.392026774994283,-0.463086000763433,-0.398824793398462
-0.014358611,-0.0320889783528543,0.0780131783194614,-0.581280785081979,-0.881188809056726
-1.27257852,-0.562891777823597,-0.716475153510532,-0.444153514802124,-0.0269733118774765
0.238195716,-0.00241611653619199,0.344362936139734,-0.62468208202268,-1.01899766093767
-1.034166301,-0.542489063483578,-0.910811134535698,-0.491350369083705,-0.180552823161544
-0.250928098,-0.348332428042817,-0.0783587007055225,-0.74234032601436,-1.05492632462727
-1.255754117,-0.601363721671985,-0.89730021689971,-0.463830256291062,-0.735313158034489
-1.270620664,-0.57109786732225,-0.807954587131908,-0.595530084520367,-0.713652247771792
-0.296671995,-0.187776704652196,0.0881604909072887,-0.410172213727498,-0.810664408205891
-0.397151912,-0.388415546712544,-0.00269399319403545,-0.475379991173017,-0.339195828021754
-0.30598472,-0.1829596081163,0.143637642704929,-0.196997130067471,-0.13148263137024
0.135736912,-0.0630276176702683,-0.124820598358215,-0.191372108522663,-0.0765036781571052
0.236020011,-0.00826350831258369,0.588873834791631,-0.25210689452555,-0.0764991089441933
-0.202388798,-0.177497661113013,0.186845317828029,-0.226886997434462,-0.0555988685823155
-0.316914424,-0.0480354094693339,0.107236926249475,-0.0869420500855339,-0.245789765699199
-0.507862358,-0.05437733745292,0.00263497018439138,-0.0661796126476325,0.122883494506684
0.68075174,0.0566468256562921,0.413855306452079,-0.211590525253449,-0.379215192914917
-0.370713206,-0.0599366427688259,-0.374156234450026,-0.00140609800776503,0.360307625899969
0.418318771,0.0627914198992246,0.609508364580218,-0.392718335164598,-0.594023359510676
-0.870425526,-0.257731177248305,-0.485381521505066,-0.167611559857859,-0.537221003524187
-1.668111435,-0.345012333920708,-1.11287601227577,-0.103716861791822,-0.266607350689862
0.127487731,0.0474137500412412,0.491075050294448,0.103512291256199,-0.59306344425452
0.370034725,-0.086143418595415,0.330784348313706,-0.217427892301179,0.0103466264668794
0.25364798,-0.00714207140822153,0.621170302110557,-0.139444590765558,-0.101607722056726
-0.595022348,-0.099853914538887,-0.345672773444255,0.129479492001849,0.150070588239073
0.044898525,-0.0123694611150806,0.01088501361613,-0.0358598153787716,-0.227229889114002
-0.02620326,0.0548722213629879,0.0227080051513967,0.0494149291210274,0.0992873853472195
0.229436911,0.0397106813590846,0.364803198794358,-0.0365302514645099,0.104111526819234
0.285411891,0.153305119476888,0.387506375528919,-0.00957461742366413,0.0710884859711084
0.070492939,0.0519529414141133,0.189678934422427,0.00912413624788123,-0.226775789918766
-0.842152778,-0.276235170948225,-0.717484166607345,0.15141356409703,0.02069817524913
-0.115641273,-0.0444423670811673,-0.0444878576423617,0.180375843816316,-0.220094210024979
0.228509901,-0.0108274067658469,0.199468181747257,0.0471847245722323,0.11952719022196
0.549455256,0.131083295267978,0.559825285541481,0.0396405684362186,-0.000138137453275651
-0.265968392,-0.0887704979194439,-0.289021078459282,0.3528503044129,0.45134044794214
0.387617648,0.232510061578149,0.616092934517039,0.338303646605227,0.195713139219922
0.621178217,0.164490180397055,0.591500380174482,0.347126777227106,0.205921632907396
0.276347904,0.261477786865738,0.433077211385744,-0.0163130308179837,-0.145485313116342
-0.012088617,-0.0997832306309423,-0.149457952543408,-0.802003234848184,-2.68854421163796
-6.711629804,-0.903235166349092,-3.28533623907432,0.276986117288442,0.0432283597554471
-0.029359896,-0.238020111488603,-0.656191857758163,-1.15087758654642,-2.60465877646606
0.519574619,-0.672529158933296,-1.31770003586991,-1.35971427594273,-0.277715800728048
0.278640817,-0.991402850918999,-4.03256210680857,-1.03192267598523,0.447020016448802
0.534111508,-0.227685310508125,0.23692139244119,0.221881299069838,0.576280981832891
1.074727212,-0.543358039718562,-1.55967859985332,0.301206285361583,0.10056627154206
-0.447187343,0.20952532792399,-0.0579158385839689,0.545684621129283,0.776822766679029
0.593076615,0.223098364538639,0.582797801383946,0.225911041397501,0.0873336557452835
0.421446396,0.151400897009546,0.300486870895569,0.277489334743512,0.395670597719441
0.351655914,0.0938868854634547,0.264275202502741,0.259780807023613,0.291216311636098
0.12605104,0.116205838756184,0.235937225866282,0.307289294218264,0.337017089927168
0.387481263,0.231874774874577,0.635451549112532,0.187493744985688,0.0191061850772257
-0.209433433,0.0261015713084148,0.248413046504098,0.206307092815014,0.35908689424455
0.435200025,0.0494147004327867,0.504594212265225,0.0240646160556155,-0.0806722000502468
-0.021197452,-0.0461325778984863,0.210795741262256,0.111328619747321,0.114562117163523
-0.232013389,-0.0245021895944508,-0.0250838182485622,0.0569545060211791,0.267971812766453
0.609416064,0.0906461881911891,0.82117869674717,-0.08254486549636,-0.151747563904099
-0.068167568,-0.160917349390638,0.0645150372089691,-0.0510354132295847,0.0662790893673607
-0.414742551,-0.120264784200286,-0.0130160556910669,0.115197023695522,-0.00580384945235386
-0.068795183,-0.0997180105078568,-0.10767372708658,0.0678905187644319,-0.0701160502257904
0.207668869,-0.0639146936175709,0.329637940977846,-0.076855029099546,0.056066766644256
0.22057027,0.0812450781557708,0.560601267467579,0.0536012877275573,0.198871519226856
0.165773521,0.414396460620381,0.366716891220114,0.553312907752599,0.428764782899931
0.581012612,0.265682691318061,0.60040814143524,0.151709420240531,0.593798720677374
1.260160495,0.501422307718257,0.959388239496351,0.178462236372589,0.0722858625122622
-0.492491934,0.0538660240988303,-0.0479443399392208,0.4109190020543,0.719480455590391
0.363957732,0.158630361918524,0.321479262641617,0.346301455520565,-0.188443998774372
-0.277956236,-0.0282514938532696,-0.227708393673213,0.262820382326979,0.488442995471446
0.869623883,0.292090665517831,0.674772302605781,0.102262688198571,-0.213327461724911
-0.432099936,0.090525724767037,-0.157598981291592,0.458349409986681,0.808753121914096
0.992179089,0.195288924256637,0.427402550791091,0.109039202443328,0.0837216540206167
0.486421068,0.412631402056832,0.629391230073318,0.765351319719589,0.451631766957361
-0.131602019,0.0214039072865453,-0.262282627373196,0.47692681830553,0.969901634507215
1.501962819,0.601009701451519,1.17705199645974,0.693477679735078,0.414144318090957
0.905473911,0.56537768789075,0.949563397260216,0.685110806782726,0.937094687558708
0.745877623,0.407428436676118,0.647157604984271,0.654648589099204,0.374225504101848
-0.350431589,0.193585642042978,-0.215432393269159,0.969371231210966,0.675223325566464
0.483557041,0.39120127384986,0.606572671417893,0.678819345741733,0.447138960693825
1.211440933,0.395071316804542,0.976752186924028,0.22348290863251,0.344226403321896
0.361214031,0.176802703137979,0.349793936349696,0.452491934802535,0.535411184826558
-0.130376481,0.1845815064282,0.181235340661664,0.525290219175918,0.549678652078867
0.759854943,0.327000330699971,0.642215606500955,0.242788457591896,-0.0757378703564905
-0.134353956,-0.062083186027649,-0.296879424969212,0.221171412653773,0.330116226557233
-0.017322498,0.0796853439140757,-0.0432730244345456,0.188264227016136,0.107856615737415
0.216322348,0.194815255128452,0.240487308484537,0.182796896586685,0.158146855252012
0.42674575,0.0263847119992622,0.445907458077822,-0.150582149014332,-0.00585899990073106
-0.130476849,0.028054428182582,0.0564731414998073,0.0851189671647921,-0.0784661271975523
-0.713868983,-0.163384365207479,-0.408807368460854,0.199390939877757,0.173527675891558
0.491107851,-0.00220372276424423,0.254173865084284,-0.155335624654847,-0.367122097195029
-0.102040093,-0.00237035469796023,-0.245048881936359,-0.127082106922149,0.0535681935032382
-0.26211707,-0.23964792758877,-0.192554768823661,-0.100518591012549,-0.00331991978792218
0.070346676,0.0680158675507557,0.400924070567026,0.126174948634452,-0.209223422785231
-0.292346994,-0.0197649758927793,-0.209296449147534,0.223635305756098,0.208066368125778
0.252511127,0.143740383057862,0.405740073078021,0.308080842208281,0.464239471687126
1.347818738,0.418019001433386,1.37333137098647,0.0738340816891658,0.180370719078238
0.245508185,0.00587122107918567,0.198138769316036,0.149073392801548,0.500150129937114
-0.175192109,0.0731926964737494,-0.032653783055074,0.312300410465586,0.114878653608596
-0.227469213,0.12428885662897,0.122014153707473,0.473918661794683,0.0829955223235266
0.193923834,0.196775580311048,0.332910156435595,0.318544984520791,0.204545024562126
0.588808783,0.165849464867629,0.518425204970924,0.103604980512554,0.45227273141464
0.936537637,0.189343440143281,0.525581524273342,0.231813984620565,0.175921835824169
-0.311355929,0.177589621266019,-0.187487169644513,0.550335161364387,0.757223174377431
0.667784347,0.421074821692712,0.603072156056709,0.431822769138535,0.175330409461503
0.504778709,0.313608899577446,0.253983705006106,0.315356733644765,0.457532465091066
0.305670492,0.311936120960293,0.408519270655098,0.482822204964406,0.614318581565758
0.768593357,0.462808469333308,0.582165632413075,0.486640131790873,0.381786569596581
0.449789018,0.323985492722211,0.328464870188387,0.385536449171651,0.500993069549386
0.31188228,0.242881606476163,0.18182928271912,0.427367576144906,0.354370502501039
0.186503077,0.271261762822651,0.339188841506461,0.427494035717851,0.376799399772541
0.469059274,0.167187908255859,0.401436993541892,0.198070030763934,0.159921860324119
0.131610059,0.206680890240603,0.193112795464504,0.244424561515096,0.210729953190887
-0.070424401,0.0861141610995212,0.132208313424753,0.352340576535485,0.258889721832213
0.329512549,0.162162614130464,0.409558085623102,0.221768503427321,0.187718285007419
0.513567926,0.0851479180097226,0.461894715038462,0.0201010218259258,0.0452922316552324
-0.17775254,-0.0445195174372234,-0.00857712009977654,0.0343008828438116,0.127619697728593
-0.236125513,-0.049150253124606,-0.0396982562443833,0.0891681412200466,-0.11258864565663
-0.179616196,-0.139124409031532,0.00753081577076471,0.102371447334792,-0.0831253015354424
0.024188503,-0.13794755519645,0.215416103441651,-0.0714072828036037,-0.00603483941838317
0.208102582,0.00740984045398279,0.315341990727535,-0.09351634497606,-0.0181751584496018
-0.023132027,-0.0921224136754672,0.0331776560356492,-0.0531265628462256,0.0561938521343208
-0.071677772,0.02454531933883,0.107563921413376,0.0678304080211223,-0.00498195711404677
-0.116417384,0.045901005995587,-0.0346005398070246,0.105827217474867,0.244469963135689
0.609746836,0.20003682077155,0.472202855024019,0.107136707002762,0.0478504838389074
0.177834349,0.112935456488562,0.259555494368995,0.147813961647053,0.426003653568428
0.452524808,0.148736742028354,0.320160905371663,0.191849618758088,-0.00270735365093428
-0.387962013,0.0508046943370945,-0.357689017241164,0.431242277195918,0.535675735934229
0.710912321,0.322721691413403,0.94010181265392,0.220313513747897,0.0279016225422615
0.340738283,0.247649677270807,0.375222612392022,0.317228107354609,0.392622717940028
0.218540504,0.1452672138838,0.415606206881594,0.306724108975582,0.304426997683571
0.252560882,0.203260375417219,0.24318335873713,0.352488232381633,0.187400164312795
0.069327965,0.0297488353393292,0.0561687941310832,0.261226837307021,0.371868540796675
0.578746778,0.161951341676828,0.51961503907448,0.121228209871164,0.0509246255486954
0.003000564,0.0945749868194262,-0.0350799871660542,0.207254729108185,0.262113213787006
-0.02146715,0.0597989100175054,0.160962459336566,0.127022660264966,0.159571758847767
0.407987689,0.180825688938818,0.504152059636325,0.0316512666879527,-0.357181340545749
-0.758409365,-0.397937110895187,-0.928188888024386,-0.152003080263956,-0.0376741888307149
-0.446781799,-0.139095761306844,-0.279731205713794,-0.164015386519622,-0.434289466089637
-0.409737215,-0.135619163655961,-0.192579957334715,-0.204457670803319,0.00734537492211274
0.608653007,0.0189082571606746,0.541951460810056,-0.346004022769496,-0.322526698333863
-0.272441245,-0.0570367966104882,0.00139523873844345,0.00870798190006011,0.244587244175536
0.010394563,0.00557117512794525,0.277714775489077,-0.0625036162187216,0.00399206549081136
0.286904527,-0.0172204961509414,0.30034488304671,-0.101867394671058,-0.249475793014711
-0.538596914,-0.193853313244299,-0.216951596316396,0.0596490190690069,0.035903177190797
-0.260035466,-0.0846313266773264,-0.0233453882114372,-0.0972467614149238,-0.0398693734392709
0.463719218,0.0728660552291874,0.504054101199877,-0.233558848319401,-0.316604932239251
-0.360785563,-0.233046474464773,-0.197820746132713,-0.221632833112397,0.035154579493497
-0.365649805,-0.239079203043601,-0.198115248774792,-0.0826399828195944,-0.0283312942782766
0.237861953,0.0449741925478919,0.559655606405561,0.0835476404674178,-0.190767522996634
-0.081971073,-0.134919790338951,0.184535670175793,-0.0296096573790175,0.198576485126407
0.264836077,-0.00389558654224455,0.389226517273624,0.0877919159679739,0.0501877604119758
0.123226088,0.109874732413936,0.172595862043431,0.188338611667473,0.251870587513721
0.30261505,0.142630306710673,0.371650670799456,0.0955416980101255,0.16385715815511
0.208031175,0.104490472758232,0.215791491140089,0.183622070924225,0.1835995483553
0.083273201,0.19382509153491,0.0642953900869536,0.265621829024403,0.170944538280203
0.003122467,-0.134151499748689,-0.165209202074166,0.431105910386575,0.454256808647592
0.814157723,0.370747630339135,1.00056056143177,0.351453540220204,0.385223881800668
0.892760111,0.280319373613201,0.985192901344745,0.231138580507015,0.325351097061096
-0.016973787,0.183945265284564,0.305709864268319,0.310256185956877,0.332601567458581
-0.261502331,-0.0290928366775453,-0.0516600644009872,0.286162807505813,0.138811303651404
0.2260711,-0.00139786915974789,0.329069425045136,0.110602297619422,-0.201099742731717
-0.258340441,-0.12373968563848,-0.0473498277981791,-0.0210205141929934,0.155631886826576
0.203955023,-0.0758845264568372,0.00451210865586606,-0.114285199669778,-0.176261514833193
-0.181559932,-0.134726629208609,0.0624862437349497,0.0537040130331745,0.0629735520267611
-0.034965119,-0.0261473624496381,0.234281178921356,0.0108707684491656,-0.0274275083748678
0.0440362,-0.0737426006991262,0.17146278556664,-0.0202106258984936,0.110024931652903
0.380946307,-0.0687255939566811,0.599021620267727,0.0177871487700489,-0.165619427654451
-0.502489988,-0.141294656808024,-0.380379398761467,0.189176435708817,0.383945986800195
0.487346665,0.135770070485886,0.642332958769236,0.0944182306634383,-0.104800400600897
0.200305339,0.0320194917577885,0.362482496058998,0.0286724130036972,0.172185089659262
0.031536302,-0.0702462454849203,0.236367772648235,0.0578585935219723,-0.0216224883495545
-0.301022396,-0.00948549667732845,-0.00882608298696796,0.0319397603155483,-0.00742905077725387
-0.015548784,0.0336460467779954,0.221202200556556,-0.179948938394546,-0.330400171177549
-0.421938411,-0.272385187959699,-0.142826898788384,-0.284596134371236,-0.209363773793426
-0.343329589,-0.316061312607677,0.0482060605406378,-0.327503222815652,-0.438751617094873
-0.542845763,-0.356899635413949,-0.289551332640487,-0.359746917468368,-0.339419333092367
-0.250033378,-0.320591652121046,-0.0289107903245902,-0.419211302741625,-0.655075078806727
-0.914014691,-0.383377668672887,-0.595649033771738,-0.354932274919233,-0.210486754569424
-0.09166413,-0.196075880941091,0.360157760824428,-0.299340748163895,-0.588646483853906
-0.428626007,-0.237166843520496,0.013010697701955,-0.154123780664118,-0.0757353464222164
0.082453921,-0.181977403749062,0.404406645022063,-0.24664432449962,-0.266022894701306
-0.123024386,-0.136898780979626,0.264931082662763,-0.186374112444973,-0.104869210590503
-0.178263419,-0.147442621837494,0.23346569947259,-0.23697785051028,-0.281925224265313
-0.418163641,-0.250616908126737,-0.0711842770193738,-0.1781263965085,-0.434940394167532
-0.725564763,-0.268297503191546,-0.416293390477282,-0.581832843403619,-0.477498836853369
-0.410258926,-0.161327363113531,-0.164503437846606,-0.544861959558308,-1.08934706140448
-1.818761352,-0.310757767866353,-1.10122586510547,-0.197441429508285,-0.0875311081900373
0.270369928,-0.0288710846225534,0.390570844880043,-0.191182114990339,-0.656905168261868
0.309463896,0.051950678057002,0.386615114761867,-0.243032078722254,0.116138884102786
0.225027351,0.0700401722093316,0.291939708132217,0.175470565258971,0.30797494650938
0.359986875,0.100113452573156,0.338015479102563,0.27725207580293,0.277531189556019
0.313580392,0.154135811544867,0.224280514825512,0.279448354739348,0.363431730173092
0.412964165,0.512379671669692,-0.11550371950339,0.303442351386995,0.275913403612527
0.213517502,0.0869908233989845,0.182387540685673,0.314078677411343,0.374562969390897
0.415490887,0.0882352671933685,0.174784457273296,0.190127243109509,0.111529322221955
0.097357913,0.258110330837134,0.15102955609267,0.117670278454189,-0.14196718713027
-0.584766489,-0.207425414262988,-0.652101094305822,-0.1475275301909,-0.516792038488684
-1.426658761,-0.373964290199875,-1.25650534885088,0.0246130602128974,-0.11119265772896
0.233662712,0.110309577322872,0.277992214247476,-0.0438597118876808,-0.459047063439571
0.441908986,0.148980791809505,0.310735638339201,-0.0813908960468251,-0.0289598759924158
-0.097596048,0.0398671751501657,0.156951819429777,0.149954360162911,0.25177796827575
0.135637031,0.00337744833306651,0.311031084814477,0.0903430271542269,0.0258070661306044
0.12589281,0.074097470296134,0.179916194895444,0.0151907088715163,-0.0406960716488569
-0.201897281,0.0352807275206878,0.0978956038500777,0.0173254332533388,-0.00863420473404136
-0.161933544,-0.119104283998744,0.217756834622356,0.000425709473597283,-0.0881526381537395
0.015314367,-0.0538143806744067,0.230780621154399,-0.109942077723381,-0.201370696088911
-0.267064174,-0.08434359749297,0.125655166446898,-0.126202455418757,-0.0558751601863581
-0.021831078,-0.155931329437691,-0.168008314726064,-0.34148312986482,-0.388220516117495
-0.488708164,-0.149637436620188,0.0209707772757247,-0.415455666387008,-0.467892408236483
-0.887261976,-0.283836150130332,-0.451305987423641,-0.397659031442342,-0.640670336751877
-0.930296994,-0.276923060769409,-0.306309377509515,-0.44248415988798,-0.63285338582184
-0.386633504,-0.218310143360464,-0.0289877720623321,-0.886102402788451,-0.854585734749385
-0.648785052,-0.362067410042075,-0.267963902068417,-0.795475994019482,-1.04694834326948
-1.875390797,-0.7692238930443,-1.07895574279606,-0.511148777361687,-0.424069172207426
-0.205340206,-0.136155651003902,0.169521349507633,-0.609243132660494,-1.01755266511427
-0.316341112,-0.20676955333253,0.00846874599128266,-0.705490237963879,-0.476579432108258
-0.522838714,-0.335539102668568,-0.34771956256388,-0.65495891754644,-0.436815428631561
-0.681142331,-0.180603501249891,-0.249938087008465,0.0457114268533431,-0.119502427835143
0.145641676,0.034152868488259,0.38184636789656,0.0589438165557319,0.111711655315953
1.06284643,0.130158019771425,0.788434901319737,-0.13922343304904,-0.0769830267465081
-0.217000983,-0.0504204057577049,0.321601899887392,-0.0742273207724943,0.468525484868729
0.227697642,0.0222578824749141,0.159216669635042,-0.32901110574568,-0.570762624268344
-1.081485405,-0.290497010037385,-0.637468872650598,-0.418213220370603,-0.486550236092166
-1.205372655,-0.403483336169999,-0.605228815046307,-0.725837468218479,-0.895194318850126
-0.809359003,-0.412296190679684,-0.434203942707554,-0.944586085816076,-1.28272342129474
-1.452680274,-0.784311264268617,-1.00397461648407,-1.04264100653488,-1.00513765879258
-1.19229389,-0.62659305782824,-0.833420100172089,-1.06515918649841,-1.13196892596715
-0.907847756,-0.38924010745245,-0.592066455634612,-0.980294972829146,-1.03616495416847
-0.939333895,-0.498646420091744,-0.51920960449378,-0.980023176884919,-0.663001526508857
-0.307750066,-0.371501405898272,-0.181861930249979,-0.897460032461525,-0.837710705371494
-0.722505415,-0.380221430098768,-0.39280263191861,-0.775906669109066,-0.600496919244226
-0.797268488,-0.4059110657393,-0.373906428199971,-0.812359743487203,-0.739076232839221
-0.759203423,-0.455540590292321,-0.413790198367021,-0.872287971423667,-0.91720798142878
-1.065572392,-0.615416196834966,-0.628849166670939,-0.846536502190969,-0.880471567448236
-1.007519133,-0.766041302432083,-0.733479482073002,-0.951139907180793,-0.984612220037466
-0.919979441,-0.60178795926817,-0.709016300813569,-0.996583092705992,-1.0619072346498
-1.159367632,-0.750550921719637,-0.807038058076071,-0.92021334764212,-0.896257519776614
-0.911312037,-0.693913869563897,-0.752577458156501,-0.840039193935604,-0.844359446735473
-0.590073914,-0.567071879618209,-0.327425470004194,-0.774802721188888,-0.677341163688924
-0.380052498,-0.341199357473574,-0.104357211180919,-0.70228475682699,-0.615749429464215
-0.588886985,-0.362873148204613,-0.298865211386813,-0.607007317215438,-0.502536371973667
-0.5346479,-0.400007812635316,-0.228777510660608,-0.67377764134641,-0.718870583370325
-0.842820892,-0.412032738263468,-0.479442009883348,-0.662140905809707,-0.79570798781905
-1.000895414,-0.60786348845158,-0.889545344885703,-0.643556408693056,-1.07094963270732
-1.609928895,-0.586271843572871,-1.45960884876749,-0.52175194885662,-0.405815035485817
0.24231319,-0.0223462788431992,0.516588852344957,-0.712500249142624,-0.91494888570202
-0.27026752,-0.212152658465,0.0809475076514795,-0.5355435689655,-0.297405038178322
-0.557195462,-0.294748222270526,-0.205832169434704,-0.562861024706345,-0.450274484656526
-0.587118175,-0.273943963592494,-0.160747166512981,-0.542498583047936,-0.816302268560886
-1.013366894,-0.609086967490361,-1.02052793950018,-0.59177002241711,-1.16335197572487
-2.076204095,-0.752999953747294,-1.40350683318241,-0.807443810631555,-0.429039791676487
0.314445676,0.0243965735438195,0.473684647017744,-0.773695032261874,-1.54629595752804
-1.3110783,-0.643314940926232,-0.879629703670569,-0.97264383337982,-0.246305951815743
-0.383683523,-0.271965342267128,-0.0939826520597492,-0.775907496754191,-1.05244125996454
-0.955521105,-0.570386934182936,-0.559584541986133,-0.652151905410782,-0.831492449114544
-1.17313757,-0.570920336035896,-0.734489187323424,-0.921972144464324,-1.01660004345818
-1.068848412,-0.581851969426953,-0.673924991785854,-1.354183993378,-1.35908675056241
-0.86017202,-0.476927852053443,-0.589076637996448,-1.81173892885453,-3.39544340154399
-6.631184156,-2.6148549456949,-2.05337153482959,-0.778753352106442,-0.698865467382798
-0.621942583,-0.130373296840614,-0.411527554064399,-1.13520792245227,-2.80618636814967
-0.15965561,-0.0206879455993539,0.0477398824886339,-0.867226806903637,0.28320031735975
2.248225951,0.886272031891613,2.27694940281122,-0.671084765720204,-0.00747611337859221
0.168027076,0.0745397752241182,0.463409626983087,0.515045516092866,1.55305655603732
1.557107468,0.773517216858027,1.03259473407999,0.138923218771509,-0.0456765193821093
-0.399139615,-0.168006483318227,-0.388016182173596,0.0901929032210051,0.113630723022582
-1.263025031,-0.412080298423248,-1.14242499588976,0.0239379820811557,-0.353967134868641
-0.684520592,-0.201975090062603,-0.291040859426442,0.0175177986784745,-0.52974857898594
-0.00626746,-0.13569489248385,0.205463703201341,-0.549875806716398,-0.242206071222279
0.666882936,0.274750223532231,0.778100183546,-0.909813943049505,-1.0762073303481
-2.17956635,-0.688082046302741,-1.59291271356047,-0.441895618378786,-0.333464766523316
-1.388189871,-0.527258974325969,-1.15356414903543,-0.0531021975781407,-1.00590972820438
-0.506446076,-0.122120750648239,-0.155928657190995,-0.277930348471072,-0.092760035712981
1.495049947,0.453974923372101,1.1451242720315,-0.750082667501305,-0.360184191669198
0.012340273,0.215844103663192,0.490894279944873,-0.330051835137509,0.308148232898234
-0.322404635,-0.300625030685412,-0.495322179371075,-0.702032466701436,-0.851560972891519
-2.060350783,-0.738459403356512,-1.58515934837992,-0.400698977885566,-0.583746099770817
-0.884710374,-0.430601589453749,-0.508709608736971,-1.06251860871624,-1.45918806326789
-1.178082676,-0.501346126882367,-0.805398282875062,-0.918548079118508,-0.938773791524413
-0.970794779,-0.387455331175709,-0.267057176280919,-0.814904445176903,-0.684246590513065
-0.186219959,-0.274892491057104,-0.0554157792500223,-0.779283950832603,-0.684777012033617
-0.384762275,-0.275843932748618,-0.145259040729717,-0.444167380054543,-0.300979961326582
-0.569134294,-0.183272265153651,-0.207911788857044,-0.235062680956356,0.446235452430443
1.6050526,0.679029459094497,1.49010666381459,-0.507086623865238,-0.599336795020914
-0.628062172,0.00306870219022914,-0.339937320011952,-0.183362821078708,0.224595821130389
-0.887238104,-0.239763815400357,-0.474506349084119,-0.341483633188247,-0.438037193517304
-0.507947918,-0.257059365717003,-0.365140626530959,-0.52525842638788,-0.746168443548592
-0.628126325,-0.340032373443858,-0.386547065004306,-0.828446055197338,-0.786391862625395
-0.966070187,-0.441902159359459,-0.609477051033441,-1.02015198382968,-0.971972539296043
-1.305878495,-0.385350410692763,-0.617133551602267,-0.924188086032399,-1.18073325512004
-1.548733802,-0.685455239291891,-1.16685959408548,-0.877017472033221,-1.06060656476286
-0.911953484,-0.110380113111453,-0.012446952482765,-1.09657420527988,-1.08182159247882
-0.554796455,-0.20716137345736,-0.154986942832646,-1.31680397100667,-1.13272870608983
-1.288025221,-0.132679637931437,-0.409515966021143,-0.969433427269156,-0.621679749739121
