630
-0.690099715,-0.235646296292933,-0.561491912117326,-1.29098003479536,-0.888827216857423
-0.720289307,-0.184524543938992,-0.538071029601773,-0.922357649733634,-1.31341793629862
-2.122108241,-0.876774878885104,-0.943608065053276,-0.509046749239981,-0.486707734750444
-0.237506185,-0.0285682623552369,-0.552327124186369,-0.844555619400973,-1.15725294095276
-0.39880831,-0.141172790418347,-0.531246028940596,-0.707862237162476,-0.453256893706614
-0.601011441,-0.0999186249807412,-0.303368987861461,-0.157911581986334,0.103236153764864
0.666299979,0.152343781476584,0.72938111791909,-0.0568751125664717,-0.111891771789388
0.272478795,-0.020842535254294,-0.367270402937153,-0.0182016418771258,0.631137546466069
0.943815932,0.0294150553777001,0.611148436670002,0.0286872732725362,0.0834817154515702
-0.134422695,0.155228055185206,-0.0293038543902916,0.276482601614007,0.348298579305179
-0.201118692,-0.238912779143107,-0.228796633307839,0.0623824973122299,0.071808511461176
0.198864466,0.163715240329519,0.0299301893059621,0.0518091850388301,-0.212352174484643
-0.357428719,0.0431902313540264,-0.389947615227325,-0.105408666731273,0.232503794431684
0.592989465,0.175977210297046,0.382552916794854,-0.446415102719636,-0.750242357116642
-1.29486505,-0.374493871561627,-0.284147406087618,-0.0181209021027267,-0.160708741266875
-0.985376191,-0.125216163906773,-0.0452322159725102,0.141256232204163,-0.333881580859216
0.228112753,0.0531233692140126,0.0968490363547477,-0.0620625670898696,0.069741210953443
1.327628997,0.59795806691442,0.450198975846399,-0.380717859942086,0.0332607716807343
0.031999125,-0.103426758443136,-0.142261739469848,0.0973079170489896,0.548528554394175
-0.06449751,0.0848703258768764,-0.103241984207948,0.178544720231616,0.153804790114209
0.169794647,-0.0217290001623449,0.0124432664361635,-0.0415352850104178,-0.126705010846646
-0.19138873,-0.103360029169807,-0.191027942263586,-0.101902939364846,-0.148457932949179
-0.467153862,-0.006943143392195,-0.0197853583832925,-0.0742261418787753,-0.205553642904578
-0.269353893,-0.075865860609094,-0.115037229797019,-0.262488724995597,-0.344023773714779
-0.187664457,-0.417025459832258,-0.136213571551644,-0.44395828734393,-0.512765177012512
-0.782624542,-0.290233885375198,0.00702576037698012,-0.268839040250524,-0.329930427857364
-0.596018108,-0.0996651556849407,-0.470012100358036,0.0267522115028549,-0.181001220517695
0.189411938,-0.120536173478882,-0.299040564098805,-0.206770149322791,0.270527951863432
1.316183736,0.220152897442001,1.01011483034871,-0.0908905505759151,0.145362173286897
0.200500466,-0.0970940888440826,-0.117721106737283,0.125008841122471,0.734375192364765
0.406986991,0.364633865883308,0.337570310042673,0.488408045435586,0.148417569193259
-0.136328092,-0.0409424567104091,-0.0800472581177815,0.255659885244365,0.441535883364201
0.616138416,0.315140392440279,0.725802412130891,0.177630858505976,-0.153642710809897
-0.372091181,-0.095098744181664,-0.12313855826184,0.289299526957309,0.475470833457737
0.427799294,0.293609514355787,0.40071320911853,0.217372483505808,0.120505148211269
0.483594031,0.424395813962136,0.531097516227819,0.429077157718016,0.394046292572135
-0.53273141,-0.30754544097616,-0.443905510446713,-0.468521571505256,-0.366631336501538
-0.231526216,-0.382776299221662,-0.238977484324634,-0.466118461399879,-0.419790458270271
-0.269354471,-0.2976015436592,-0.288633558776998,-0.478850999787116,-0.419151257049609
-0.574140789,-0.340066545425844,-0.452639769852786,-0.38251314293435,-0.383689637616966
-0.560015036,-0.23984668651124,-0.474230407388308,-0.329823342187134,-0.334450565071375
-0.181770365,-0.207197905328857,-0.145411672995574,-0.329228964765187,-0.230426480689633
0.154341317,-0.108977974052983,-0.065510816529798,-0.420365135070504,-0.241472007023361
-0.205909184,-0.223808632228909,-0.251507980548185,-0.336897100523233,-0.18643959622616
-0.510298105,-0.206383859177409,-0.543365833537873,-0.185464154469386,-0.195785874003424
-0.215963604,-0.176573557452157,-0.409057525458668,-0.26257786129192,-0.386719601649765
-0.267479397,-0.256629911704975,-0.27317211833053,-0.521151539049002,-0.420243960081497
-0.382003912,-0.130326523961714,-0.636895660464962,-0.487950568950973,-1.01125927726291
-2.072559717,-1.12872286287172,-1.24376171045829,-0.243263916097333,-0.16739683581404
0.131076372,-0.169370621130971,0.0648574023140862,-0.747207191545212,-1.18073136452372
-0.553869705,-0.128358233052382,-0.464766866862747,-0.661692445633908,-0.327759527143998
-0.422465194,-0.187510997021093,-0.375806259435201,-0.773683777318373,-0.698852802357319
-0.976400123,-0.214373837866454,-0.471417571951777,-0.478958331915119,-0.459250810734421
-0.451548885,-0.319592641398844,-0.323189778072687,-0.559526728129404,-0.785318125085522
-0.754976512,-0.283953575365776,-0.574162455287643,-0.50812037145913,-0.37195378206282
-0.182653397,-0.280205840545307,-0.0371131672186747,-0.611275940257066,-0.595398385370448
-0.460773217,-0.294692141920802,-0.367232041871028,-0.466095149176981,-0.397114144485868
-0.519906855,-0.296649425731885,-0.468978248410876,-0.502176574463839,-0.512880234083551
-0.655031387,-0.374739334048084,-0.521756313715677,-0.327052553953754,-0.379351397233377
-0.244093424,-0.33509968012684,-0.192307341081831,-0.47516246732034,-0.465121170904214
-0.248222837,-0.280051432585745,-0.253694843239625,-0.625907827367423,-0.439393075059895
-0.503512235,-0.241716059692863,-0.362673800877536,-0.476643176286629,-0.622965585483666
-1.143971157,-0.177516803371776,-0.538783155818683,-0.244538421759063,-0.290464340186743
-0.193151422,-0.237487360095327,-0.368684255495462,-0.366921327901737,-0.355579604009608
0.404415168,-0.0946695768660022,0.157094554918225,-0.44575993208454,-0.20219686804589
-0.00991848,0.0215334947189613,-0.319987877095019,-0.420556106246723,-0.103744126332567
-0.491961565,-0.143824668126311,-0.493369940168554,-0.204529950747459,-0.265489167057106
-0.610820603,-0.247330824931259,-0.565911342704269,-0.243441203503924,-0.365469722289011
-0.301567018,-0.312880023478779,-0.365261208646275,-0.382451581785392,-0.496734319640779
-0.414412927,-0.346393947697675,-0.33897259930564,-0.427534403909959,-0.372074000101607
-0.384829847,-0.33720219515443,-0.224007511304175,-0.465725795126942,-0.446989677007481
-0.466748836,-0.354237111408568,-0.322271098524965,-0.473713193350104,-0.50517976879586
-0.631179043,-0.220470454713652,-0.444643978899077,-0.437038584484908,-0.514606229398375
-0.706197172,-0.286111800101978,-0.237053948633421,-0.343577226904174,-0.215796979184934
0.223891383,-0.044013395722162,0.469416223877258,-0.436807240084543,-0.402901300714081
-0.08734769,-0.285041691721458,-0.103032051457035,-0.470642622363554,-0.0919689183306113
-0.226243186,-0.135975990241647,-0.256033109129774,-0.313776500334485,-0.291723760666804
-0.55162458,-0.265399410508273,-0.298953405523226,-0.21205874900658,-0.278465623682732
-0.305606337,-0.207605990462801,-0.300054204857869,-0.447871789471371,-0.568577520770068
-0.631021523,-0.368859349863723,-0.494497512210201,-0.425580734615706,-0.506260136461064
-0.747635145,-0.415624634080997,-0.68110005146507,-0.421490207526291,-0.434698843600831
-0.296298737,-0.246437970452275,0.103159629753279,-0.500315584546827,-0.464907007888782
-0.140996072,-0.269871865191479,-0.0569923995311938,-0.578576278639545,-0.468207324737168
-0.573296414,-0.307272343399385,-0.511379269129474,-0.534712644471785,-0.382652411962451
-0.593921219,-0.38081696496766,-0.496893893910609,-0.497201803204067,-0.545321901584119
-0.611396874,-0.307308175760663,-0.478986494054821,-0.39672428235784,-0.48267026785729
-0.509162603,-0.316617823265712,-0.607017270433783,-0.445720188682281,-0.139118363028559
0.457261791,0.10478176868478,0.415374110020709,-0.499364082873234,-0.461999351944602
-0.394096032,-0.205847275009962,-0.194258270199243,-0.263390846267116,-0.062249525117827
-0.483363106,-0.182783682220746,-0.36905780954726,-0.225290666703097,-0.22330872390475
-0.138408449,-0.168260739512305,-0.00617213681255251,-0.217828144041208,-0.362183557943237
-0.21129136,-0.276298434277077,-0.208303000624983,-0.447439499705706,-0.395065960429171
-0.603136298,-0.251173805692015,-0.498455584989846,-0.280662116778542,-0.409453003133102
-0.751782411,-0.256853716200836,-0.565319138125498,-0.22791446617144,-0.180065086295868
0.285733927,-0.290011001633484,-0.188766647253384,-0.416427864069585,-0.557663351240082
-0.399550314,-0.213825003454083,-0.294537517064868,-0.406409904602074,-0.116296136355239
-0.352923415,-0.26055658828598,-0.298797204191821,-0.410778008520827,-0.384552844721325
-0.425616162,-0.291675855725702,-0.401153230819642,-0.368696084049111,-0.467047623541603
-0.591560317,-0.466142758421228,-0.446672831198063,-0.486044739576213,-0.484789731477189
-0.531302853,-0.483033538287021,-0.473290347580761,-0.551577731977205,-0.629194841264447
-0.71292045,-0.545139541052919,-0.616004252333929,-0.536900751567658,-0.559787287338517
-0.598521705,-0.509554015864335,-0.540507387019109,-0.552109371226652,-0.591309218718172
-0.52566207,-0.437024409957869,-0.427105316440822,-0.545451401693567,-0.470318879947931
-0.301309825,-0.393693384821668,-0.28883795287117,-0.493167728501314,-0.511958285314643
-0.505001658,-0.372809346527623,-0.423251340115438,-0.432663490579076,-0.355369441116998
-0.365466472,-0.355953612239965,-0.304297917254777,-0.400740080980937,-0.450566028463644
-0.423739651,-0.32295950625142,-0.228423956502437,-0.392823452135452,-0.395198798193299
-0.413554957,-0.417147118174357,-0.358307121516645,-0.406973854974259,-0.396368681736578
-0.377433898,-0.326205218356686,-0.346801690527431,-0.348543712090836,-0.388225735307854
-0.380635392,-0.318050083155802,-0.288066365857668,-0.37178514440899,-0.320701429335552
-0.234269201,-0.284620874624459,-0.275989148779468,-0.379739666857245,-0.38801344222404
-0.416025677,-0.274858201078617,-0.301926204120932,-0.288576949752148,-0.266205918928749
-0.299899051,-0.286332656580101,-0.208478604263147,-0.295556654360283,-0.266814353997285
-0.115799354,-0.131625444111709,-0.172976996085078,-0.285630389909394,-0.300329218424413
-0.458869116,-0.194124482359019,-0.411173728017287,-0.203831026070526,0.270923485215032
0.85299551,0.151626296471077,0.779642697397033,-0.29188484755137,-0.331987779064339
-0.271832665,0.0132765363454699,-0.156251694395338,0.233607802645557,0.261357844998882
-0.360481589,-0.14450186309495,-0.706703606181445,-0.00361206577017811,0.487141383051028
1.380754555,0.232628684559222,0.65639682739545,-0.183590760812489,-0.389413638745039
-0.440612611,-0.0608979108849387,-0.35746117002077,-0.29664515931718,0.301873364672321
-0.501669977,0.0791506643920362,-0.439700656577133,-0.161890368847896,-0.418433397051891
-0.886167654,0.0897541762860952,-0.602540127236091,0.172492214762817,0.178655565156715
0.976287466,0.0382071051798449,0.0760430918086365,-0.442947339929534,-0.461700304660617
-0.038518906,-0.0330448694365488,-0.119382549856068,-0.333353149460549,0.123999838037212
-0.429922906,-0.185186010981504,-0.242570774415631,-0.23614331691499,-0.274080920533894
-0.664367938,-0.25485169208488,-0.555967925786107,-0.117603633691722,-0.365803342564788
-0.416547151,-0.232925850850359,-0.316210252835901,-0.346004952303814,-0.385931500723471
-0.109263063,-0.172245328446819,-0.10935748260446,-0.450683341494878,-0.427182667298104
-0.445122911,-0.252401910698278,-0.319195403618368,-0.323897993977094,-0.177596910758975
-0.209062289,-0.260280260725542,-0.221380369726807,-0.329611926736379,-0.259840175834091
-0.023437857,-0.167432979704289,0.103233457261524,-0.451749046448845,-0.44369175731667
-0.620162151,-0.338364501046693,-0.56834268660946,-0.434039905795155,-0.435131813166169
-0.879691879,-0.36439597687974,-0.661766947061376,-0.516660226563581,-0.490791049723081
-0.353326324,-0.285681957369362,-0.342042671368629,-0.632100843096645,-0.899954013203439
-1.086275191,-0.591265712503004,-0.781851434181497,-0.544128560391034,-0.373716072818049
-0.272685024,-0.34871138788098,-0.209624422057567,-0.72804921991768,-0.797307063704775
-0.626914648,-0.343865257804543,-0.484191287640472,-0.498270348337291,-0.438822123174279
-0.506842853,-0.369639324776698,-0.499617583117909,-0.666746195432975,-0.518093573057385
-0.413734418,-0.278202623583003,-0.466513837357617,-0.546425531939463,-0.575055001573454
-0.639857623,-0.387238472427795,-0.528035925991906,-0.563136120624401,-0.504612729495572
-0.577621896,-0.368825748002998,-0.518640790908982,-0.452339180119806,-0.59971508659449
-0.663481161,-0.330682204259935,-0.553094184022505,-0.373634026741598,-0.381662299489252
-0.209211649,-0.247838426572297,-0.16394863690101,-0.451325169859458,-0.336601165399562
0.05529513,-0.184663717386311,-0.075475224346638,-0.459697763481852,-0.367562212599609
-0.459321461,-0.271644500170584,-0.413415874718513,-0.294936141891144,-0.22784284950646
-0.479120879,-0.353664003638746,-0.449522949724722,-0.30454345167756,-0.37510089178288
-0.304328965,-0.30724618986215,-0.317191164392745,-0.390043242654245,-0.572689237098292
-0.707151509,-0.382830798278615,-0.489995049624664,-0.482499466542133,-0.426165498340026
-0.520831564,-0.340085662513433,-0.375278188053513,-0.31455739213764,-0.595448855525499
-0.657437408,-0.357334152907621,-0.52572029854661,-0.225694079706082,-0.208982972987873
0.162102705,0.0477608467411456,0.0474422387472538,-0.345371360764839,-0.371548170603315
-0.125112434,-0.114679834151177,-0.0670344185898757,-0.0950095123622575,0.0313236558290069
0.013901373,0.0331406604204486,0.0150155133301078,-0.0688538390909816,-0.0200085176905101
0.08625626,0.0344547429059994,0.0738318921071382,-0.0579015185764398,-0.0459454783702058
-0.0509257,-0.12344046198371,0.0644900028241061,-0.11314478985094,-0.11510785451261
-0.323060834,-0.0814859482127082,-0.313407064139477,-0.0265747481206778,-0.111186037936859
-0.265108872,-0.0959583428257992,-0.308150938296447,-0.0986127826287362,-0.0221708887712238
0.347828178,0.0511653560453105,0.219908232154663,-0.237083247049555,-0.335350269822589
-0.438993513,-0.169088344452588,-0.368302791403428,-0.223291491156785,0.0272276432250918
-0.157066228,-0.0871420760358009,-0.126890783724407,-0.281899858334552,-0.392766241805726
-0.469279292,-0.151837832309954,-0.411146762972302,-0.15839586058224,-0.264641417975388
-0.491525563,-0.22764462843466,-0.380787714154999,-0.107498685069224,0.0274665466529877
0.369903692,0.154660254310763,0.446073854697987,-0.104616236062935,0.315716029509529
1.3124514,0.29029045556834,1.11189710507823,-0.255436002894978,0.112730014431163
0.139125509,-0.139766549324353,0.0920042272517598,-0.353689541181471,0.125975759436232
-0.890246157,0.0391204500559504,0.302782187490004,0.197564500933849,-0.332167999050218
-1.181259644,-0.407989490769089,-0.968780844663788,-0.0908957266268274,-0.194197147440315
0.511329148,-0.120250917027527,0.269957565330266,-0.567817105933276,-0.922337544450463
-0.736322471,-0.262003200569251,-0.561329579999741,-0.493983820801807,-0.224966356657854
-0.805861578,-0.431122420579602,-0.331493216146922,-0.413577208926533,-0.402473374182793
-0.16727367,-0.0524991056584052,-0.214864041094605,-0.494832014437224,-0.643109269207891
-0.467210484,-0.185601958570541,-0.478870343219466,-0.52065111267651,-0.516324258868346
-0.887960273,-0.270207761796642,-0.649379362864871,-0.286345711666254,-0.28385540745611
-0.146799756,-0.0394217531608521,-0.0115610038988612,-0.430312775189594,-0.433962522749699
0.081234912,0.103489628820872,0.41008059729953,-0.528277677093923,-0.513169736270549
-0.80501556,-0.358928327989787,-0.733986600742725,-0.519858790493099,-0.298180891015894
-0.645010554,-0.281715669215391,-0.490862588035457,-0.431022175234265,-0.60618262177867
-0.553936201,-0.322896385553336,-0.439940679289395,-0.444938896086775,-0.531790923905008
-0.420753651,-0.278053772762138,-0.332893154202491,-0.473976438252961,-0.46998026826688
-0.468566,-0.183006538806624,-0.35015582642586,-0.372400094818903,-0.132525374141427
0.051769225,-0.087489859740111,-0.0021635619572513,-0.384494563173112,0.214032307066648
1.146134878,0.410005286776127,1.18546399468719,-0.33063942296233,-0.28447954450216
-0.577034736,-0.732497990028872,-3.18358653966009,-0.035477043227311,0.309229122766968
-0.377468525,-0.273837410441908,-0.391566744605264,0.292284076244275,-0.276184980207474
-0.395710599,-0.231590403648893,-0.443793376326844,0.154473485720724,0.243376785143679
1.072879523,0.0756262619810253,0.692068267039948,-0.375171276920393,-0.371768524157947
-0.388278648,-0.212959419689116,-0.973826191304512,0.0360608197575092,0.355711684163013
-0.234277536,-0.0818642834299432,-0.221427981671495,-0.112519908789443,0.0903623195621902
0.497927589,0.216962264548607,0.436768245941741,-0.0979550844364328,-0.249470145608118
-0.278562663,-0.123306118749052,-0.0435768548466308,-0.128722716242251,0.0853709230834285
-0.209856311,-0.415527270369399,-0.986520710728603,0.0514617897634774,-0.221801209353531
-0.381621645,-0.130182734591294,-0.776405303425262,-0.0378036755328794,0.0947696731760483
0.560820766,-0.177217896814945,0.520767628639893,-0.363125352699996,-0.450855753472631
-0.598550586,-0.341498524413117,-0.468813658627482,-0.102471962344703,0.0858731836141875
-0.220491369,-0.216315015178246,-0.223572351260451,-0.317003126459398,-0.436874554708022
-0.441336845,-0.176614546514305,-0.327944507718878,-0.246856420103435,-0.304693173691129
-0.380216914,-0.210034740069347,-0.291453185705828,-0.330764605425571,-0.313291145852099
-0.223324988,-0.127930181901264,-0.17293991656306,-0.248430880241386,-0.270804686675028
-0.252789717,-0.0148993961959572,-0.106826141589544,-0.23042156982816,0.0709877691550173
0.490934546,-0.173569525653169,0.172001878125789,-0.289625688088038,-0.218350751935578
-0.147049585,-0.113175860334483,-0.237085097946534,-0.167554767806497,-0.00904939355460332
-0.449549671,-0.0476325151595397,-0.243328675290039,-0.108586390266765,-0.085618588945742
-0.096872027,0.0511638762389326,-0.109903397331159,-0.165760280588791,-0.265484559123512
-0.164261961,0.0410100682875972,0.0500010140652176,-0.0660184023546212,-0.0673788541643095
-0.132225684,-0.0850602847465334,-0.105824302206567,0.0147628992762552,0.315742367458833
0.882843843,0.444098389551124,0.896060972584921,0.138804325714838,0.0712328964126399
0.217232741,0.0338843177730388,-0.21599899095936,0.0923123770616194,0.679688090965896
0.797741495,0.133821262707601,0.5204020469084,0.228272960674105,-0.0153956058929636
-0.441054864,0.107300712398752,-0.3115711089051,0.558303684559137,0.527904614534345
0.262347812,0.286796025015138,0.185213881393841,0.401651550160571,0.234991731258653
0.740159052,0.155272450379459,0.222480363140082,0.323943326451686,0.449508569852689
0.792010835,0.335594426415794,0.594114413365556,0.508636996130447,0.470874068001047
0.144313628,0.143097275754766,-0.251584293979254,0.523253648337702,0.927654299367979
1.371328899,0.672734280581198,0.914188045466406,0.409060974535003,-0.154514144465886
-0.717020126,-0.124238243797336,-0.526377595618162,0.640282611042489,0.807895509062283
0.346081663,0.0510194724476391,0.0929470013983063,0.48939105935045,0.185913037350397
0.823649989,0.30828177780157,0.249218467939982,0.611960619080674,0.451362170796537
0.701031606,0.0669349614202116,0.0239514927806614,0.289038136978806,0.624044119470147
0.481409477,0.520008222165537,0.830343928243496,0.723712071008937,0.700868438917929
0.655981832,0.352713658236813,0.489973826446588,0.499394886519067,0.717434717900609
1.155225986,0.3149256356487,0.860548849749494,0.234125391921906,0.110104765463373
-0.444593405,-0.0509298637520894,-0.199295496156569,0.475390636937245,0.415648013243934
-0.398638087,0.0737787927120722,-0.102232265313919,0.312592776490752,0.201738516514055
0.829178624,0.165248532238417,0.730860716526307,0.0206054097783757,-0.468948018481466
-0.620192593,-0.343008979625076,0.483540047626446,-0.24345670280484,0.193507317520845
-0.08962958,-0.172698480873989,-0.090640000481716,-0.000574117524437867,-0.834396191396252
-1.577764296,-0.432303560411045,-1.39586532114621,0.202236773807955,0.270544684890004
0.799927118,0.230889282968497,0.789260465868013,-0.330039846436185,-0.674533481109031
-0.018723677,0.0266536298253272,-0.00925764011354792,0.00560224806167764,0.334904115577223
0.04993373,-0.0340468896468455,0.0740148292774138,0.0956681780450828,0.533007750233112
1.170847166,0.481575123674244,0.816878843906432,0.794887738491733,0.0765322496841107
-0.185415332,-0.572242271848642,-0.325924140545504,0.511503099529251,1.36770088202525
2.103017641,0.542458861745869,0.849411360108999,0.17932920772294,-0.187507115466462
-0.215762903,-0.0409079764097503,-0.0854060314359098,0.24852827593422,0.278465389010318
-1.448173974,-0.284807444064098,-1.14609391656206,0.240801601939605,0.0467632339182823
0.027528486,0.0358137263578991,-0.00571352164441302,-0.0072632952283784,-0.657321129675825
-0.205050756,-0.280866062242436,-0.14135283239649,0.0668948639014538,0.180225727918683
0.444290756,0.113106743754826,-0.118949661800265,-0.202504962999292,0.375047195113845
1.211529299,0.521870879873379,0.941529338527555,-0.0279079222063844,-0.0981042084754571
-0.648551444,-0.0819340352027627,-0.516938780857128,0.164572016199453,0.565360028459104
0.137556607,0.15824900726002,0.00875373915653506,0.0970494060343907,-0.422282073226587
-0.622627823,-0.0750216510678638,-0.00420945753531339,0.200897879912324,0.274515061426565
0.643326165,0.250952545808989,0.755643447653353,-0.302908310737839,-0.448594106005618
-0.426204515,0.0413706585896746,-0.479411559018148,-0.172580463202008,0.186219302013529
0.079014276,-0.201270346282219,-0.00690283285064368,-0.553236377186661,-0.690828542680344
-1.133792609,-0.49722082011268,-0.676908880850535,-0.30099873196132,-0.407654842064034
-0.803932205,-0.146425228686541,-0.40192001988654,-0.576098513376872,-0.997899022078811
-1.158530323,-0.464597537195016,-0.553406484392252,-0.235837303523585,-0.582468113370567
-0.530509502,-0.0948684176892212,-0.509234735778047,-0.461835380503495,-0.176131066744306
0.91485299,-0.298584410359631,0.428611591851243,-0.557146288344331,-0.37858386200387
-0.160283536,0.0821809393529033,0.162550380952808,-0.0752221853762724,0.330405228413254
-0.161651869,0.0784364970868964,-0.172695251996111,0.262382339475424,0.360381721535873
0.711911192,0.218469435600338,0.119258472831663,0.207865705980882,0.425741352853231
1.202999635,0.0394533789713586,0.894873331479987,-0.0316084738507672,0.196047634741376
-0.198812297,0.0101229219421536,-1.15754286951836,0.195308835695108,0.479080639663141
-0.175126129,0.129444805405709,0.077690285718366,0.484456649137039,-0.011897498426055
-0.187907068,0.0526053221076414,-0.259966846461166,0.354151443834247,0.38698267933687
1.090777619,0.336188739678204,0.623649372022815,-0.160933958840956,-0.104426983408172
0.010239315,-0.0239527739114996,0.114243101807756,0.161309330759707,0.331835837182809
-0.342193738,-0.244362574220216,-0.18338583999284,0.271368870631321,0.254148899051599
0.383258895,0.140534646660314,0.233827487469043,0.227896235022022,-0.00497191340899263
0.257378619,0.218333070155631,0.142963074361995,0.204145827384443,0.277963599943295
0.265901029,0.210301637980079,0.189755249934604,0.222873871150206,0.279230550360459
0.312364976,0.243257935155878,0.267160511851745,0.265404072270856,0.237016521809139
0.223124739,0.184060911626462,0.374518231655877,0.163434889588523,0.216146264146004
0.188494921,0.0397675804297602,0.0204208497367676,0.178617752882645,0.00711911356981422
-0.348411798,0.106563867676022,-0.125687146232189,0.254415773636262,0.347774169403579
0.611115033,0.161908060946569,0.199486831217856,-0.110909879065498,-0.19836834553608
0.078879381,0.260781522682687,0.135474349071942,-0.00898846012731758,-0.41652022213015
-1.718607652,-0.45711173630878,-1.24956374831978,0.513419083783342,0.564524385561449
0.977195133,0.174248339278334,0.559449668267378,0.101982793929321,-0.18878443521242
1.252671563,0.37043497613214,0.81691913644062,0.107161953405098,0.299532939026934
-0.173996542,0.0973209317981222,-0.840119387559997,0.509385610557844,1.01959959079478
0.892387766,0.15845011245712,0.744977011816251,0.544515579103111,0.424608778247308
1.071709564,0.262898201162577,0.60765471475388,0.221297994859926,0.0898483933952375
-0.645224875,0.100245814787966,-0.41838961130983,0.138079491881472,0.398475430743551
-0.261706105,0.0845610018780291,0.0147970464385538,0.0413436699437444,-0.217357356377479
-0.050283945,0.00435457255732027,-0.050563839130836,-0.147696745737646,-0.131790260676449
0.010190132,0.254409093852967,0.360800892874233,-0.254474371068074,-0.0107635675435446
0.134983042,0.0906737857389354,0.223172242949874,0.153114162017106,-0.172758178229318
-0.579509389,-0.040705602957693,-0.498081692688246,0.0502701783496286,0.561070992877381
1.237931406,0.0798636510443781,0.656106872759495,-0.0978168570419397,-0.385208998583545
-0.385541982,-0.00446528367803482,-0.277034442469359,0.175427839241541,0.59971702305853
0.109876887,0.0954781340590003,-0.181977061182068,-0.236186103612388,0.326286091958365
1.067660235,0.585162805283805,1.19478480745548,0.177716619354015,-0.214985050210125
-0.551446738,-0.18945310275185,-0.359610936023897,-0.110154484440948,0.366660680529789
-0.140658502,-0.0995096002287827,-0.143073382390095,-0.312212180771968,-0.381069330962828
-0.400942776,-0.33309827309759,-0.0827006073229776,-0.200055475028135,-0.385326189096395
-0.634150861,-0.0899704114718695,-0.107088449862814,-0.533071739555575,-0.390435169782094
-0.223835242,-0.149712808765541,-0.109351423289064,-0.52590250885117,-1.04509626088943
-1.703623176,-0.448086608256543,-0.809838685973709,-0.300003867329796,-0.299612801341049
-0.423172875,-0.0158852905218154,0.145967873217283,-0.301376231513157,-0.611998834167083
0.162711677,-0.187240133193846,-0.0439659347659155,-0.27721982306657,0.134124879508285
1.066379202,0.31442687829908,1.31447290641833,-0.365511553534395,-0.158405139298575
-0.486920214,-0.0847642516332393,-0.343447692411644,0.127045288798494,0.611413812813751
0.456611511,0.197881874279166,-0.150872389152703,-0.0751725143489599,-0.403425809275195
-0.494965923,0.0648353815468485,-0.0517013407021142,-0.164022754520383,-0.191087672849459
-0.562076646,-0.204078489282666,-0.114877559756999,-0.242792247925909,-1.02124251058388
-2.084313533,-0.345213529552661,-1.475212527517,-0.0246535803531239,0.060252140713855
0.838779016,0.152524904168598,0.730916459991771,-0.739913056085014,-1.12388064348725
-0.451420697,0.0317027877430949,0.0547566148265919,-0.0438322746914278,0.177170798206985
-0.219554641,0.0651892721518953,-0.154686307462539,-0.0400224035840492,0.193058532073007
0.794191526,0.325650706045828,0.451970164989919,-0.060725853029454,-0.0191053236197024
0.205284923,0.101045138440802,0.300361723978262,0.204671656354871,0.392195768872732
0.068577587,0.301809500031416,0.220596102376557,0.232189575249909,0.422476351752448
0.731755043,0.343226379420088,0.506580898074866,0.00469999191966355,-0.109499736526522
-0.25199919,-0.00802952677575989,-0.21203784967747,-0.142326512694911,-0.0271454562320012
-0.832620342,-0.040448000328865,-0.394577718804842,0.0821165188860969,-0.00413794683947593
0.011200042,0.386873159018297,0.209045105250175,0.0540888365329695,-0.0266161745839545
0.696792279,0.17734772319171,0.648597012664527,-0.168736130975631,0.217203164132987
0.77350402,0.0620583666920735,0.687005709932153,-0.360748715684016,-0.123921501788472
-0.878452926,-0.0861949871677261,-0.404894343446756,-0.0170009675040313,0.110323099375474
-0.583723572,-0.190617334048931,-0.431364177936102,-0.182858245770961,-0.408326078531551
-0.165539516,-0.128466673764617,-0.108942357665009,-0.345604098747011,-0.431719841050109
-0.311200017,-0.289724992049578,-0.227280697673361,-0.291197338242554,-0.139795919569235
-0.058751039,-0.0686335462724021,-0.101951805065897,-0.190520301262722,-0.150408124009
-0.036264528,-0.0654144284425602,-0.0311986716460187,-0.0206738291626843,0.0495307966585981
0.202933328,0.048675393249055,0.211705407991108,-0.108827448611766,0.0487408170719792
0.276145593,-0.0119369395823754,-0.0903328859358332,-0.284893960231288,-0.224737575366091
-0.620157621,-0.0647263855853249,-0.4747966753766,-0.110240480227086,-0.163989680405196
-0.854107556,-0.17123021660215,-0.541211609845779,-0.113420381231356,0.217691869378018
1.156855322,0.179740458356859,0.872581186395868,-0.398952165009306,-0.59892755426955
-0.394982258,-0.207154241830434,-0.34519687297691,-0.461298394499946,0.222374554312316
-0.423132586,-0.0432056194571757,-0.325672567375377,0.0352101576411485,-0.300160996146546
-0.687703736,0.148823150214409,-0.239236387311044,0.298933839972882,0.439871024014345
1.447277999,0.23210063601403,0.872324431531248,-0.220959245452064,-0.187735311080828
0.31211665,0.0440673318016155,0.2530662574101,0.0685999711281987,0.57479593889765
0.089168529,-0.0763518706481986,-0.144077156963505,0.344107870677259,0.0173143405410422
-0.581639471,0.11061822909055,-0.36026505879588,0.638189625235563,0.382974552556245
0.633170769,0.109238082806353,0.647120108850155,0.152991955328767,0.0519482504525186
0.691629647,0.250960077847134,0.440600615836772,-0.0568461684588446,0.197768412682806
0.001148007,-0.0375531933470142,0.0179155333781908,0.00688604730335693,0.0865151601856568
-0.537557211,-0.231734793313335,-0.463806090658346,0.1115132800187,-0.0434049759562907
-0.184089696,0.0875478343111611,-0.16895507554529,0.0582113394768601,-0.32078678339622
-0.313004797,-0.0755719279078428,-0.309051891798735,-0.0670661646288941,0.110418897170555
0.531102442,-0.0181261040961376,0.234641736991147,-0.277122277339924,-0.175971439058206
-0.013629501,0.049569934455203,-0.0553644271095601,0.0799225390865538,0.0671838744127808
-0.406704747,-0.170310220798271,-0.25863233199787,0.213236694911757,0.26982071995368
0.522380351,0.123960338949888,0.1468911437575,0.108584058599328,-0.0149232838091844
0.319805549,0.154804095274308,0.187631381802787,0.0772718381130774,0.318488977069644
0.281649684,0.343278429450881,-0.0689840085921269,0.0333582749414923,0.179529785159374
0.144537789,0.0668986359818692,0.0149860311586879,0.242963322196059,-0.171034203337887
-0.892564846,-0.165764378199965,-0.751079344682601,0.147636570520752,0.508509895214997
1.077166979,0.343687528054092,0.933204393049386,-0.181612055858534,-0.582902942406426
-0.505969772,-0.236210088136286,-0.435178160731763,-0.0135734902111714,0.396327604155886
-0.050056057,-0.21992347746517,-0.164430699400162,-0.140122915107523,-0.0562793359156152
0.28770882,0.0224877983913613,0.0198545759886102,0.145209368554497,-0.204035582134993
-0.496321389,-0.168708321388151,-0.352456757591982,-0.166818478052561,0.458273693624125
0.890654289,0.199892720153855,0.453438103410098,-0.602038243719944,-0.432975700288145
-0.239189719,-0.0912213773258793,-0.258725823928254,-0.44780290513915,-0.568747117978113
-2.08976775,-0.616866908952662,-1.09608573067025,-0.117138065051109,-0.249253929542586
-0.46377473,-0.0430422882990073,-0.357665180530564,-0.32025902203126,-0.914601933273678
0.036888599,-0.0597576172220757,-0.0234103555652385,-0.525391693928488,-0.562745384683157
-0.533368229,-0.202509692153096,-0.393073505526714,-0.343441084964169,-0.0646668931974859
-0.152592745,0.0652095288778201,-0.17852693409061,-0.092608609694559,-0.00373780299578425
0.266781087,0.132348956629204,0.086343046892232,0.153139253144659,0.664917281510294
1.86542885,0.273801421338794,0.636394537106228,-0.19757346127622,-0.090515938620672
-0.356599608,0.108994457266499,-0.287840047766257,0.194948111106719,0.557770970651091
-0.563216517,-0.0800677249063489,-0.421755787484668,0.0635039606155547,-0.100387561159775
-0.04208152,0.117244695511552,-0.0751741487682315,-0.140078411731482,-0.591175111387074
-0.673374792,-0.272943153472048,-0.508406978991106,-0.622763651878098,-0.461317269470861
-0.873184253,-0.313916664055147,-0.63239591511146,-0.439514915501805,-0.532559073073562
-0.596415521,-0.253438054838909,-0.454780030188241,-0.320686553849373,-0.313206809411787
0.250709601,-0.00664246803985253,0.142181223355443,-0.332268824915633,-0.345300288601097
-0.114223708,-0.0474186369431083,-0.0992502504881247,-0.203054724651595,0.186102940670366
0.351123683,0.11650948931372,0.221288627369974,-0.142268234384511,-0.188719886312933
-0.340547868,-0.0649932227344722,-0.306390227855944,-0.00668198650449036,0.114473298969645
-0.018813324,0.0347838355525567,-0.0642650008893604,-0.148145874612685,-0.262173335353135
-0.310809777,-0.0516892237014108,-0.170623616183658,-0.0234127534745789,-0.072181877307896
-0.039276106,-0.252665696963609,0.0143069239744474,-0.293489646349164,-0.329712963458852
-0.381072921,-0.216825159893981,-0.34305865834663,-0.196420217840212,-0.248282518759976
-0.480062816,-0.249655766220191,-0.396499579752318,-0.200687275766199,-0.215264524433007
-0.061050584,-0.181211680383446,-0.282710609401518,-0.399632644927123,-0.374419023339938
-0.25383954,-0.360991395004683,-0.257510482472204,-0.383263154871951,-0.309376488366545
-0.507101729,-0.303775937652925,-0.396642214901376,-0.381396654908285,-0.340454906120053
-0.422860106,-0.301171031037842,-0.394540386912101,-0.351185821835521,-0.525184873262468
-0.611140142,-0.295912591090325,-0.503816012679401,-0.393267516271107,-0.430375772512472
-0.535928709,-0.387832283974904,-0.355663638166166,-0.346629620452865,-0.212744143831119
0.246535718,-0.296818600917717,0.0409321057883805,-0.489061245191097,-0.442329181786347
-0.291407919,-0.259838614584667,-0.173041727236685,-0.348626917398312,-0.248703533170526
-0.602371649,-0.775495595080937,-1.15014931875482,-1.30782863100624,-0.49253342229926
0.102494496,-0.959550557704255,-0.363440661284442,-1.5037150453574,-3.08566428180681
-6.49277741,-2.11173852029434,-0.643481594535381,-0.439723746975604,-0.349983139050725
-0.732425336,-0.879598953140201,-0.979571391196963,-1.45689488852038,-3.03461728490896
-0.58336785,-0.0163800420156563,-0.464597373873806,-0.918577144752926,-0.908213645373223
-0.357502752,-0.0581431932462424,-0.309811890127014,-0.733936078969913,-0.563925705804148
-0.410308596,-0.344426510861306,-0.295890679724703,-0.469351652788724,-0.424310714319521
-0.416598264,-0.406424710754141,-0.319498596616714,-0.483908078310118,-0.484040954927577
-0.567375235,-0.430321930762453,-0.441632366621199,-0.427014154193128,-0.458840881152751
-0.508172148,-0.353624212346376,-0.417303005699449,-0.481700334986563,-0.507095897806961
-0.445866996,-0.379699328615812,-0.430800420691513,-0.544169511262969,-0.558987591173052
-0.613092005,-0.355600250756274,-0.518038452171243,-0.477542908377807,-0.505385739609417
-0.617219937,-0.417007213815911,-0.492652075998601,-0.415206840580432,-0.395133333231582
-0.169307068,-0.272326652427475,-0.167703118042281,-0.489018996016344,-0.495969218398941
-0.370836158,-0.259755885805826,-0.333682964844429,-0.465208045186071,-0.33015545112496
-0.417569174,-0.413932093642429,-0.396711853178163,-0.509630243875855,-0.406680885262099
-0.416811092,-0.36163154947837,-0.377036454073143,-0.450523925219521,-0.565378919693318
-0.767666879,-0.536689860271053,-0.578906948394336,-0.484256453956226,-0.443356866712086
-0.472215199,-0.170250037200141,-0.405436784591227,-0.408628741062164,-0.590416277139147
-0.737982774,-0.198652216253665,-0.712637067718756,-0.34122459202215,0.283462339317308
1.318901421,0.471139941529341,0.651135369345007,-0.509089683369471,-0.503755035931137
-0.300917987,0.0587515599460733,-0.292898500154528,-0.270941141515035,0.347398187275466
-0.368035914,0.236905863179831,-0.194929640823804,0.219647376464527,-0.0783712313250673
-0.054926467,0.0156557876487981,-0.0658548676598839,0.0415138925823996,-0.186383434544427
-0.074002496,-0.110556098561777,-0.130820931789564,-0.171437404342948,0.0135097090475824
0.194984225,-0.132574911107709,-0.0256129989860037,-0.184654873389324,-0.181415686357893
-0.296257877,-0.136537682778215,-0.32359159403249,-0.178001836780009,-0.0355429110903964
-0.157202072,-0.128286927720471,-0.0847018276009409,-0.215807959370658,-0.419577132191411
-0.664993694,-0.349329450992254,-0.518406758737734,-0.162437019296993,-0.234619791569349
-0.304564916,-0.216532349227347,-0.29475832996331,-0.370399873085403,-0.436737609201245
-0.255590699,-0.286121444703444,-0.132253388432205,-0.384243097084961,-0.39294884834459
-0.417021604,-0.309363172208811,-0.477782639985704,-0.498326225814508,-0.414628006144543
-0.556401025,-0.324780170522248,-0.45560327173365,-0.445266068405463,-0.487138582706884
-0.610594622,-0.441688075150009,-0.520484496499891,-0.460649628572455,-0.467345035103968
-0.389038459,-0.455698961365145,-0.295721418209298,-0.552654154932171,-0.538827674171432
-0.454314999,-0.405503778570692,-0.421109582427743,-0.550087143750369,-0.519137309475271
-0.643941727,-0.462376335361879,-0.514201952765382,-0.472681259216223,-0.459223920321643
-0.471607533,-0.398646148193737,-0.4642018040062,-0.521997087167812,-0.535096681481782
-0.427030214,-0.330954071548549,-0.336287797397106,-0.532458998598864,-0.554764999443439
-0.632740346,-0.397517441634029,-0.510081487882217,-0.456109133967608,-0.480464993493199
-0.586158191,-0.410365670177197,-0.372031175921787,-0.36301401296707,-0.387561839564873
-0.137668276,-0.251331786242722,-0.0640055674321497,-0.504095898317977,-0.476987428834383
-0.34799682,-0.252790181003501,-0.244171168751277,-0.404363851623407,-0.33407830956384
-0.496175845,-0.319710447577075,-0.469209798000552,-0.341899559385699,-0.300327659477295
-0.230653388,-0.284658263794106,-0.232024593512658,-0.514784994584687,-0.495451454496297
-0.437341181,-0.426765757058087,-0.377540195510085,-0.504310529314476,-0.628000147662007
-1.094552946,-0.39456847379023,-0.667015043666479,-0.401818484846752,-0.402350408846712
-0.375569618,-0.141950508409816,0.115059814579034,-0.53449698558606,-0.74196756337109
-0.519106418,-0.411294714488422,-0.403649131619268,-0.516764298983113,-0.402414148800676
-0.358847089,-0.25756606922347,-0.323647513940329,-0.565305112358122,-0.361591895705726
-0.16738601,-0.276861503147857,-0.171608700019092,-0.473770004059265,-0.422441248644458
-0.420851878,-0.348862398785988,-0.379497287755504,-0.489905414324789,-0.451229778853204
-0.7087929,-0.401882247521648,-0.599308060177768,-0.444752164779482,-0.528576004050884
-0.683860339,-0.518566251206348,-0.55093041456817,-0.467463948763201,-0.624713741818094
-0.608583067,-0.516466633550936,-0.47651490828007,-0.639514867521337,-0.578359130317765
-0.421533856,-0.347970812925127,-0.350442349341088,-0.615206894529269,-0.703166374065003
-0.857527512,-0.353210868363027,-0.656428290106809,-0.701260350934367,-0.419066545124694
-0.220008465,-0.215236681075102,-0.328033442546344,-0.705601891243778,-1.06469685649688
-1.564935349,-0.599700087169653,-1.05871829310589,-0.478352926354938,-0.161628073357635
0.095194269,-0.192631480258838,-0.111763243064517,-0.667438482262137,-1.01388656612212
-0.691076268,-0.279643994274838,-0.521861203390478,-0.547805816265799,-0.276502345461851
-0.417516432,-0.208032686518474,-0.301249766137755,-0.500676385956533,-0.545290873278845
-0.48736936,-0.257401682953193,-0.38219869109868,-0.418301702381418,-0.456468487799316
-0.482037976,-0.387959454417212,-0.320179580864888,-0.545530714741773,-0.431832293000505
-0.347873077,-0.361916370336011,-0.223703594502119,-0.504955981637656,-0.530373469170409
-0.590235634,-0.455051082384492,-0.394079659574577,-0.474468537257056,-0.441388068642978
-0.515254263,-0.390663166099582,-0.420624072354582,-0.382545244024823,-0.53449923509835
-0.582085605,-0.400598981950471,-0.461247618697216,-0.433282824324958,-0.318523142561399
-0.030883227,-0.216646193392225,-0.022588505232028,-0.583669415454623,-0.58421209727544
-0.585064256,-0.462912074590188,-0.452488992720358,-0.489947353590622,-0.383122416061537
-0.673912712,-0.436161296843599,-0.535191196203479,-0.469844996643906,-0.527896131822632
-0.542374541,-0.359373308202176,-0.401954729590016,-0.474935420625007,-0.593685596440315
-0.558080918,-0.4951344455561,-0.418775184414176,-0.550542535138649,-0.489404050592843
-0.399114805,-0.474827315144066,-0.328651189981001,-0.582919296333189,-0.54926081062428
-0.52519994,-0.443986042181621,-0.443762174629347,-0.499157459469832,-0.524646338228458
-0.678429921,-0.3708225713643,-0.574580906755006,-0.453208342518124,-0.420366883298529
-0.303724082,-0.336910034057438,-0.277566111420179,-0.517940936116907,-0.568925917564164
-0.479317126,-0.39563678555008,-0.35434571169122,-0.458467845543861,-0.435707567157894
-0.541157518,-0.411211316101463,-0.390733886346845,-0.440189885519007,-0.414665609417108
-0.331142781,-0.354262993969591,-0.235587903161314,-0.459225142322167,-0.554705340007534
-0.617231673,-0.412643593377015,-0.421258673390095,-0.455729084005236,-0.365862282627953
-0.345374088,-0.345705848072056,-0.340136670808599,-0.478988005609711,-0.547215895077855
-0.590676354,-0.390812932146032,-0.466038250207043,-0.380636495571907,-0.235511635856347
-0.00533543,-0.229048011047986,0.00358161072196438,-0.511181106427777,-0.566662050294019
-0.591504356,-0.300929794789902,-0.454414044216915,-0.467838837267769,-0.282247225855906
-0.445580831,-0.33346190161993,-0.403616344641994,-0.559008004940511,-0.582727569392905
-0.650065396,-0.362251291930881,-0.516968815664123,-0.472859270548342,-0.550911540706143
-0.678933149,-0.481603074511115,-0.410282458038067,-0.568648905126262,-0.539120165678585
-0.395304583,-0.463623385273235,-0.384280261475802,-0.730123174440778,-0.739010874374828
-0.792694308,-0.400367971642134,-0.689916928180504,-0.659175045592068,-0.664829779355624
-0.931375171,-0.479645618647071,-0.627295314367892,-0.620293818923457,-0.707623181137756
-0.713588754,-0.344658753122905,-0.576084840039783,-0.526164429668101,-0.682696638172502
-0.632633224,-0.234722557010958,-0.486881213610469,-0.578233456564875,-0.121261991423502
0.675458341,-0.0367626201337228,0.46575159962457,-0.647176898614555,-0.573802026568364
-0.482376034,-0.352123768525651,-0.368559383200469,-0.513752647802911,-0.0567499309481115
-0.532944908,-0.348576319385522,-0.390807093244746,-0.51855372388658,-0.627043090703043
-0.913108517,-0.455188561615018,-0.64906914328312,-0.4270616448037,-0.716678269985846
-1.029305417,-0.570211908901218,-0.711143246349822,-0.525288693476189,-0.608025278486784
-0.356203925,-0.307799429130065,-0.322827825910518,-0.652850960519295,-0.706587943538388
-0.413395501,-0.373642720608148,-0.329201780743223,-0.594086509830351,-0.423622234660203
-0.390994364,-0.433077904423769,-0.351781630770608,-0.468430378805553,-0.415227251121588
-0.428357178,-0.367631124685512,-0.286033304485934,-0.426308909501879,-0.354256127204337
-0.273447558,-0.221704606880892,-0.161945930093447,-0.447592081963551,-0.481203665869002
-0.551141899,-0.462283314435278,-0.442853405191288,-0.4127967180468,-0.383127021040245
-0.462858462,-0.484684406308037,-0.405542547612184,-0.473873971119843,-0.512928691250631
-0.507550505,-0.346395422512527,-0.396492948134118,-0.458606504825191,-0.507115047926836
-0.552979458,-0.434272766806382,-0.433479462359954,-0.450978556666381,-0.496891067779871
-0.533479702,-0.342602330374443,-0.430320054246061,-0.470823853077974,-0.400540988390663
-0.196093527,-0.376801525651539,-0.191197785583068,-0.572213345498683,-0.564627711563516
-0.614124729,-0.146095412541597,-0.399175246648301,-0.307737194324707,-0.363394807305869
-0.61059961,-0.16501464313161,-0.352818163956324,-0.295571963463999,-0.148938602873832
0.445133108,-0.105653316200637,0.0857351582447332,-0.499610616499676,-0.69224688856248
-0.79906762,-0.415158158090252,-0.443231658789103,-0.3799562093341,-0.19731095229463
-0.693743174,-0.18347386652374,-0.551246825959979,-0.411539459650018,-0.627696662757105
-0.645534234,-0.209395011837969,-0.598587550565242,-0.422669905312284,-0.578117708543861
-0.467991566,-0.387508615866,-0.386514925026198,-0.592442981428855,-0.570166088963222
-0.490999899,-0.415983570685237,-0.413377330607276,-0.48429767708702,-0.48611384381921
-0.511675553,-0.385548873987827,-0.427375855402839,-0.484313940358657,-0.385339176029016
-0.208809003,-0.338386192938834,-0.212995251201555,-0.529744070147021,-0.592607802124896
-0.701605279,-0.406747194915171,-0.433159577212442,-0.423857423368781,-0.394179239601697
-0.526453703,-0.309020720263348,-0.473694632396782,-0.604034863875532,-0.607642395138773
-0.490255599,-0.282394885761177,-0.277813678162022,-0.654028605945405,-0.818405356365254
-1.171124875,-0.445371408503191,-0.610294806360494,-0.602849374613868,-0.577908845087387
-0.639108266,-0.469794290545277,-0.643751202901434,-0.729527480469419,-0.916476662673891
-0.783572068,-0.456209349010341,-0.550375638356747,-0.67162418085987,-0.67409366112679
-0.703296684,-0.312239534201526,-0.604002517098578,-0.632424886748322,-0.541017478130264
-0.29658945,-0.236546231787543,-0.253663157491623,-0.430742590486346,-0.551262300884877
-0.473044533,-0.295196430169813,-0.417161558946301,-0.312543976718586,-0.135859991192667
0.131328398,-0.077758502362496,0.0874971650706218,-0.362772525597446,-0.30882458867604
-0.112987832,-0.0700280399640544,-0.00520870806857298,-0.320032586160725,-0.197385210412297
-0.40160403,-0.314596123859669,-0.355120320858132,-0.407034121593351,-0.367092879137615
-0.658148206,-0.328791984708633,-0.432033936556753,-0.299648545076791,-0.461471814120236
-0.602426395,-0.418675674918868,-0.450770953024276,-0.40896933505307,-0.493329416557361
-0.38660922,-0.362156492242223,-0.287886224221006,-0.481424862398195,-0.453218099888328
-0.282480918,-0.369530490782595,-0.198283601602096,-0.472360980555565,-0.417423367112448
-0.452358758,-0.317912294095941,-0.417238129233442,-0.378204544477008,-0.25504949646179
-0.17635566,-0.269956303678414,-0.181622734612474,-0.361636810699515,-0.405374096905574
-0.405015593,-0.241887873933033,-0.324228564710684,-0.240930638723681,-0.22889457574311
-0.2870569,-0.16958273939722,-0.250665415550913,-0.21812738379307,-0.186261925931705
-0.020034192,0.0145838335903826,-0.15289853370204,-0.1423226099615,-0.080600868575066
0.029552201,-0.0417100725851288,-0.0241343956203597,-0.137379974945063,0.349253538627908
0.932671078,0.270371715889954,0.52521647627185,-0.146257059439073,-0.0996218562173403
-0.217592173,0.0338228956110758,-0.153591388697654,0.136676649445053,0.297147614086866
-0.164602983,-0.0791587446616031,-0.12335179084972,-0.0630650751563535,-0.236166237271983
-0.373820677,-0.0773210035925816,-0.292726036036893,-0.192056068733685,-0.371031639837423
-0.645188455,-0.373820796098771,-0.588017904957738,-0.283024611369685,-0.316393156670249
-0.291466748,-0.264878841370316,-0.316470220565128,-0.290135177523483,-0.449095549757458
-0.365420639,-0.218704135972027,-0.377933687908278,-0.207275946829188,-0.129056588606991
-0.0262723,-0.000433365988055073,-0.00773337936028384,-0.294209605320253,0.159498796884495
0.862983493,0.532321979078996,0.672573414200552,-0.266763444727214,-0.215907761856823
-0.385837643,-0.112821988682915,-0.339487660275899,-0.0810377152193838,0.269972612775426
-0.279068475,-0.0819398775780841,-0.261211973959041,0.0590525222018611,0.073601024688964
0.25708574,0.270921649730145,0.0519774939968795,-0.00843919698325628,0.359230928786963
1.123327116,0.543116224615736,0.740706111722127,-0.0527077056064195,0.201272395006078
0.301680911,0.152359489902392,0.387646583199969,0.286184809796192,0.384342206113539
-0.229800518,-0.0800112109207316,-0.266462171752543,0.186610785533305,0.143171878017466
-0.136740349,0.0200750331599625,-0.134125613506388,-0.0828392497162979,-0.0709940674664623
0.075993761,-0.0416862790136097,0.0161853740408392,-0.181873843527716,-0.307596619526416
-0.568695022,-0.244793695042743,-0.451761571287161,-0.0757462938173545,0.0375900652292783
0.08171156,-0.0286744831383397,0.00911605309483565,-0.274811061117704,-0.366479114641977
-0.230418086,-0.088052199719855,-0.1678532516516,-0.179239288605685,-0.201693290141661
-0.464989895,-0.231592251424157,-0.332394715319643,-0.207212117896301,-0.118013279857997
-0.016845803,-0.0860980759246201,-0.109366748602683,-0.19615011668106,-0.297463395170868
-0.174377196,-0.0919635247302597,-0.13665710961003,-0.165246871898426,-0.112453410975662
-0.214770606,-0.0192518686211927,-0.14052053222075,0.0161811251736858,0.0390160574179342
0.176518471,0.212196783236218,0.19533754424394,0.0951716245023655,0.189672331445492
0.694296685,0.205577651557825,0.417748592628449,-0.102085732771083,0.0451170866075597
0.023941467,0.0108667760986187,-0.0209303292549218,0.00210426002828498,0.139956627914449
-0.385168058,-0.00119059143615819,-0.31117523782763,0.177261484003102,0.0531522867180123
-0.007040238,0.127089971681146,0.0377504538028391,0.0561350153009092,-0.152995370425755
0.09539119,-0.249482544997642,0.0816766293426244,-0.239443697445989,-0.281026618720942
-0.527696202,-0.121033375552983,-0.42494464289451,-0.275469788947094,-0.166461205694675
-0.398209186,-0.116756168554394,-0.376684158058704,-0.259950315040833,-0.444310436118321
-0.476284582,-0.203974748557386,-0.033248691824386,-0.240638328549282,-0.355859847255625
-0.322414706,-0.26471594894324,-0.28470678847207,-0.363978439841585,-0.344378084062084
-0.22243456,-0.189932997903992,-0.240458836729843,-0.355412610528467,-0.285905737323102
-0.17367858,-0.221742215353648,-0.264660478514457,-0.374426250678343,-0.387971028597457
-0.56385396,-0.377011631027738,-0.539478843898992,-0.272858125269409,-0.278325113652029
-0.448339864,-0.172802006352182,-0.375913766461293,-0.175358796801452,-0.22623107401354
0.033796419,-0.0992256066274244,0.00867513313760995,-0.145750026233287,-0.143392888825615
0.220728087,-0.0379119317845825,0.021672145483254,-0.139375075727529,-0.0775480039496815
-0.157734502,-0.0628842392518553,-0.0865107363781042,0.00448318625088532,0.153543593065011
0.218531709,-0.00737065355414636,0.190466022605918,-0.227632562336113,-0.254644502450787
-0.241667643,-0.134585892402698,-0.00453766643456592,-0.286136595086223,-0.571913840935084
-1.578258406,-0.515581235982736,-0.919224341624521,0.0170426796022413,0.00340645752601463
0.211163454,0.00525667898531648,0.077740589538886,-0.27406832119447,-0.660138315840536
0.097208479,-0.0507066127898892,0.0215188474547206,-0.351936512721782,-0.127242976259171
-0.251695799,-0.141908912818869,-0.223507523292643,-0.23452491887063,-0.00971476973981119
-0.111159021,-0.064242972642159,-0.173779450590327,0.00648994503324837,-0.113369529347687
-0.033534691,-0.0149660260032466,-0.0383094069707476,-0.0700416710901044,-0.0493160374840719
0.04676233,-0.0885647584897793,-0.00187388346994356,-0.114778358522418,-0.0689007265973191
-0.100751913,-0.0347242323932112,0.00577678969669015,0.0336106405756209,-0.00049038801374714
-0.092093543,-0.0547708567458698,-0.0819907062467795,0.0476134178636082,0.108415187019105
0.353212361,0.0607492367427732,0.242389117774913,-0.081427469532414,-0.0541697987586932
0.027778847,-0.000916175981476346,0.310841042837689,-0.063434017429637,0.0045776904609581
-0.287236602,-0.114057383399303,0.005240097723613,0.00116665319294444,-0.0778745991519225
-0.25375813,-0.146362285218823,-0.27259803349113,-0.0883785721781006,-0.139179243521339
0.019619505,-0.151845968564125,-0.0734153322362823,-0.399133915540744,-0.328412450463745
-0.345786459,-0.193394042354224,-0.281385082024202,-0.242393634243284,-0.38407571492958
-0.940497865,-0.405355589295952,-0.520051555711489,-0.0615646425357147,0.0256354799455773
0.349454082,0.0511822003556525,0.297758190075639,-0.326935575894701,-0.251059901372721
0.511351193,0.146256616045314,0.600301027696247,-0.35710080048564,-0.223953936450569
-0.65335205,-0.339640970846472,-0.574039588429797,-0.280846278754909,0.020360860395442
-0.444552182,-0.296535018496747,-0.434930922878016,-0.265814071311982,-0.382155426003719
-0.263365254,-0.195779202338435,-0.233471266893626,-0.327608201830685,-0.405543490387172
-0.425052188,-0.262811081135718,-0.387514343558103,-0.266890725717803,-0.142268845787959
-0.103179175,-0.0920692754101626,-0.054394813281813,-0.238148121352704,0.112822793514579
0.833849756,0.535123122203247,0.792974594413361,0.00750789194764331,-0.334603738714054
-0.700633813,-0.265389669050432,-0.558460053215067,-0.159764734682586,0.592822138533099
0.653579717,0.369482307579458,0.552061974922095,-0.0166767619874102,-0.434663529334803
-0.432362313,-0.140250010005404,-0.369169730837024,-0.0406185153630249,0.210385077198556
-0.099111758,-0.188218877182543,-0.267027349415741,-0.185543782188678,-0.0698673338712737
0.217729134,0.130135146615848,0.211488308565531,-0.0250129619295237,-0.162892408395264
-0.307729101,-0.14257008174168,-0.300108306713961,0.0770465528517736,0.297142327303356
0.305117622,0.115871642407328,0.332927776564474,0.198083586074662,0.445423934463036
1.283533267,0.212135402213711,0.882236646638705,0.0418063455753109,0.233344164627066
0.354616385,0.305501565136371,0.218326917974365,-0.0787879360144979,0.366979636607206
-0.313989366,0.0444814586224925,-0.279416302718151,0.0507480820455195,-0.177383078986835
-0.882559397,0.087750136741106,-0.756316586195741,-0.0144896364069873,-0.347212130325838
-0.548153903,-0.0972292381896359,-0.330345054377975,-0.321844330705913,-0.496799570947984
-0.218767165,0.315992311374949,0.142205404255538,-0.258716245713464,-0.384877558710739
-0.396367812,-0.240621146980735,-0.244941243582267,-0.135153308397967,0.363787471485629
1.222849284,0.0939642586594064,0.888434590266353,-0.372507228513299,-0.316953851102008
-0.205663138,-0.163795645792579,-0.273027075227989,-0.308452949496784,0.221187824667447
-0.506700003,-0.281918195917023,-0.461231674235184,-0.176158098814449,-0.379697471957717
-0.971023095,-0.181546527887383,-0.748665057800816,0.24112229117929,0.0936818062061168
0.615678108,0.314412555727903,0.51670770451332,-0.0160743966456962,-0.115807622518563
0.740847444,0.28554401627605,0.592484407407373,-0.372347202945927,0.292593643287641
0.44984328,0.232197337165759,0.287724244443285,-0.380889291581842,-0.279330557253168
-1.351150344,-0.252654173680472,-0.921458216866288,0.241921403973499,-0.0847953134542612
-0.931690592,-0.271844710707701,-0.622635376027427,0.14073604821454,-0.0821295905624824
0.953347039,0.456828612090862,0.787221388447091,-0.0751325740054825,-0.139943298391123
0.847935382,0.234477785031275,0.697330304216288,-0.2542365367343,0.175612934202238
-0.283513659,-0.0129762127330332,-0.154573496712105,-0.22397255280904,0.159861261988535
-0.446062666,-0.151594964870554,-0.261469447224083,-0.0899924507505147,-0.465576173238754
-0.920092747,-0.50622948575377,-0.789778030165878,-0.18699343374547,-0.302107024267343
-0.178433759,-0.152582533980594,-0.0216924319310865,-0.489295504889525,-0.606668583522806
-0.361396145,-0.310684479631591,-0.390832801284066,-0.513309588578487,-0.354150050795124
-0.425418772,-0.18354984037785,-0.272237965669509,-0.470831145062932,-0.403416539674117
-0.520750399,-0.0526052234231004,-0.53708425374281,-0.258917344356923,-0.257791481659127
-0.095113295,0.236181701192835,0.443746902827242,-0.33325215992872,-0.321621528560155
-0.125334751,-0.128343167631793,-0.12564296612454,-0.24529743824777,-0.184790398352267
-0.24671756,-0.156316415058471,-0.177330613840572,-0.200702743620498,-0.0762221093618459
0.077188015,-0.0428050473460682,0.136044976155875,-0.25575296071865,-0.408229048327835
-0.679312779,-0.380200115489954,-0.569125243785683,-0.0718021912230459,-0.0171148451036627
-0.075254015,-0.221888938863185,-0.225678977942509,-0.280453553218606,-0.291499970880073
0.035119555,-0.32207363716812,-0.135013972581435,-0.282021081553046,-0.208586830394339
-0.220360507,-0.115302382206967,-0.576868182082081,-0.313303636839517,-0.26356380842204
-0.554796455,-0.180819759695267,-0.332436387195998,-0.064262508835061,-0.305987688179188
-0.446906474,-0.0951868028145504,-0.455517963596399,-0.279176815376247,-0.499547426021533
