630
-0.428282024,0.00982018118674956,-0.428284214695043,0.719579651814946,-0.158463132826853
-0.564350385,-0.011739202643564,-0.269686742042245,0.360043667646205,0.960843914700121
2.56504049,-0.321966250172678,-0.2222310888297,-0.0240714597850797,-0.400888486292144
-0.502513086,0.0546777385796354,-0.300039467734397,0.150097759924424,1.61543525538417
1.395829084,-0.0367284120861042,0.5244968757731,0.341413537991556,-0.260595139850513
-0.440741723,-0.00787821963964807,-0.495260864397651,0.268375192740173,0.470404453958881
-0.271553669,-0.187389665812025,-0.395918617240247,0.0729752300258119,-0.0932751304775025
-0.108372248,-0.101598637946294,-0.348210618436769,-0.135639637500527,0.218717334553814
0.932115734,0.137496246666542,0.904501607464591,-0.419309672286529,-0.379949944653556
-0.630005159,-0.1404563853366,-0.567512521783371,-0.258198016461423,0.0766521398205674
-0.653635747,-0.320000816422392,-0.46536924375311,-0.29069921518961,-0.422474091475077
-0.425894287,-0.0391892262576654,-0.126583310078221,-0.448150059162014,-0.52009830067009
-0.443687523,-0.147527494085951,-0.641835500611253,-0.372575033551726,-0.375849363685837
-0.466039608,-0.0415130529561069,-0.380923752884222,-0.289186510998862,0.108107065289367
0.89076287,0.0822865919189875,0.318727802396909,-0.591018082580609,-0.550379198600847
-0.569726598,-0.309197119003073,-0.439526254251397,-0.486316010438321,-0.167712025176851
-1.040007941,-0.336279974817582,-0.756689420706739,-0.337537094081097,-0.654610971011994
-1.000489476,0.0271215242527294,-0.515886370409833,-0.440620677519864,-0.72953549770562
-0.481869174,-0.523488043921022,-0.591614885150686,-0.831664667816903,-0.856616566054077
-0.683673601,-0.398469649258314,-0.702078439300256,-0.957329647630218,-0.747430653118037
-0.911426437,-0.408441932521475,-0.590770969993176,-0.746336525516914,-0.87171313491192
-1.19399365,-0.328468068384297,-0.770409824996746,-0.550574013896175,-0.648924606190279
-0.482878536,-0.210501970833723,-0.369428882504207,-0.761846992588989,-0.616185399850957
0.011711039,-0.176959505883156,-0.428208115127051,-0.747200187385222,-0.612149557795886
-0.71394087,-0.430712842276772,-0.745202897302541,-0.478204881246925,-0.155686615387648
-0.195656135,-0.291360628482389,-0.36723356937594,-0.507170619683613,-0.535099377899841
-0.38893832,-0.212099738391863,-0.420165857742941,-0.582815534783729,-0.533431142187801
-0.829239738,-0.435597295180249,-0.741963513875648,-0.435413677807583,-0.528063692767446
-0.725756845,-0.461188364915201,-0.587559357741749,-0.59594623787676,-0.612859043494204
-0.358817716,-0.546453992016056,-0.516639108669678,-0.768627030313536,-0.90028356772383
-1.099873935,-0.60096046258756,-0.582583892002993,-0.854852928419097,-0.656022000800365
-0.84959667,-0.622158120862181,-1.00393992095408,-0.668895446470738,-1.08260931956736
-1.301840847,-0.549977043798436,-0.556483797969418,-0.655395683312594,-0.640627870315317
-0.428563704,-0.305938952152787,-0.459237092514627,-0.692039868720781,-0.76930956965508
-0.368336844,-0.150476757908705,-0.307189214735904,-0.466658022487537,-0.235425552780025
0.089894684,0.0515920401423787,0.214179729644232,-0.0960429947690263,-0.189109158306313
-0.676929385,-0.519422729784368,-0.633533292351234,-0.675433291551374,-0.671806255198557
-0.667282926,-0.600288745562674,-0.636585212943595,-0.663748302995638,-0.67438226911829
-0.679315365,-0.554113730692051,-0.652860234487779,-0.677296344575548,-0.64979415715795
-0.60704284,-0.536499955173248,-0.592606229294245,-0.698547027646797,-0.721916168540345
-0.802102924,-0.420975032759967,-0.689763474750704,-0.611343600232127,-0.589924020848821
-0.587768408,-0.399880119647272,-0.556275184264487,-0.714847938185821,-0.59595973753354
-0.329729178,-0.291227550278482,-0.731522469687107,-0.755408568425523,-0.765261878728442
-0.928533867,-0.427833101854352,-0.74160708408559,-0.741523874672265,-0.604573006066401
-0.820824335,-0.331534552179646,-0.689338129605749,-0.802017980882215,-0.885332070642569
-0.948871764,-0.312737458627478,-0.666345727177545,-0.697101541560286,-0.808723124329296
-0.854820936,-0.285324814089831,-0.622066087613899,-0.749929512241347,-0.686263083956352
-0.423677066,-0.231140879239416,-0.567212200736417,-0.802893175376272,-0.707084023931163
-0.521063603,-0.747164916133521,-0.444988429891069,-0.722400575974163,-0.595286708518067
-0.70601901,-0.313835153014032,-0.636767828032097,-0.627219671250498,-0.592882843461147
-0.673766205,-0.294589301238776,-0.661109699453494,-0.650626324746853,-0.661068670639227
-0.632560909,-0.209998791656854,-0.584667539084702,-0.671710252405615,-0.693511453031224
-0.827088077,-0.337844175755938,-0.710665033879935,-0.631333236667566,-0.351623542502683
0.059086229,-0.149616934359369,-0.563964631729499,-0.736400421059175,-0.781797726980563
-0.761472486,-0.398016809299296,-0.665809945311296,-0.690724580259192,-0.426369996029309
-0.782729368,-0.472814532955016,-0.68705316941481,-0.698153721184821,-0.721644083880268
-0.814032684,-0.392187223114181,-0.71276619913117,-0.663481470579519,-0.694194530527338
-0.610224749,-0.402864373604305,-0.521518939506674,-0.764796674559786,-0.755649477583758
-0.688758394,-0.586719460780538,-0.674164529485965,-0.722866630722261,-0.71767765101104
-0.824621595,-0.585452649257173,-0.717002849809844,-0.71026931949105,-0.656591547685147
-0.623328811,-0.491378058815149,-0.565664295871531,-0.666235558050883,-0.741358635480996
-0.683799383,-0.451991105412099,-0.610399560054192,-0.771870551504742,-0.652993605155509
-0.562730148,-0.356392120329048,-0.447950629329601,-0.796527036823496,-0.930624488405428
-1.260894327,-0.78115381918333,-1.03662590029757,-0.691300521297136,-0.659024446902014
-0.697792146,-0.533151900187475,-0.657209225718869,-0.895176555649611,-1.06200011084332
-0.983096409,-0.464597909632127,-0.787486603947342,-0.823153819875203,-0.815236330321396
-0.919643546,-0.35950988755103,-0.668412799158625,-0.818139030024256,-0.748082039745743
-0.524654687,-0.311550502361351,-0.509236081083455,-0.753249658788854,-0.793887705818405
-0.695255374,-0.514840754376282,-0.625154646449017,-0.67407178921017,-0.53400298253714
-0.453022827,-0.422183725045959,-0.488400779512691,-0.676311131456867,-0.667183012447081
-0.656618476,-0.495595559812458,-0.592862645497915,-0.603081029683996,-0.568800732250907
-0.645007464,-0.504501983385026,-0.622741213489145,-0.670611195186699,-0.657246092057921
-0.633833844,-0.366522328220324,-0.546780925365662,-0.690290477460808,-0.803443035670834
-0.988587239,-0.630415851369868,-0.801374502996024,-0.651171404415222,-0.72974595804284
-0.867296418,-0.592252603032423,-0.610333572119875,-0.718442192688327,-0.758050908322475
-0.558618947,-0.5353815866285,-0.490511932825294,-0.7534879114487,-0.791017806855523
-0.733027922,-0.47793995918364,-0.606988475067755,-0.669895190782677,-0.574496485728309
-0.554480273,-0.514819663207293,-0.561898275643838,-0.659504890066882,-0.594427849267616
-0.445157549,-0.310360505925045,-0.432501228030049,-0.608957832447268,-0.610667248711201
-0.675532482,-0.413796165297955,-0.560564240119311,-0.523731560888851,-0.461640526147438
-0.446467631,-0.357076056239478,-0.691490311415287,-0.542149913049584,-0.584258625252153
-0.535756492,-0.286492936100049,-0.480292609266161,-0.532060794380882,-0.468562931201452
-0.422988216,-0.36214369218731,-0.443673589678684,-0.638040007411482,-0.601622771410735
-0.670191583,-0.27898954318818,-0.518652091461799,-0.60391565973096,-0.57515111281463
-0.737098656,-0.43188372435182,-0.592990559090389,-0.553602564884673,-0.601760201624205
-0.615012824,-0.283915152796206,-0.562967950944501,-0.51274403168219,-0.511918192712755
-0.363333275,-0.244665203939241,-0.216866476756798,-0.519527302469349,-0.292747721337348
0.106970633,0.00596876489065881,-0.310392345947079,-0.485080373183907,-0.353138971449477
-0.250712156,-0.240957134139299,-0.571495955211558,-0.445483137320165,-0.283849738835029
-0.599612437,-0.226386336055514,-0.568807231247886,-0.37899784115052,-0.399184342495232
-0.574223484,-0.28674759972526,-0.482168099019146,-0.400306700820173,-0.609715309497941
-0.680772862,-0.376307438531059,-0.636362123625856,-0.495350338045918,-0.617397020404554
-0.660776748,-0.503243349408314,-0.598773779171525,-0.663198737223304,-0.678379266191182
-0.678343513,-0.46485382477977,-0.570688444433068,-0.682386633103659,-0.717692708258773
-0.788677354,-0.65207935512494,-0.679541001090472,-0.678083915010806,-0.683528705415201
-0.69413402,-0.539085813436852,-0.597402637007786,-0.681568198816567,-0.723308791804783
-0.677639196,-0.59014237785631,-0.628050090628297,-0.709375520511492,-0.682413254252761
-0.642904414,-0.593157151055493,-0.595865228212277,-0.720864382592395,-0.716159586260067
-0.756599533,-0.601009576475408,-0.648792984290098,-0.693103963435536,-0.682172005181821
-0.716959972,-0.557874922758294,-0.610693015295156,-0.672812518542816,-0.724156557545391
-0.732932252,-0.562627690870218,-0.630068920656317,-0.650926946922809,-0.643195383912016
-0.560216316,-0.547597966068417,-0.572925054700836,-0.685377474898102,-0.664625633067684
-0.592033544,-0.528348109623241,-0.571212684020451,-0.677291759460056,-0.609453248558734
-0.617117822,-0.56062870487046,-0.609906491996397,-0.651713552575968,-0.657291662420516
-0.742950508,-0.504045922984233,-0.630048581212664,-0.589597813454118,-0.613138475485196
-0.628807867,-0.504041530098105,-0.599527077912711,-0.631281499315721,-0.623707928569649
-0.501414729,-0.494049374155128,-0.548091956354629,-0.657639195179881,-0.647252955413001
-0.654127093,-0.536794233151121,-0.602380822266778,-0.599217293324061,-0.579660947010456
-0.652327951,-0.460669426683464,-0.574795845793248,-0.613611651992034,-0.591186597533647
-0.524131566,-0.455372466518431,-0.604619164132516,-0.614148714755136,-0.666266026607886
-0.702807604,-0.46990827264577,-0.59397726425146,-0.616348206240737,-0.55638731573636
-0.541122065,-0.475709948831681,-0.574766354844223,-0.654118512434708,-0.705699685839582
-0.755772386,-0.493321181871643,-0.679139662828644,-0.563740230904696,-0.58131749054593
-0.662951299,-0.333767626195802,-0.624089209040604,-0.581998388885811,-0.487829644735441
-0.237585698,-0.279389642051611,-0.536370614494816,-0.624084378623537,-0.493118713887999
-0.26035782,-0.177832275687468,-0.191088148520644,-0.546169236013244,-0.459538144254613
-0.667757955,-0.33867591425207,-0.596837776027437,-0.491630457526233,-0.295656721978315
-0.261096478,-0.200282347278332,-0.446543511370015,-0.516456786255298,-0.646126190613569
-0.689613868,-0.327183424657528,-0.511040722027604,-0.516827853545637,-0.484596146204959
-0.6673909,-0.317539303898505,-0.601309664431767,-0.583221462589074,-0.612745330493245
-0.548296791,-0.209148098310076,-0.571354671451335,-0.617119020346714,-0.752164453560639
-0.924324836,-0.113786063172619,-0.783643851113813,-0.43580469072177,-0.470541655118372
-0.445072227,-0.186452943893038,-0.33451397486795,-0.473860359014513,-0.426494954240773
0.100540872,-0.137622709712699,-0.474949801434517,-0.568804340562072,-0.481091629307224
-0.43859848,-0.299894923875216,-0.417064492220431,-0.448675960866605,-0.2637691410661
-0.528216634,-0.325320396236575,-0.567697142072388,-0.4243798857625,-0.478231023204459
-0.571805635,-0.283962712055527,-0.524994150722419,-0.489261006630106,-0.582318585319101
-0.656671007,-0.329912560570842,-0.556581684698764,-0.594854897292279,-0.620096600561114
-0.636615222,-0.41372884442373,-0.63371151903976,-0.680240729776256,-0.778993375379604
-0.927113685,-0.503497702144784,-0.41955825116262,-0.613097606016096,-0.743671228764022
-0.940710362,-0.552067565222388,-0.644899542692414,-0.61686550976251,-0.609088492112089
-0.286005557,-0.268094738938909,-0.320223037572779,-0.654972124877307,-0.770686474239049
-0.65958174,-0.272456783831504,-0.603671357312951,-0.507306446208101,-0.353215416562854
-0.294026801,-0.317492378023435,-0.349378453790521,-0.555300741352705,-0.554494442946611
-0.496558526,-0.442689372819003,-0.465857662001803,-0.448043342453832,-0.400741077142529
-0.450247365,-0.404314164978858,-0.470866676179651,-0.482326415110646,-0.490648456234504
-0.508297301,-0.33035913226736,-0.470619665710693,-0.506759749456753,-0.479531258135556
-0.438819207,-0.331319848977188,-0.436887775911196,-0.555425916297985,-0.691338539721803
-0.949224966,-0.442930008323545,-0.776673687596597,-0.545685388216652,-0.476302152036176
-0.466402243,-0.36130155992701,-0.434173866153687,-0.637026481298086,-0.797655900323694
-0.756145147,-0.421492490435746,-0.626530020386063,-0.618853163916441,-0.525416014515391
-0.506753328,-0.327073150695731,-0.406622976785847,-0.67455391814508,-0.669413651328229
-0.618872155,-0.473157235250937,-0.554801058068948,-0.649422369739646,-0.572622344997665
-0.576947301,-0.489642917841112,-0.571117809087484,-0.669866155306248,-0.689456637950008
-0.808729726,-0.508316381361874,-0.66226673798082,-0.568314884377355,-0.572451234531155
-0.555666818,-0.439063731907739,-0.531536048220971,-0.689043951966062,-0.691111077641012
-0.56080162,-0.405311595471214,-0.511799560039974,-0.612938053608918,-0.730563734237442
-0.982665084,-0.365692633166643,-0.768861538129647,-0.428843550733059,-0.406925395980672
-0.316781471,-0.298070103252124,-0.440329292039189,-0.321950987874684,-0.392226126060209
0.182805546,-0.261104428610163,-0.188095468806916,-0.471213602641383,-0.269841655054359
-0.036926871,-0.0754362085907047,-0.338617452356858,-0.406760121404641,-0.289708627241997
-0.684091163,-0.292267689983355,-0.506865482289284,-0.451586979326639,-0.316215234802865
-0.572736561,-0.260692188345105,-0.563202111939409,-0.559230895695953,-0.720017971693971
-0.883015116,-0.417927617759411,-0.697007403990655,-0.536131648760395,-0.63843424324221
-0.754504447,-0.576022713951386,-0.604655490073247,-0.60805470566593,-0.622076197200164
-0.402969874,-0.367533917418482,-0.485945857327687,-0.576119378797957,-0.599728269979516
-0.43480872,-0.34652206543717,-0.437407174134208,-0.539019063567389,-0.43869727311024
-0.439541638,-0.343515104250246,-0.371734141849383,-0.484503926160009,-0.373133210510647
-0.282621113,-0.242436120190655,-0.361722481043758,-0.460923561287722,-0.445627741736937
-0.42093749,-0.322596779970641,-0.432917998952127,-0.477651476107333,-0.466857198256775
-0.647486618,-0.29897603761487,-0.586156394823929,-0.455926039534947,-0.459270530905151
-0.526694342,-0.33202375855198,-0.492454233789505,-0.43795698799571,-0.529248287535097
-0.563696448,-0.253000376615824,-0.244827007814102,-0.510726168259004,-0.164361509351257
0.35671756,0.20275797139337,0.414903698572399,-0.514384440912666,-0.588668267370453
-0.70428681,-0.344637935058114,-0.589835419505607,-0.301525129296057,0.0479750337459688
-0.124491163,-0.144041012376575,-0.208564880710718,-0.405433425534206,-0.341180807901382
-0.099373267,-0.275471960644456,-0.34468087878546,-0.121895509560755,-0.202474879203094
-0.349443488,-0.0799709931366014,-0.379827621115899,0.0693817500849444,0.219200700831108
0.418606405,0.0393565144939351,-0.0631589877861037,0.113851073057201,0.494869472141613
1.59326831,0.438696433093592,0.861670068119964,-0.130556635393661,-0.0145422462132919
-0.307783554,-0.021117127194501,-0.37758438126498,0.0277429052206941,0.446413596743289
-0.504472669,-0.0605068497003481,-0.365117269382872,-0.0853332727423003,-0.289501749309227
-0.527196348,-0.174613594071866,-0.479385818480249,-0.112941353632213,-0.482831813717356
-0.619474147,-0.128711985501779,-0.416555252222571,-0.302747723249735,-0.265368631384375
0.030351506,-0.00165495492582353,0.0228411446359995,-0.543239303697729,-0.444930728070624
-0.20812002,-0.257884757440905,-0.367589894105938,-0.530442289447987,-0.396829765328794
-0.765531557,-0.29190385719037,-0.663507390522741,-0.440960277250716,-0.353449248193828
-0.483990701,-0.295832610846774,-0.544538540708765,-0.440816707059352,-0.702334363073865
-0.833107502,-0.415621486331933,-0.573387506645479,-0.406412572211413,-0.315933052324079
-0.056569472,-0.17454917053452,-0.188329953309797,-0.635491176037175,-0.627966510601601
-0.573320048,-0.32291401649212,-0.522080047414062,-0.466362142645271,-0.0278644902898242
0.242167208,0.0106341277621741,0.163722196059062,-0.542690534831078,-0.575312311385746
-0.644687084,-0.712248013835557,-4.20558002071741,-0.336831973816844,-0.236824850645337
-0.605619034,-0.392630516614303,-0.610495572598001,-0.434841590745781,-0.557420368573297
-0.580859594,-0.311787883055198,-0.493915247881961,-0.455733610525329,-0.605267400317706
-0.634915562,-0.582969156579836,-0.37123396553132,-0.56826019495855,-0.547449104785688
-0.512998456,-0.237520248716179,-0.619135487791501,-0.529891103870052,-0.566846843996031
-0.528028051,-0.307112020600352,-0.580465205643407,-0.514595867524379,-0.457730937304384
-0.359239827,-0.407888739613377,-0.529852358828532,-0.554053391437725,-0.530707496095484
-0.503936986,-0.332429041199249,-0.41564560544812,-0.5251262668761,-0.541425602187378
-0.692424446,-0.588075818131991,-0.685842747563668,-0.640338814976963,-0.608644304967485
-0.676161842,-0.218985568936726,-0.500330606189303,-0.644880447075367,-0.852441705261807
-1.115545653,-0.817520518094834,-0.946658424229396,-0.624226681855913,-0.654215540128724
-0.630161082,-0.502415309212632,-0.621237630056141,-0.740618824346847,-0.853999794333427
-0.685748387,-0.446305805734047,-0.555358649938062,-0.63416072259099,-0.599176793202735
-0.498556988,-0.32439888879391,-0.442543827434069,-0.659725671573744,-0.61520050921258
-0.536105849,-0.292711834280124,-0.423621990879158,-0.520171465803368,-0.556224574285909
-0.631546686,-0.444488358303936,-0.585084073128259,-0.557576739754167,-0.430143415333871
-0.199056637,-0.253258543637839,-0.352689671336081,-0.623508622799919,-0.829884877504909
-1.121157498,-0.836088651413319,-0.828503543462799,-0.490524763791978,-0.429957342580121
-0.622701596,-0.343472218664047,-0.484677743957822,-0.539753475089213,-0.725788356819024
-0.447077354,-0.269206149469555,-0.42162525142818,-0.520201285730871,-0.60335883192868
-0.52363258,-0.22730942902046,-0.572570966400206,-0.549670857918753,-0.519065796905367
-0.630648601,-0.0654247996592139,-0.192618445145411,-0.42924625716362,-0.3265459287828
-0.065836219,-0.265673270221323,-0.144502405586684,-0.50933288962613,-0.573023343994153
-0.565039799,-0.0851265218221964,-0.464999481718423,-0.343320013157206,-0.247411938396218
-0.365374267,-0.147504538970336,-0.186107362358525,-0.484897557353526,-0.372278138494573
-0.133927404,-0.364770840414065,0.0801054808041813,-0.59395606603283,-0.620354848300001
-0.849882338,-0.0813255531779231,-0.679685094794302,-0.381166709004345,-0.526945762396282
-1.063199029,0.039086321453618,-0.039280879739332,-0.297491959516834,-0.3020829976965
0.220972187,-0.071224605104997,-0.251410525459461,-0.476322571861796,-0.654152553050813
-0.39046688,-0.145110340259429,-0.250924488161734,-0.237072619727686,0.14969805283361
0.327110891,-0.104560314959459,-0.335870987335718,-0.246956901693067,-0.210501797654061
-0.10887938,0.109827362534202,0.0417943726277384,-0.0311505697644192,0.108207405917068
0.016745693,0.00537151618707565,-0.439980321693876,-0.154022524472836,-0.118820737088824
-0.114853475,-0.143417315651918,-0.0876879966880386,-0.133336371737765,-0.270212902034962
-0.587004283,-0.279118350831123,-0.313611048995687,-0.18409073448032,-0.205101794012137
-0.293695346,-0.269823855927672,-0.739656869883807,-0.244908082920821,-0.46931334037117
-0.447822769,-0.384349826767224,-1.07141217635156,-0.344129062081941,-0.311649863674465
-0.281669802,-0.150077196275878,-0.159245344913446,-0.313691705001689,-0.405214058343899
-0.453081752,-0.260143249093961,-0.437277954029224,-0.27923737491984,-0.137366517911317
0.127910863,-0.194994475318735,-0.259170801963643,-0.437529305564596,-0.480580213645433
-0.571958995,-0.0794032575420373,-0.387941706656345,-0.128258687164639,-0.125248938470519
-0.444217843,-0.114710230658091,-0.232420440464715,-0.218459154419763,0.0366163435638451
0.700868053,-0.0592613036790553,0.294025154960819,-0.238175561934521,-0.367949794241421
-0.370740537,-0.315018766903018,-0.464712413699876,-0.113245298541679,0.359934281495527
0.155875509,-0.0577249028327847,-0.105110626800155,-0.166483021910525,0.0789145697283114
0.535836347,0.224991482786791,0.484961092582867,0.00402459716341953,-0.157554259749653
-0.55112735,-0.0753294768642264,-0.277108961826335,0.0733161595223377,0.42247998477888
0.533163373,-0.267812392469086,-0.441095037197276,-0.164802261470516,-0.460288443850575
-0.748183269,-0.14031693737839,-0.448173647201683,0.0234313777581314,0.57456662835359
0.987211362,0.0397927624220381,0.976473168846236,-0.363952594800988,-0.566991403689014
-0.548730824,-0.0760391226496829,-0.399119633177107,-0.303235854644096,0.074304934353324
-0.627480966,-0.351535982471635,-0.49050895666002,-0.450937139210411,-0.412464575131128
-0.479011391,-0.453787484779549,-0.953199918776065,-0.308222118158961,-0.507043656909875
-0.467984261,-0.357130536376355,-0.505271602017602,-0.458041466078639,-0.347196485473032
-0.126758649,-0.436644927744844,-0.340831390233885,-0.615922458215756,-0.540875002509117
-0.551636173,-0.016848813331099,-0.411807109772618,-0.406161382104685,-0.558580620371438
-1.077507202,-0.219202005400256,-0.522847228434952,-0.303107490318924,-0.323244668517777
-0.14479854,-0.0289380741982942,-0.216471569925987,-0.366004577650731,-0.58733542426776
-0.21191153,-0.0420551754619671,-0.186439276258624,-0.339360533530558,-0.150075534587331
-0.016827779,-0.224197448770329,-0.0593706165627361,-0.357797292643703,-0.15805450197962
-0.051679941,0.193905263760356,0.280854350516253,-0.0150082464084828,-0.194643059390567
-0.524796403,0.119887396304443,-0.380320662719659,0.0642342522829274,0.321888826004319
0.860377667,-0.153621323952805,-0.44077661318343,-0.296751131429636,-0.34903204629667
-0.211385063,-0.378473059701268,-0.370150031330991,0.127503077701329,0.115961428882994
-0.610785163,-0.0204537305237144,-0.571300220987632,0.100202719018453,0.252521105898749
0.783711689,-0.220812598963813,0.0125254519722538,-0.367590196634847,-0.535618482103801
-0.47014118,-0.183601413272548,-0.467508516172389,-0.26008131875509,-0.17465064215248
-1.023079591,-0.556257233400641,-0.749078041102087,-0.165236325174077,-0.376597721445001
-0.478326458,-0.261032983631287,-0.537715768445337,-0.2363279618486,-0.574975917024338
-0.227970584,-0.185503295131336,-0.287959704979112,-0.472312098826271,-0.404170679736756
-0.230002078,0.000290240513322854,-0.110176526628286,-0.615154917705486,-0.36671528175261
-0.302565301,-0.232181680369761,-0.126998538103454,-0.657260929190864,-0.788146612989082
-1.425768186,-0.0378082482187474,-1.03362940268847,-0.267399123442165,-0.570958754183609
-1.097332873,-0.0629407859180855,-0.447706051079061,0.0507055336286985,-0.349384651118191
0.559591379,-0.0782924783200321,0.102568470488628,-0.53841831277897,-0.289377818077773
0.724445415,0.317903557589474,0.388940890810698,-0.364116884246024,-0.0910281817107204
-0.668788936,-0.0952966910664334,-0.508632597657889,-0.0348817028545273,0.593973857508793
0.687798045,-0.198768400387888,-0.359258725606244,-0.100683659189867,-0.430374844813052
-0.417347996,-0.0165405814653004,-0.41488873765331,-0.0888331389416122,0.134513614503499
-0.264242049,0.0500084678300432,-0.35529527906377,-0.292745927732735,-0.20799374906363
-0.079770309,0.0728671941122146,-0.0443957137831847,-0.286133761537592,-0.368600738841144
-0.455797874,-0.176253721890154,-0.313238100911599,-0.336521245088449,-0.332148422650971
-0.584160749,-0.277671363539127,-0.550707524861021,-0.342623763823608,-0.401681795953416
-0.394359681,-0.297092710567791,-0.410612952210771,-0.341189435770284,-0.493862010799124
-0.48904347,-0.162799348626656,-0.279117515077903,-0.370334923838895,-0.259090585743103
-0.049758773,-0.151418701508946,-0.228706354764577,-0.482052185997742,-0.429921352260789
-0.327972161,0.0128692206604653,-0.13262417152978,-0.395666763880818,-0.398866153327254
-0.691295481,-0.0451639853489375,-0.435486060562818,-0.469185195734014,-0.468014775412263
-0.576545128,-0.288197534854798,-0.399933236495948,-0.64127393978737,-0.816365938792669
-0.951676276,-0.185300459655683,-0.611305921457228,-0.608624740513485,-0.93178478462205
-1.446793167,-0.292114705218684,-1.21318131254101,-0.532263302614825,-0.611273503725982
-0.343226064,-0.233662309814515,-0.529572156894019,-0.77554407985745,-0.795685016727788
-0.105993254,-0.166102402402123,-0.0106413854973353,-0.87362422958697,-0.704157499392929
-0.945300749,-0.0655368100009268,-0.576578165070122,-0.713459558509633,-0.443577280084318
-0.753869824,-0.103288183005855,-0.649025255844209,-0.536069021528073,-0.686972000743023
-0.787076063,-0.195654543981699,-0.427837892047562,-0.377934757007425,0.028493556064156
0.720951839,0.336681485990569,0.370219611419491,-0.194569370187901,0.30512357229553
1.768743308,0.580209770506128,1.14736087380723,-0.345900604246856,-0.117450281518322
-0.706940773,0.0476816080688677,-0.415663190274442,-0.141560638788729,0.357930991906777
-0.933209829,-0.459083720106517,-0.577652946728404,0.310805388820055,-0.41118584750811
-0.45116615,-0.0357676135683023,-0.424588228170062,-0.386706709973503,-0.673149034507597
-0.674958022,-0.0995890808632741,-0.603448463810334,-0.427156806740446,-0.00417158122860636
0.660823074,-0.0021357306053584,0.108199138947143,-0.600358698697469,-0.523300179908148
-0.36811616,-0.139220380755908,-0.510732989803659,-0.52618647349556,-0.045776471345453
-0.381289164,-0.225331928354787,-0.392511761694535,-0.30234725299505,-0.893285370370108
-1.849510226,-0.622289557146899,-0.490611022128844,-0.0219676276084117,-0.0840160653725514
0.237065742,-0.0868009576023746,0.0790743360553527,-0.466321808149827,-0.843268141477059
0.085022689,-0.159734576712449,-0.515178293244795,-0.353285368509579,-0.4631902865453
-1.041103052,-0.425064108636728,-0.15695574077969,-0.16226273925449,0.0362456637178901
0.073349965,-0.0799467340250122,-0.00462441876015477,-0.267385988456811,-0.623487698481753
-0.330421324,-0.335068053664484,-0.534205427969882,-0.47487997860386,-0.337624569114281
-0.601403125,-0.195117149377704,-0.275526520712923,-0.410548397223671,-0.462701560751202
-0.71963558,-0.15478531119063,-0.599206296537273,-0.297741536503043,-0.3526465791616
-0.08760119,0.185703603546747,0.0904946384591643,-0.345510914578812,-0.600645263522798
-0.688266224,-0.214431801120438,-0.690413975801115,-0.249252556703792,0.173100903459526
0.653159428,0.0881296639009519,0.7519565534305,-0.293524257798705,-0.407251078867629
-0.262446506,0.0295896242503637,-0.203749837248748,-0.091043533821858,0.299842588970128
0.24449516,0.00253665556748468,0.205685822907624,-0.224658874438149,-0.315546949502285
-0.480861177,-0.212587144870403,-0.67521257888566,-0.115482031573167,-0.13697930627732
-0.492318994,-0.127792909134231,-0.448725262627149,-0.307952347976245,-0.324980962169333
-0.230453264,-0.0848903782957049,-0.35742662431999,-0.3584711790888,-0.481406842019243
-0.529114662,-0.179216265069334,-0.335735812115829,-0.382985372964764,-0.258534353457096
-0.214304959,-0.0979942556827004,-0.459223916202072,-0.420982518111376,-0.470143609523528
-0.437445877,-0.247520484126788,-0.404381079484383,-0.445139740526544,-0.389963881956851
-0.490558424,-0.248735166624185,-0.520084239897881,-0.584260250689337,-0.562630610543818
-0.741269996,-0.215963789743941,-0.543622260420012,-0.386386486852685,-0.522567100012807
-0.75172047,-0.0816554095598066,-0.527965991168354,-0.514208573727895,-0.10983169414148
0.726869644,0.30134525895707,0.661229008283617,-0.653464243341224,-0.824449911316614
-1.028305344,-0.280347052584879,-0.464319640802408,-0.313101800750429,0.151244599548727
-0.135219342,-0.218708773596357,-0.273501483083714,-0.597272648033461,-0.69527982020172
-0.579598317,-0.308300716294403,-0.459556732560081,-0.479103774284169,-0.449791813466104
-0.682901345,-0.386249447994668,-0.51022574508301,-0.566768085123383,-0.54544174247708
-0.52825549,-0.430958707997767,-0.472482383830149,-0.565312751560276,-0.709871647513205
-0.802079401,-0.323786019598459,-0.6817136540834,-0.576692588234991,-0.535105971356594
-0.520026292,-0.423455300614536,-0.487709353192284,-0.585006861535393,-0.648991086901807
-0.570600771,-0.304209306561823,-0.393329291136002,-0.516838242915161,-0.441713018426148
-0.307449547,-0.259674081704208,-0.38961582614551,-0.577138700746618,-0.502472852262202
-0.42233519,-0.090727980349587,-0.451270111229079,-0.450085880848833,-0.43150773103129
-0.610884875,-0.247203511678564,-0.61806108317568,-0.416406231187614,-0.196151755250195
0.134702332,-0.139698342742327,0.166057609130074,-0.496383089781163,-0.610067399338918
-0.658856959,-0.199605114121293,-0.614398567628734,-0.449600069133802,-0.250341370779953
-0.510500043,-0.152027225185956,-0.431508109710831,-0.539476860404816,-0.59204544749572
-0.580270751,-0.00917180904118283,-0.529631213064132,-0.533415502849139,-0.708080854869013
-0.938936553,-0.581060495658873,-0.55833176302952,-0.576910201178428,-0.621163203612089
-0.681327809,-0.332405303355061,-0.210484471968758,-0.768341458779344,-0.749695879932547
-0.529639576,-0.295818248640835,-0.523258798238562,-0.537398212004186,-0.907356687352976
-1.454098677,-0.0521960416729747,-0.762052108945912,-0.370947493697383,0.165011599907688
1.160382349,0.302964585015889,0.786169394323653,-0.710351273922036,-0.991338383938506
-0.691629647,-0.207885896159028,-0.428343924131052,-0.346853385086547,0.143649748062081
-0.50856722,-0.225576489980558,-0.351160960464842,-0.482252482069307,-0.464542153300134
-0.38422563,-0.266027079756634,-0.406339319118076,-0.396220484383268,-0.694399938654624
-0.955258167,-0.383080356924482,-0.658120740292318,-0.475172050455468,-0.448038337573698
-0.519129908,-0.27293453075088,-0.507478600875427,-0.550675739151088,-0.61205092315306
-0.307480361,-0.360608235240094,-0.285617105642558,-0.609435228561101,-0.587851522893033
-0.5982481,-0.389265618583141,-0.566436429180027,-0.66346607694649,-0.490193767129175
-0.620858748,-0.239353293752348,-0.549770333998201,-0.393720309455045,-0.632001579046971
-0.844700141,-0.243067054087089,-0.677447310740309,-0.383731860668842,-0.257275621901087
0.215073907,-0.172553793086921,-0.366399899902886,-0.637520035065426,-0.690179111728378
-0.568821912,-0.00985151427707776,-0.396820345609438,-0.51548182331081,-0.259632145453196
-0.528895261,-0.33770319058462,-0.486722137038625,-0.523914193562224,-0.674084833499912
-0.90460845,-0.166309734634236,-0.487866580244079,-0.460902870382206,-0.610122514937688
-0.703061082,-0.398057796665645,-0.378002417010874,-0.652185956737923,-0.763490539263849
-0.700679006,-0.339549785589825,-0.616820597856465,-0.661405651548526,-0.643469032875763
-0.607201731,-0.469725206943348,-0.481298251019004,-0.671895899363771,-0.505884243511404
-0.226136894,-0.435349423373859,-0.275008157447011,-0.837906017037214,-0.69503247531144
-0.672853485,-0.40158461050417,-0.623954502946763,-0.689937224654975,-0.797193473496108
-1.482857141,-0.759049555176641,-0.980486839962539,-0.363138654395781,-0.468810266380165
-0.395680865,-0.300703428547818,-0.415230835636156,-0.608936576942673,-0.631584200354559
0.205420032,-0.0634501034442439,-0.157318472368008,-0.660890553596231,-0.553523395636178
-0.615305088,-0.235835158895657,-0.576868863050359,-0.532802180984213,-0.102446396476376
-0.256226212,-0.315758607981043,-0.391165697013594,-0.427259373354497,-0.524115563113271
-0.52434932,-0.258291779579821,-0.505281862842462,-0.520548468869087,-0.458887162376331
-0.552797645,-0.249506415188619,-0.485860681782885,-0.556164057951899,-0.757450352500106
-1.160037763,-0.21854781046898,-0.620517245240991,-0.417441307268647,-0.401928606194819
-0.234290746,-0.188950722881862,-0.253168236310705,-0.662973791274682,-0.738401245499384
-0.432034141,-0.201069658976823,-0.493971980586631,-0.581776388830207,-0.319518429857617
-0.26350041,-0.265239693027238,-0.353182777661653,-0.526353974856234,-0.396621603666615
-0.34506846,-0.257595985494897,-0.356097957439724,-0.385904341498046,-0.406280055135832
-0.524496502,-0.365598690919655,-0.517458229792846,-0.483457989304775,-0.433567503852854
-0.509255711,-0.34474682920588,-0.445614153169139,-0.520502975270148,-0.574498148906674
-0.664969029,-0.389018259718082,-0.500661468495445,-0.516144017135297,-0.545445741201859
-0.595022348,-0.447778475911133,-0.495870587057405,-0.546546497583272,-0.580022872753702
-0.500862818,-0.442445258541148,-0.504689810999867,-0.616632462698784,-0.610871313994703
-0.611543773,-0.417363113652727,-0.487700433950775,-0.614164427180683,-0.591055552727175
-0.67099474,-0.453909700601563,-0.602393072847599,-0.58473939306775,-0.61768894367039
-0.643782769,-0.266905460365715,-0.565604118450415,-0.580478091103082,-0.633117594804318
-0.661672359,-0.279547393469783,-0.54619008887739,-0.546492218804394,-0.469331033873813
-0.302334674,-0.410616974779416,-0.383648045747086,-0.591881967292161,-0.448009508861243
-0.159879881,-0.223257657910729,-0.189029095676497,-0.638368364104729,-0.513914505354764
-0.664406938,-0.347806905815716,-0.563462003635376,-0.551749449321356,-0.452003733187705
-0.735889298,-0.289345831467279,-0.623961955546425,-0.532971600940849,-0.594048393060687
-0.576120458,-0.52153264072537,-0.564690488021019,-0.605406105352926,-0.708108932755516
-0.715963666,-0.47268304190144,-0.616413654529089,-0.671805809272553,-0.609000620284206
-0.601510305,-0.436139900501425,-0.556160983042604,-0.721599043065242,-0.715224429786979
-0.751839466,-0.430102101726137,-0.651558402959319,-0.625824496821659,-0.620270112903427
-0.627802202,-0.554343229104043,-0.628428633225396,-0.688954964741521,-0.668667514615776
-0.560441593,-0.543073228804801,-0.550361499297353,-0.6728836239898,-0.753318515019905
-0.760289833,-0.476741230859757,-0.638665516148444,-1.42603561157015,-1.00986732688166
-0.602371649,-0.645997065034346,-0.853449153108398,-1.59234125197845,-3.4822485337597
-7.215303514,-5.02212107678776,-1.78525166304932,-0.653790270878789,-0.640565991174194
-0.659020654,-0.620310550195361,-0.980740402462505,-1.69460430029475,-3.44378441081796
-0.682086825,-0.733851211653229,-1.43756462226598,-1.75333960276604,-1.01740733443615
-0.513437319,-0.341223463684928,-0.527750299855866,-1.1205743481874,-0.749376627428026
-0.679022244,-0.479079823940066,-0.596887203869484,-0.717314097640001,-0.670760069953302
-0.78501601,-0.524421503485476,-0.657476524369482,-0.70292947903973,-0.721203749491624
-0.793816592,-0.583156457672188,-0.598444197279986,-0.692934815781079,-0.739409611910071
-0.72282848,-0.578623459534937,-0.680269375482431,-0.737335824374463,-0.723033549007836
-0.647919488,-0.484729262812563,-0.566826279123072,-0.73536621468293,-0.718702360916144
-0.721706152,-0.510043235105504,-0.565709438467307,-0.679973356869208,-0.633985488706582
-0.601656092,-0.463312740008583,-0.544044119266732,-0.69425143644317,-0.675933971997891
-0.617219937,-0.548513271973144,-0.587414420621063,-0.6781896200959,-0.691397169986718
-0.800550703,-0.567545952290237,-0.682305529304822,-0.637467780400904,-0.588820042774194
-0.546436896,-0.42453738580492,-0.472227012794701,-0.647757085138244,-0.705895547837324
-0.639541959,-0.58269846287446,-0.57944240598093,-0.637157329243916,-0.60723197875962
-0.63607648,-0.540816782435984,-0.578504570557988,-0.649203176628281,-0.626507596961574
-0.610420748,-0.569661616727501,-0.588555506892107,-0.639642301074081,-0.662656485307078
-0.699725043,-0.543957564746114,-0.62668076376164,-0.635946935816315,-0.624531174375994
-0.63285115,-0.497899572040146,-0.668879938047725,-0.57414266138555,-0.666770836454325
-0.692241077,-0.319426939785575,-0.356154786197387,-0.678266203297723,-0.514659077854078
-0.318066637,-0.244584009908796,-0.384768932268224,-0.550431983966228,-0.735632392980252
-0.89833907,-0.362719229004327,-0.680234485188994,-0.533363751994313,-0.263558790929926
-0.052157065,-0.0719734867569445,-0.040856106370512,-0.626437035199229,-0.77580010621156
-0.748097963,-0.386388141859254,-0.647097514465992,-0.40626468842486,-0.404086551587984
-0.671243566,-0.590806673695503,-0.813750619574835,-0.619725348574743,-0.565088746603501
-0.421294472,-0.270255373262451,-0.418937480742559,-0.568128529547878,-0.705257357773968
-0.754734555,-0.524710443152377,-0.683031243166732,-0.630959260808967,-0.560242852335768
-0.687301789,-0.433534569222795,-0.621657439569823,-0.57783579555614,-0.614220918413551
-0.512904974,-0.382570074312337,-0.49137330395559,-0.594850439570185,-0.619344035013001
-0.516619498,-0.46894879144167,-0.46106258914352,-0.696771777949081,-0.632375366843283
-0.720154351,-0.441504644610789,-0.582505074301501,-0.663989938233274,-0.636849003502702
-0.755266791,-0.486188777041261,-0.646300994817354,-0.665125854329872,-0.717288039142891
-0.755763689,-0.567452519300035,-0.671275297376536,-0.686842564350439,-0.712767070792893
-0.686014381,-0.596961963433812,-0.613812310338664,-0.71981574577166,-0.700211983583896
-0.634552313,-0.525030022892741,-0.569224673608917,-0.728675190090549,-0.70416793199975
-0.723215452,-0.559702522185399,-0.631072729443454,-0.66656257060245,-0.646374554850253
-0.661549293,-0.483925718976981,-0.63673248087774,-0.690787588088589,-0.644379309170531
-0.546069609,-0.385628139303357,-0.503955613526229,-0.662072872311986,-0.71220904932299
-0.809072015,-0.474493691204057,-0.643869286377702,-0.602356177175089,-0.507884008219133
-0.415559912,-0.417253178890936,-0.336392475687357,-0.672274159876559,-0.713089920207708
-0.645308648,-0.45298097300677,-0.601320604765888,-0.624637972662644,-0.585441101165555
-0.684186962,-0.433763088009644,-0.640886682534255,-0.689296300887997,-0.710114891274114
-0.824146736,-0.391764795265733,-0.632173172315976,-0.654579629243687,-0.673291900328279
-0.662278226,-0.524182758469069,-0.575561642023698,-0.70906547947813,-0.765025998364335
-0.763715197,-0.556751716533965,-0.714263185259592,-0.634744159603784,-0.605516524844518
-0.612267392,-0.45718582703116,-0.645968550589321,-0.670586552546999,-0.400563256941529
0.062077623,-0.113793803141312,-0.0692391917120137,-0.671869300874057,-0.657516634350243
-0.698275049,-0.483213553605054,-0.641308571803171,-0.492030370006531,-0.315522749153769
-0.598341952,-0.353694681220344,-0.5335161812208,-0.532086324236731,-0.567606312636781
-0.528384408,-0.443729995096548,-0.559098413548426,-0.523916751555629,-0.586731953826813
-0.562040895,-0.396236795083436,-0.51473686995156,-0.644401241004412,-0.593372979080663
-0.621836852,-0.410978524762976,-0.579834088160125,-0.642328139042878,-0.676960560645592
-0.804678247,-0.586090854519869,-0.735061393324183,-0.599578247268704,-0.67736472448684
-0.776192829,-0.57294327543144,-0.655911683011135,-0.672730624270672,-0.663178348048377
-0.513794096,-0.462085779748892,-0.504006375653378,-0.765735253778129,-0.767383184864354
-0.753329631,-0.465936149210337,-0.66757003291927,-0.67810674592852,-0.67077589885419
-0.851147531,-0.523858822370947,-0.727813624822183,-0.63911562103889,-0.578027716642115
-0.373922606,-0.402353194765271,-0.430449742401588,-0.69805326518007,-0.799078038749255
-0.807696355,-0.543661735132305,-0.649268082122503,-0.565707686842656,-0.486696706513394
-0.551324739,-0.402784882631698,-0.547939012021372,-0.601284449436591,-0.583688505334208
-0.385296514,-0.384408048003221,-0.502650619966394,-0.628789014668091,-0.580650217030313
-0.564969919,-0.388370457879105,-0.527300756544348,-0.617886771377765,-0.539073056373619
-0.66265932,-0.462539449232265,-0.552578637109747,-0.561812636554593,-0.605081270492798
-0.676721846,-0.474159609119345,-0.61646438836155,-0.576263042260631,-0.630766863349013
-0.605418544,-0.524993725359004,-0.604470762074465,-0.659886255105845,-0.676932778222151
-0.685951994,-0.507910612609796,-0.641405336440406,-0.62595019540147,-0.637376420292342
-0.681470827,-0.485524774999858,-0.633428988454556,-0.634353235684117,-0.60472154344231
-0.512661564,-0.445501060170292,-0.531039960023756,-0.673464954046133,-0.667974105787131
-0.644654134,-0.534176381673961,-0.635462124469943,-0.659925749209197,-0.627016352563338
-0.724530604,-0.51927278176407,-0.636530415205379,-0.641711181664549,-0.648729889071902
-0.665252756,-0.488625374569451,-0.615190989246446,-0.662842570497358,-0.69963445159419
-0.683083951,-0.604722693127969,-0.644633242128841,-0.679900680839306,-0.697655754839237
-0.735123499,-0.65667105269823,-0.678025152454487,-0.661960528670027,-0.668939671516242
-0.690621542,-0.58561836645875,-0.618518775346964,-0.650930769478797,-0.594944463779799
-0.420419221,-0.407022435059755,-0.422820679117681,-0.708190785548253,-0.69957855627193
-0.696275506,-0.627209719851224,-0.660184067670602,-0.685774817860552,-0.601645568210521
-0.750446005,-0.571372348124061,-0.657056777738813,-0.643334812193759,-0.676078977699863
-0.718516533,-0.544929184234195,-0.662810824348213,-0.64130823440372,-0.636271655463585
-0.526465281,-0.519286507154876,-0.550684876448969,-0.708620779606103,-0.65402713020885
-0.562699294,-0.477729244948301,-0.529289862133794,-0.692725165758572,-0.639403366405348
-0.723246849,-0.539299785699506,-0.635879331238668,-0.659026649178307,-0.64202780638034
-0.713128861,-0.532395385571461,-0.679020797931665,-0.664353753367426,-0.736922018704326
-0.782783864,-0.590933897094463,-0.611824735371036,-0.681714385190303,-0.720418046312959
-0.748079038,-0.502312158873763,-0.629294106893637,-0.672630211566707,-0.699176906969897
-0.632331621,-0.420393836013273,-0.554398409826276,-0.65480046446611,-0.672030706682095
-0.603764442,-0.396342447608358,-0.518120203168698,-0.692725690883523,-0.589061803450133
-0.473059469,-0.488019766030783,-0.546591034625151,-0.705452030989025,-0.724658907667226
-0.87963477,-0.486791318808201,-0.665564456978109,-0.598805135161549,-0.54973724411478
-0.585549561,-0.362054304628054,-0.586556953978921,-0.663895935328685,-0.771122530280604
-0.729737247,-0.459000597718578,-0.746564012706829,-0.667262613267376,-0.644526866082956
-0.693414806,-0.405582240585794,-0.652843425983175,-0.6786512578292,-0.618973207491749
-0.542924525,-0.314604342363531,-0.556138555876901,-0.636365090506188,-0.558338189807819
-0.363799492,-0.366685975769202,-0.343366406957683,-0.68404974772664,-0.653103012072179
-0.758231353,-0.537406223095267,-0.637013766430826,-0.616169479883293,-0.516231597442246
-0.640393479,-0.532834074583817,-0.626686322034089,-0.668345781578027,-0.665305656317704
-0.626713927,-0.477472518727731,-0.598218416583897,-0.622049752537082,-0.639227681317425
-0.632959386,-0.560814201651414,-0.58068751176019,-0.669479862046884,-0.616998572682881
-0.575250325,-0.489355768405327,-0.487388486784286,-0.694705270175573,-0.699139234498677
-0.765270393,-0.644254195186121,-0.678362395560607,-0.679195066807472,-0.676079867799996
-0.781553322,-0.671975753938473,-0.678153884555895,-0.689068124835495,-0.715628325618042
-0.692492788,-0.603057222079939,-0.61607789508405,-0.722848949877246,-0.736094814552569
-0.695850644,-0.538136169103858,-0.598703068437019,-0.729404425470417,-0.704669525441542
-0.705314799,-0.599599081824716,-0.636059139199718,-0.728464914975344,-0.69839398034769
-0.692472013,-0.59714764065092,-0.639728783376203,-0.688472503749328,-0.721993721303518
-0.765513468,-0.473273757026843,-0.66755373539249,-0.641151495551006,-0.644448387303441
-0.599820071,-0.557849008662455,-0.615133806065553,-0.671788333573211,-0.660272575076594
-0.552517439,-0.438067239299857,-0.496514934130166,-0.693312766367084,-0.6317225469893
-0.61613044,-0.507503628066933,-0.632908971709159,-0.731274903155727,-0.670449540372318
-0.757624746,-0.491235390742027,-0.564786099536186,-0.708988825925111,-0.75012145484837
-0.90409224,-0.635542606824552,-0.7367717683947,-0.648705453008425,-0.779500013336118
-0.941744195,-0.602741633533234,-0.729748416587255,-0.6528000008796,-0.517031650287314
-0.075223062,-0.3543165721347,-0.252682491031032,-0.761686631395347,-0.770794409987557
-0.628486257,-0.368252441986682,-0.625681875499134,-0.628442903799183,-0.352045897014589
-0.497621317,-0.286522990757627,-0.496792677790544,-0.62682119175246,-0.540182352202143
-0.478903287,-0.351937346808215,-0.489210293438993,-0.577770755154226,-0.615548466477351
-0.743915586,-0.48772393730976,-0.62324475267865,-0.560466887720878,-0.545198251206404
-0.626072977,-0.421041801268506,-0.566246248424086,-0.546221055150135,-0.6024863152375
-0.546788226,-0.443424155937951,-0.544071647509086,-0.536702112505451,-0.436897583248506
-0.205994573,-0.271841618337444,-0.19613160628759,-0.584473574072902,-0.482922752057541
-0.379242947,-0.321474157588443,-0.391202837362022,-0.520150893223283,-0.406385951915883
-0.588455506,-0.303430323586494,-0.468736927459597,-0.359294137221051,-0.35880161576258
-0.383233953,-0.321474374378043,-0.503382513486876,-0.412232751405858,-0.379352376023982
-0.134893257,-0.289977700324043,-0.393237594311557,-0.48995918598309,-0.503495674268591
-0.607895768,-0.446759909311803,-0.577449519764744,-0.501431435216373,-0.359234018792877
-0.493183152,-0.270695670286924,-0.470997138201691,-0.535484349071895,-0.68257348043327
-0.850223091,-0.440377543927221,-0.711432394398864,-0.532226861865664,-0.581427767612485
-0.677753863,-0.449362793829721,-0.586872777558004,-0.637003347028773,-0.685800823456078
-0.607947191,-0.443519597967694,-0.556181884458101,-0.608045733398672,-0.538033871701787
-0.338963495,-0.324082071009076,-0.381268251355271,-0.72054821607359,-0.617876230756148
-0.580256094,-0.446314304922173,-0.543731430471372,-0.591356710962546,-0.595240019312141
-0.862277173,-0.478217632956245,-0.667695903008257,-0.536263295606635,-0.529365050838148
-0.47664506,-0.456926483718316,-0.489109716330024,-0.651758278572394,-0.751664573611249
-0.691770867,-0.489935554114696,-0.571525529108322,-0.606473803355876,-0.596463272303064
-0.684611398,-0.506849307180619,-0.536057576432965,-0.633626151677275,-0.612048522578174
-0.562653809,-0.411290026944127,-0.519637349671656,-0.586240850530958,-0.603389386820334
-0.512716123,-0.503207995905337,-0.507496363643861,-0.621890808907091,-0.586863867265079
-0.589267463,-0.458813614233865,-0.560393715256817,-0.592174840671561,-0.56911334038581
-0.608171399,-0.42290521956324,-0.546889450936228,-0.585268779416975,-0.617593973849493
-0.659084018,-0.42120274831193,-0.614498338817756,-0.598902759577159,-0.62073356522493
-0.616163386,-0.582801996948703,-0.551752616765355,-0.648017558151087,-0.705104101590088
-0.777514508,-0.504175433808995,-0.57087281727216,-0.572674743667134,-0.639040719071727
-0.736310355,-0.478359282508008,-0.633423341441007,-0.571138757039854,-0.479847486721035
-0.136153084,-0.18794147548037,-0.153089765387375,-0.723505388243616,-0.669061771362056
-0.549966545,-0.422305298314549,-0.510890584463846,-0.591770994680819,-0.5521184149435
-0.944868967,-0.62864630979337,-0.799853468145709,-0.505013349775674,-0.499149792775514
-0.506383756,-0.334874793653655,-0.494613240503369,-0.472714257538153,-0.660623742345753
-0.456707877,-0.293530674899041,-0.42844373771475,-0.508456916749616,-0.463379760129948
-0.351663176,-0.282233927152875,-0.465646295421101,-0.5490637346,-0.455179841740321
-0.409392583,-0.136666598342281,-0.232880712692157,-0.494286901978634,-0.484341385401148
-0.601127074,-0.357293936879374,-0.54379123652853,-0.507800420374225,-0.494731542399307
-0.567347952,-0.258258920158002,-0.432411732135287,-0.510564454471223,-0.631621654986991
-0.769736003,-0.211869502737153,-0.617559401490851,-0.491308934526407,-0.409007542365894
-0.306515806,-0.261623851860386,-0.337902959142673,-0.399445159793616,-0.334822256416893
0.144028306,-0.0791727379713662,0.175180125239124,-0.46923344733632,-0.361179609179016
-0.319182713,-0.180237201528698,-0.331359785967784,-0.554970749122488,-0.232015100528562
-0.512862417,-0.179693845059157,-0.435159926089203,-0.447107238880547,-0.44677021187143
-0.646139845,-0.36645445824713,-0.641240471351465,-0.520045109416526,-0.514425905702294
-0.522937952,-0.361928524138721,-0.544663969168333,-0.589239172672492,-0.674294832608452
-0.744905384,-0.371019448935904,-0.558472838134198,-0.572420530544116,-0.585185374824791
-0.643219219,-0.406936568212475,-0.50754524362692,-0.659592704898933,-0.643886459179499
-0.537827473,-0.442840693663771,-0.523615997831851,-0.613416997857227,-0.716048423513946
-0.86373028,-0.474837046371694,-0.632594948192464,-0.499005527560856,-0.424408093341859
-0.259209345,-0.255246091009235,-0.261715404321996,-0.699241464314623,-0.652988942566371
-0.39000926,-0.26984003797837,-0.38870965660837,-0.619704858264988,-0.694807918179156
-1.184570236,-0.356966455954142,-0.675156462510836,-0.375145639427586,-0.324075457382091
-0.28755612,-0.258234369276486,-0.356830526846255,-0.537794875703237,-0.601591634526241
-0.068404191,-0.182580268692257,-0.168151159992026,-0.534581724688678,-0.470907796003674
-0.546367118,-0.217309098070905,-0.46880113219846,-0.527180870084226,-0.303790300724675
-0.421331194,-0.278189823717692,-0.484461720771569,-0.448020578134211,-0.676937821808302
-0.93864931,-0.577274573245826,-0.731520044608283,-0.327623204637726,-0.461076082132751
-0.600268494,-0.167534483610936,-0.400959890900113,-0.441187657404415,-0.369405370185521
0.211492525,-0.0903156068013838,-0.151535858103849,-0.526675888441489,-0.50721413850684
-0.370642513,-0.260805770403639,-0.274706207931728,-0.50395236273818,-0.157320373935929
-0.392839761,-0.243394339381084,-0.304814827638211,-0.409163775652437,-0.366458423253686
-0.389260481,-0.201037748691292,-0.394605183824055,-0.445225755945621,-0.521533679710641
-0.687235338,-0.356775517875324,-0.550612387958594,-0.409701407567841,-0.459235683021496
-0.560368001,-0.414536308584182,-0.52170613721975,-0.419259094175966,-0.502440683914085
-0.372654451,-0.265720523940998,-0.394494451013579,-0.410972542995908,-0.43916127506427
-0.33965401,-0.263858163195344,-0.35745203001755,-0.326163098274229,-0.257677429784618
-0.088167923,-0.110916006183113,-0.218987589165923,-0.272735397815798,-0.300423751054888
-0.297368324,-0.155596729666206,-0.306001431299711,-0.228682321455568,-0.0602953641048316
0.145193949,-0.179048786667421,-0.379376763371622,-0.340224503545435,-0.525193673329488
-0.863385231,-0.272175546537534,-0.488280077578752,-0.163493554969319,-0.107455018384739
-0.29330466,-0.215978909805901,-0.377627917907973,-0.376781006291127,-0.521702203894156
-0.283442883,-0.192152474300874,-0.295567211143831,-0.434559110149793,-0.448734146309381
-0.495717173,-0.273792965128471,-0.43840663155223,-0.503469089595913,-0.542521226145
-0.883786218,-0.302515967701061,-0.652727545128767,-0.297580229360988,-0.363541876541906
-0.253953377,-0.272922574153042,-0.366075081932455,-0.484966237297906,-0.56271802640538
-0.261130794,-0.246170273684757,-0.378228520026879,-0.520868380711382,-0.444117992849632
-0.574152873,-0.331598050058802,-0.47971595696206,-0.458635905429129,-0.340461106318099
-0.406716312,-0.249826663876923,-0.455250031919088,-0.339086809294327,-0.472526874701008
-0.474488877,-0.258943348373968,-0.466840627460565,-0.378600698657188,-0.255031864260385
0.024932637,-0.231022350479155,-0.240012909840152,-0.525855354412179,-0.587719109443388
-0.734688321,-0.327647594381707,-0.597466192063823,-0.378800284121405,-0.304126635046833
-0.573555515,-0.321826445223181,-0.545221085328398,-0.365946084672512,-0.555483646211416
-0.509855044,-0.233820298414882,-0.446059383574218,-0.452487992694591,-0.443531012503658
-0.22486971,-0.332068766153707,-0.415593734837693,-0.667005565120939,-0.639163048152374
-0.763487311,-0.344334207366687,-0.632649059795922,-0.492429143111657,-0.496635291729496
-0.801693746,-0.438604040222214,-0.666935469880669,-0.444820036463851,-0.486622975622218
-0.323265485,-0.238655975003072,-0.330993483618761,-0.514887963064785,-0.422666841162864
0.00766825,-0.0876331280440165,-0.00168252096487206,-0.530540303646551,-0.4196238170989
-0.464126999,-0.260908979192886,-0.390090697164229,-0.422415543890335,-0.200224753883464
-0.330888272,-0.272552229397071,-0.396047078532119,-0.378974193214083,-0.424163073332272
-0.466654758,-0.283140319815377,-0.419687865473988,-0.312881072277512,-0.335142784274977
-0.348471556,-0.293460581606325,-0.471968253015764,-0.354917479573192,-0.332290372094068
-0.24505054,-0.235073850388074,-0.328719923585826,-0.372300246804321,-0.20974776006694
0.045710171,-0.085843901107069,-0.189566660370139,-0.465153648174415,-0.44811071521717
-0.647208576,-0.191784641725333,-0.585387608074663,-0.352217951415898,-0.277835256614528
-0.582169275,-0.177990314994854,-0.485991550123237,-0.261284253907378,-0.4760896906149
-0.41613605,-0.183745947015981,-0.416391488687419,-0.460909907327751,-0.449424714642625
-0.266624589,-0.348550242655221,-0.360782530320816,-0.544781589561883,-0.536438328809099
-0.648854483,-0.348179595910913,-0.571236984177224,-0.459665426768823,-0.416407246249712
-0.535824794,-0.463827634217914,-0.669500668975964,-0.456501969958864,-0.580093900271502
-0.613481176,-0.406451713155338,-0.553018473371203,-0.546596116181514,-0.416463079355173
-0.167417383,-0.298383306953085,-0.278266701469004,-0.685889130783488,-0.788013601583949
-1.031115335,-0.227469189637893,-0.697821869774072,-0.573662848089086,-0.43761274253316
-0.609352245,-0.220523499031639,-0.538207706892771,-0.646423696513123,-0.870513160113351
-0.926478229,0.0393904608324761,-0.582187965015623,-0.693139164509839,-0.467497504075958
-0.129463485,0.100285960908446,0.314462569981937,-0.838445315995521,-1.01061316609799
-1.270779855,0.115705647872574,-0.624477540266694,-0.413913342455179,-0.305804251406408
-0.498924519,-0.268364628950576,-0.462639756913075,-0.274213304751071,-0.373787264593741
0.457501313,-0.0602271678456883,-0.0449434305342279,-0.485491349720703,-0.36193937022973
-0.039904788,-0.166481675531802,-0.16379853120637,-0.586096588999199,-0.17811564446519
-0.625299623,-0.289074087836106,-0.528507019160257,-0.311462301384362,-0.410855989891736
-0.922063948,-0.104366152547776,-0.654218950809137,-0.232792707417593,-0.428595837037121
-0.283146082,-0.226275322841982,-0.328359736819433,-0.614810536738297,-0.720410170458735
-0.525066635,-0.313765604177272,-0.47289647133794,-0.678867057143931,-0.622649407357123
-0.939904336,-0.165687180515958,-0.676340077036012,-0.534467249117241,-0.50498971216737
-0.522891,-0.00476959165389086,-0.483535203942436,-0.507981010359308,-0.649153517351717
-0.487440773,-0.0101594804462962,-0.253432716412288,-0.443641878920696,-0.320284042671052
-0.052000748,-0.0164783584967421,-0.0192251556494699,-0.45008028799227,-0.319395786398893
-0.073651403,-0.151309682800527,-0.222107560466451,-0.316158092576449,-0.311576265096315
-0.552251361,-0.181928651525879,-0.5555971650802,-0.308280151395565,-0.155067733540731
-0.155102032,-0.118006620587053,-0.19266840512427,-0.267628276528147,-0.566902518938381
-0.872373188,-0.383695034335114,-0.733767102130521,-0.14437344139129,0.195369120572147
0.78705509,0.141027186458549,0.189949895335615,-0.504865274532042,-0.633766222235781
-0.506266152,-0.302960674569734,-0.459536339006918,-0.258463314147365,0.0598165059952502
-0.434791524,-0.201504507311575,-0.478505097114468,-0.321272227196196,-0.387100462167779
-0.463681862,-0.0405643333958449,-0.583370203781206,-0.1602357190389,-0.319821977593398
-0.180007807,0.199626646929577,0.0535720877787857,-0.406624715986929,-0.445321861168151
-0.468356174,-0.189191830170957,-0.462268006879159,-0.360748199303326,-0.227932460211252
-0.196480953,-0.198266540828444,-0.398904773228257,-0.423037211791803,-0.439973551530196
-0.458171062,-0.209595179117768,-0.396543873743001,-0.338480294628109,-0.312870075606077
-0.377849862,-0.35639892265998,-0.374485718213521,-0.434878527415794,-0.454975077663704
-0.488413313,-0.297099881167405,-0.471802969020469,-0.361006844297437,-0.427707738255683
-0.515987314,-0.551243847981958,-0.610521695114168,-0.483050939637354,-0.343050386680664
-0.118655658,-0.128037044947888,-0.344005514251393,-0.55403876747594,-0.632566430958686
-0.824396339,-0.315019287060578,-0.665345203257154,-0.426447348446644,-0.242237441177591
-0.318650778,-0.118869443317768,-0.216144144815736,-0.558523349960727,-0.727352704481657
