630
-0.869493317,-0.364185596090342,-0.996758772844309,-1.01192506462781,-1.42172667705261
-1.667061334,-0.673190660408165,0.418026763297472,-0.362444474245616,-0.416696034005453
-0.052887433,-0.561515148233912,-1.56674853552139,-0.351465852021205,-0.728522902239463
-0.017500456,-0.0386524960629173,-0.170706441821573,-0.906005990858464,0.20349823026718
1.103369657,0.0343114931595408,0.875890559535602,-1.07603143961285,-0.886510270101193
-1.6360867,-0.262371559113159,-1.41158247001894,-0.817636508046291,-0.621629812971898
-2.345958773,-0.407431385956905,-1.36026716079919,-0.809791355699078,-1.22127371199877
-1.209124655,0.0408802068572787,-0.300125482868733,-1.09301210147532,-1.63567633585441
-1.162219618,-0.594288872440472,-1.88158533475361,-1.38473276426917,-1.0163351121311
-0.620287855,-0.0572570760781827,-0.459404399664207,-1.48632266317629,-1.09660422268217
-0.91760403,-0.366538219798317,-0.77034337127255,-0.936111892914643,-1.09296929017856
-1.695895686,-0.150514049626483,-0.766292701987613,-0.666590906775994,-0.570684061570941
-0.184911113,-0.00434586991282949,-0.0562396458183996,-0.889667602335571,-1.1150805439981
-0.72996168,-0.0595447688704989,-0.74050871045193,-0.76531053424672,-0.314557210664469
-0.199878498,-0.302295248845023,-0.571341475255929,-0.793394253580911,-0.55973535664194
-0.383400918,-0.229262367931823,-0.272644863713822,-0.431313669992612,-0.516608628768937
-0.833309855,-0.28690991124418,-0.985942114460446,-0.582111668185562,-0.360295742790985
-0.217115018,0.255350835908043,0.204765283443338,-0.741614761237487,-0.946528141953518
-1.153850796,-0.532029601308838,-1.02330652487472,-0.786703940244786,-0.64622553215001
-0.94951551,-0.404717236991258,-0.810490202018735,-0.939659905742654,-1.13380262601053
-1.368115486,-0.475530893665092,-1.00980483529742,-0.825482599792347,-0.743962129081505
-0.447869058,-0.343901977608444,-0.363497486058541,-1.07256356590779,-1.14107020149694
-1.005723953,-0.331419342499601,-0.779392564309997,-0.863769203883216,-0.68898888541689
-0.847098474,-0.320436003597625,-0.604831831827101,-0.847158585503498,-0.741340575272145
-0.438563677,-0.532000068534832,-0.750839242135044,-0.77725818881757,-0.992233890097484
-1.212730702,-0.540334058612538,-1.05782929958932,-0.854228476870782,-0.559087863172834
-0.511062297,-0.279822761081179,-0.403089790036158,-1.01408409268501,-1.15939142452857
-1.339792867,-0.412896776330984,-0.662680792141608,-0.622710193703043,-0.546431334686701
-0.451670861,-0.493133725667784,-0.863979760080928,-1.06486018969606,-0.976638455443718
-0.590044227,-0.578978130658059,-1.06049208254972,-1.0899743636746,-1.02716436072855
-1.490043282,-0.5856875410431,-1.31655273898832,-1.12892338900587,-1.02542193809535
-1.438534027,-0.684547369047894,-1.11544403353759,-0.993451942622385,-1.48179183968764
-1.692724358,-0.734632969326153,-1.42580019973358,-1.28802287070336,-1.28041024783594
-1.02717245,-0.588743405715341,-0.916430791673708,-1.65827749280751,-1.69901746153779
-1.666600339,-0.770274462606225,-1.30934417885985,-1.70763905406697,-1.6562437577184
-2.205372506,-1.15419305084049,-1.62613257730236,-2.01420632024705,-1.84867285985614
-0.324445445,-0.304814594296958,-0.194495262802253,-0.449357265890022,-0.686495473955419
-1.027001553,-0.55437716941505,-0.806818868094312,-0.469044314808439,-0.440029420685805
-0.523462463,-0.388777274250769,-0.398075537893015,-0.603013857026627,-0.783615168009887
-0.659686121,-0.423016497330937,-0.457921602548121,-0.597239670293819,-0.567467920888369
-0.501734619,-0.357805922466031,-0.18125606145866,-0.729953486080019,-0.740584560501926
-0.84649265,-0.427851777099803,-0.657230443436297,-0.576608459194714,-0.639760750325187
-0.79275313,-0.473138107793099,-0.531198560918977,-0.620551353285587,-0.67208936292585
-0.541580005,-0.415051242041204,-0.490075208283511,-0.595925489954309,-0.682863114164389
-0.603455974,-0.301026025123171,-0.139247582927503,-0.635086305588929,-0.487216174807899
-0.339092175,-0.298766658480019,-0.210866899655363,-0.562298069374435,-0.656027406809915
-0.784104229,-0.33086560891677,-0.496071515890578,-0.569762012146147,-0.341465996339274
-0.01962866,-0.0898600969180007,0.133523252651959,-0.820419552809594,-1.321868741855
-2.131033188,-1.2655330801529,-1.81669769246344,-0.488550903318979,-0.425781170023828
-0.781974734,-0.393762214585865,-0.667128364802179,-0.787514713629135,-1.12098422168302
-0.394876519,-0.187488689772148,-0.253690410200788,-0.547906603042301,-0.723313177650451
-0.547976919,-0.238030327162373,-0.417456570440778,-0.50922283415259,-0.377028325066013
-0.40431689,-0.232819537737878,-0.253731400924052,-0.464391153612421,-0.0481486367674117
0.638022855,-0.0051142439945852,-0.22438571727431,-0.600756926195519,-0.550344697670324
-0.638048984,-0.337327467299204,-0.517296076886705,-0.531682316319635,-0.207487917949376
-0.933120616,-0.384074104494824,-0.665349021566806,-0.483640666620129,-0.570812947008891
-0.701399231,-0.337289766889323,-0.499023150504164,-0.640362753250246,-0.681636683842409
-0.455063238,-0.411260955816457,-0.31813697996229,-0.748034672173386,-0.738704124850091
-0.750260584,-0.603865980273864,-0.504306702975796,-0.725920084119334,-0.62754420349316
-0.761476425,-0.567586083984443,-0.610504471041555,-0.672065043749452,-0.729999325671339
-0.761914762,-0.410346037907156,-0.455478324751215,-0.708304858413832,-0.710929965624338
-0.607977685,-0.370795879437967,-0.406811838548876,-0.780863236575261,-0.883550155790688
-1.073629888,-0.338108780041228,-0.469383113955922,-0.707503984461923,-0.627806514760521
-0.586821187,-0.458653167774798,-0.531164388778595,-0.700565549541235,-0.923427671788562
-0.973003366,-0.401611881550246,-0.774767765013074,-0.497169667982247,-0.366704274194306
-0.090433201,-0.0452213886675539,0.163874931839654,-0.512868711926909,-0.484637617051891
-0.049005227,0.00369247329177746,0.325536159713561,-0.376291119547551,-0.11813429464751
0.104356498,-0.0655161494958802,0.236545795979096,-0.467783289183341,-0.402015725227416
-0.726541866,-0.36628276272479,-0.50673652531234,-0.429134066693574,-0.336219145742106
-0.746458068,-0.405001302590996,-0.534640182516538,-0.544094827878106,-0.688425803455465
-0.786391426,-0.483691194251356,-0.644256034237249,-0.630001552631743,-0.704420402503097
-0.689988613,-0.520428817608406,-0.520996378794244,-0.713501375118899,-0.711916749489305
-0.647107851,-0.384256992464232,-0.278357265439652,-0.716447022611799,-0.67327722784985
-0.608959083,-0.495620203244465,-0.503027437063143,-0.788982938246724,-0.74714504492656
-0.807365896,-0.529657805031704,-0.711821235825764,-0.734741918369925,-0.816135469691228
-1.08676777,-0.626040204254771,-0.980128823640878,-0.66783907411162,-0.697753326547588
-0.604069306,-0.449527081918505,-0.291375573465948,-0.744945116956371,-0.864870084806145
-0.720110431,-0.502031868020141,-0.522196220345945,-0.71950546485059,-0.591797697149643
-0.523046598,-0.29099830120717,-0.225138817015219,-0.658598598449881,-0.587763959376634
-0.484000477,-0.379295187026226,-0.339766257723181,-0.530098566074156,-0.447735348846991
-0.322830441,-0.235124365453068,0.123983185683932,-0.62935924245494,-0.479100549240584
-0.354349102,-0.28792021252937,-0.359003499366929,-0.550956398393037,-0.717194503197387
-1.224903375,-0.497930346712805,-1.12681061345067,-0.407896488494257,-0.325808560363389
-0.258387116,-0.160603258078532,-0.0818589206183101,-0.581376299513059,-0.809074914525783
-0.530286803,-0.266052757069348,-0.192876228297327,-0.444054155317662,-0.435908135426201
-0.539077874,-0.284995240038908,-0.295302936585517,-0.515217799139947,-0.353883563162062
-0.080602945,-0.0917456853815345,-0.0941633939700192,-0.582576863645438,-0.703882560113149
-0.839945464,-0.521299040783296,-1.12208261193357,-0.707741635269647,-0.605459970320708
-1.079571577,-0.437841520622984,-0.773230915782112,-0.867684672789867,-0.849976353742393
-0.884181113,-0.321141950332625,-0.560244162267353,-0.884595780460813,-1.22130156266591
-1.521349072,-0.69216486881426,-1.216070906776,-0.902038044127229,-0.857182032439911
-0.811102112,-0.473354314458619,-0.612009352648684,-0.971754763834431,-1.11164773543448
-0.886326333,-0.520019876481527,-0.685406581185528,-0.829989616381426,-0.588031779261924
-0.162338618,-0.266708226202124,-0.171168710026808,-0.959299510522554,-0.892035018486189
-0.914736439,-0.676167468307167,-0.797498409804592,-0.720034196105081,-0.527564098235861
-0.778784511,-0.566149027831148,-0.672120189406626,-0.742885104130733,-0.815344503181271
-0.81736538,-0.575863570760484,-0.59206338063877,-0.648587738691349,-0.784658030100448
-0.792990113,-0.657494557272776,-0.62659466623863,-0.798614774281064,-0.77493318784633
-0.736224321,-0.59967082975501,-0.535003477068161,-0.733094936642894,-0.770027474873734
-0.784471651,-0.574911598674322,-0.571971542610044,-0.678307068266142,-0.630406847998353
-0.490289152,-0.518882836659493,-0.377265378385584,-0.716984734981061,-0.718876142936104
-0.662364021,-0.544165296727242,-0.508842784161596,-0.672554464155216,-0.587364787305314
-0.613272415,-0.53598177438998,-0.538623395681845,-0.675797490608008,-0.721376275540968
-0.823244,-0.644201129600831,-0.622651179782536,-0.694769385419604,-0.642109436584411
-0.635489737,-0.548582638958512,-0.4021456621596,-0.761356907384199,-0.817363774292574
-0.833058022,-0.648601146988603,-0.578264620804531,-0.781708182071919,-0.776875995361065
-0.880317547,-0.684782057496445,-0.666552683223763,-0.854898625185715,-0.891690224549527
-0.98863692,-0.766743756797945,-0.771239053287366,-0.844766855292876,-0.888208266935828
-0.908521728,-0.641588368297692,-0.641804004429323,-0.898098577292282,-0.934852460446276
-0.902072194,-0.663416822085672,-0.677278446864418,-0.902520019216674,-0.89947678816432
-0.882444858,-0.699383498097109,-0.649915688702203,-0.916389992995315,-0.889309728125708
-0.860598992,-0.648894558989123,-0.639512804154476,-0.906105594100777,-0.918462322436548
-0.962622402,-0.643445533767463,-0.807324622623124,-0.852793024316238,-0.875230344021958
-0.878338097,-0.370202158537837,-0.655123118176123,-0.960832185871242,-0.939004247581835
-0.670531516,-0.268583000065335,-0.510138084984777,-1.06928662081709,-1.64499998557637
-2.625154816,-1.29673284686416,-2.07756176371747,-0.878908324112998,-0.917359966160227
-1.232593352,-0.613279564120628,-1.02091956061535,-1.03064313780311,-1.447423012243
-0.466604674,-0.216986591032415,-0.362351703502778,-1.10152945674453,-1.23685846578922
-1.124757673,-0.538092381161622,-0.967014278992402,-1.15788508641631,-0.701049023678399
-0.841357806,-0.505854846326932,-0.636128508802018,-0.66368743163589,-0.792315949360914
-0.60632127,-0.25187831717005,-0.420116768274662,-0.759119034260509,-0.510296011001538
0.067761892,0.0356406022253561,0.187991461753151,-0.900203087398214,-1.00977783654121
-1.489556244,-0.480050063623658,-1.13118384477872,-0.673127836189359,-0.377336072277594
-0.643722727,-0.258944590149402,-0.433879265962614,-0.788846325927,-1.1969961170455
-1.196265305,-0.486766224264566,-0.98509645227151,-0.696400588143053,-0.719217045806172
-0.698405765,-0.356625483688398,-0.531793760454294,-0.943882038588736,-0.920008381366051
-0.689196196,-0.432487100881014,-0.497169060948722,-0.829908562863692,-0.803654506988524
-0.850066628,-0.479297017160866,-0.580814414632829,-0.817347366847124,-0.756542269865552
-0.794741449,-0.468482723230551,-0.543471422974357,-0.821522255131623,-0.871334997162723
-0.887221941,-0.540483663695985,-0.58531470298724,-0.874240226883797,-0.936396380558067
-1.110102149,-0.582839578062178,-0.958573342055654,-0.730755320825726,-0.868817274508501
-0.985645926,-0.35059658059304,-0.60027320317684,-0.660707003257997,-0.623157578181712
-0.071124024,-0.224957128529113,-0.0486025867142181,-0.875691277983987,-0.870107390427325
-0.723948343,-0.478537077533989,-0.589955168554972,-0.731614213259077,-0.524343895679717
-0.799108815,-0.523109432327332,-0.642661645610414,-0.713693629422269,-0.853977511167681
-1.147813704,-0.722093479236332,-0.975016024748485,-0.597141209947212,-0.67276651317179
-0.566288004,-0.352586176327628,-0.390961120490204,-0.591360133123475,-0.839202349154701
-0.726919355,-0.373307162195918,-0.461099704553151,-0.584997258085567,-0.21741746385186
0.323894945,0.0131197928456857,0.354581348326784,-0.657152281723936,-0.574353035765467
-0.389310963,-0.310581341128112,-0.197612931817279,-0.510343974290649,-0.259633056346407
-0.627608406,-0.311999855443257,-0.27538973232768,-0.53722077782787,-0.666110066268567
-1.033358848,-0.403037465795806,-0.466824674365128,-0.523983283753693,-0.783587045552672
-0.991290798,-0.560089749296911,-0.744952331955384,-0.718010568147187,-0.966891294028254
-1.019308341,-0.632834994142096,-0.766214387858101,-0.80567077438942,-0.833965529959197
-0.662950119,-0.491749996819074,-0.362500341735285,-0.909420111945643,-0.897463329548709
-0.789557188,-0.508752864358269,-0.571914455430713,-0.818435764661396,-0.721918341478196
-0.728066395,-0.456654135804947,-0.563306313993024,-0.796756582278186,-0.753598870809139
-0.707151509,-0.367135412173772,-0.217653620351573,-0.815886261904003,-0.793272125373821
-0.800455765,-0.488200681749317,-0.57049158943885,-0.930271742818157,-0.924258385640553
-1.127250672,-0.544179268224049,-0.800700875285362,-0.982870870359074,-0.990060643888527
-1.171019929,-0.350710375641937,-0.667241753394919,-1.01801038162214,-1.19697269156822
-1.384828186,-0.673962018117021,-1.00846529129501,-1.03260435783647,-1.04695660406522
-0.903589234,-0.529938929066394,-0.656090616604476,-1.21079529598918,-1.23887674926629
-1.12310986,-0.612705726430504,-0.8344036332055,-1.10954033596362,-1.06002354742083
-1.188713046,-0.797175971295944,-0.963186423183432,-1.08806172573118,-1.01338141637478
-0.902972155,-0.590239738376754,-0.677770257075641,-1.09390920676019,-1.11758312070815
-1.023101523,-0.576864624358788,-0.770340697960549,-1.02975207783716,-1.10549972468295
-1.367408671,-0.830940896716183,-1.08786993584523,-0.996185705895915,-0.855139643857864
-0.629889689,-0.385895550835656,-0.244592266263431,-0.980932577719401,-1.20264834712051
-1.157720884,-0.67256042823194,-0.762356524406336,-0.922400405694203,-0.723578744036162
-0.66785317,-0.440496021497329,-0.351144497542386,-1.02442142462746,-1.03706410913547
-0.955418512,-0.47728570648998,-0.599403847402142,-0.850952497021893,-0.92604705668559
-1.185389268,-0.559267519586334,-0.908192903754719,-0.853980198705806,-0.836786063365475
-0.74708772,-0.121283999803269,-0.674345993269559,-0.917297789916039,-0.961959763622696
-0.751046835,-0.409502804008475,-0.650743024217809,-0.892697058089856,-0.869116658587748
-1.0138417,-0.431881803463035,-1.12114274355253,-0.897028184643488,-0.611463083467639
-0.354217614,-0.362323299660385,-0.477723637103368,-0.981140111745833,-1.02933838934327
-1.074304655,-0.430479321831074,-0.781122237352226,-0.857983223202355,-0.789685533408804
-1.163778906,-0.457579933883991,-0.835554152192281,-0.798111391175344,-0.965814354638794
-1.023218645,-0.68688609722415,-1.15688203954571,-0.755676262017047,-0.840239180765042
-0.556686775,-0.271025733938889,-0.364393613726851,-0.840233646666763,-0.756750039237667
-0.441413586,-0.15488041376732,-0.111451570416996,-0.707559055033382,-0.641577664367541
-0.694590809,-0.25878201704159,-0.315723887411708,-0.612732778510654,-0.446668602674311
-0.340450497,-0.153406253427152,-0.120288069362009,-0.619675423172731,-0.778418205380072
-1.008741219,-0.297291445144279,-0.553079494496223,-0.408749937610351,-0.322793762503653
-0.237415506,-0.202752206850919,-0.138678175780728,-0.557898409411351,-0.642552984103246
-0.323621212,-0.238484276726616,-0.106840177957531,-0.569798338633072,-0.484348550458039
-0.590114908,-0.355098513521925,-0.331849349613413,-0.677035270795587,-0.589462513654932
-0.860597759,-0.418447658138324,-0.629069223568972,-0.679449084337863,-0.68006645939134
-0.688439795,-0.279367153006034,-0.531484778371463,-0.820279412542798,-1.15534065636472
-1.462721759,-0.474116900105735,-0.904923583417844,-0.78209912064203,-1.19789242879335
-1.918851619,-0.860447375759329,-1.55897614255813,-0.798704301429118,-0.866111300576105
-0.362139041,-0.709496403225206,-3.88605322374094,-1.01960618502637,-1.1666141593628
-0.421985698,-0.266115391895417,-2.49769022833324,-1.32697457228056,-0.761615341547848
-0.813657229,-0.351741187563058,-0.600543634481533,-1.04271215664286,-1.05233947821426
-1.8245561,-0.961576464949445,-3.96805775705269,-0.658509159313905,-0.738075754018178
-0.682429138,-0.311009040983508,-0.406104427786037,-1.04509614643526,-1.29066003558543
-0.835578925,-0.477434727372874,-0.677501302347767,-0.986179583177469,-1.10276816121598
-1.476446796,-0.777737884492234,-1.14909920432789,-0.918024173030317,-0.820112590898858
-0.859126919,-0.43934894026252,-0.687893270751695,-0.789037531461107,-0.940925468916941
-0.615375752,-0.596852580684016,-0.720062481762833,-0.703185667890091,-0.397138558100892
0.25612191,-0.150503525868253,-0.18925737804977,-0.846276622395587,-0.580875063067963
-0.448047025,-0.531689342565493,-0.854534268876737,-0.683983231577893,-0.332068714626535
-0.77416445,-0.445879483068258,-0.660305488067913,-0.63767739374324,-0.596066321347031
-0.819256922,-0.37046871905915,-0.675392416183322,-0.604532973714408,-0.798795772071315
-0.953139236,-0.416346313898091,-0.552100049949835,-0.700436616543735,-0.651573628286044
-0.412535352,-0.260113278672349,-0.29573512922205,-0.969324356356324,-0.963034755513609
-0.922593637,-0.420353395347846,-0.737302644258056,-0.980356210661305,-0.94922028841391
-1.298142363,-0.315396345985977,-0.751084169293373,-0.98338437000633,-1.44461315992683
-2.166962251,-0.914421812660291,-1.79084797519973,-1.03301079589997,-1.24760895355778
-1.268405363,-0.295368132048368,-0.661190666837654,-1.32065517835371,-1.62996527969182
-1.206078724,-0.274679215824174,-0.835411855684184,-1.39506463467179,-1.3843133363256
-1.411189804,-0.185709605065394,-0.698060674812409,-1.34754074405083,-1.2393993509861
-1.249564206,-0.185784438135406,-0.704755806278067,-1.29283579212749,-1.30587478856982
-1.177859756,-0.630980793932235,-1.570777016832,-1.37060016851022,-1.38886778791515
-1.494764673,-0.505421140105959,-1.2946349904222,-1.4059259753507,-1.3871090201118
-1.59781217,-0.592877892780237,-1.33077486462449,-1.22772181089126,-1.47301226523176
-1.579955174,-0.974205841264667,-1.84898162379507,-1.41873143653348,-1.30018681831127
-0.877505816,-0.306018857768942,-0.710725588502602,-1.62228045390422,-1.7196350394479
-1.919281365,-0.507514586685458,-1.10014568969777,-1.46216602858819,-1.25299517252704
-1.486184623,-0.676261929670126,-1.29103192234886,-1.49332434584011,-1.75615004106415
-1.847102192,-0.920939975563097,-1.61209395491382,-1.46190908632957,-1.30975987393419
-0.986143127,-0.59482491064473,-1.08061716962493,-1.54444939745077,-1.73739120743809
-1.834410819,-0.778760715714518,-1.29230845934624,-1.51156618118792,-0.940449761293647
-0.552607868,-0.20787026835352,-0.428286479542919,-1.72019749104703,-1.87328770355513
-2.045304598,-0.772257804019088,-1.51772248647796,-1.50011099726793,-1.30589847677373
-1.877799043,-0.663328555532604,-1.40933084052196,-1.61293482403925,-1.88122146561637
-2.044060576,-0.712556546648776,-1.48621023265983,-1.56254923266511,-1.5270660475813
-1.052383507,-0.80335965339472,-1.47531381893168,-1.90053115833111,-1.96378336615761
-1.982917977,-0.786719245472086,-1.60207710507451,-1.6505012143872,-1.34342291770567
-1.473178093,-0.720574836685733,-1.34445247081245,-1.62933229771463,-1.72388661176096
-1.636021205,-0.635699595931588,-1.36369026514999,-1.57204592050269,-1.4056444671595
-1.216135034,-0.408030081584313,-1.17144227561586,-1.61466101355458,-1.62911647755157
-1.901689443,-0.706710892786923,-1.46055298490756,-1.32954291096953,-0.709700148456771
0.065548811,-0.520652723688488,-0.814544100271897,-1.35886350749035,-1.56563943495239
-1.476851042,-0.692678416204046,-1.33284543261355,-1.27181998896034,-0.334115531782062
-0.209101292,-0.155839481064524,-0.320016991804786,-1.56504449905883,-1.56149120491369
-1.840980592,-0.673419525783482,-1.58036005250255,-1.17254463955645,-1.08687890403469
-1.874809877,-0.775927926023959,-1.43526585186166,-1.24827915496067,-1.50799535088489
-1.414252089,-0.954789013847209,-1.65305367353678,-1.48172077504469,-1.56246081153411
-1.09585841,-0.36859857005334,-0.916721572874221,-1.44046455195974,-1.92815197047804
-2.681005476,-1.25246671368817,-1.82884731242286,-1.25487714276471,-0.908787808513893
-0.646042694,-0.285086523651499,-0.854596504299147,-0.968902423158786,-1.6103542778201
-0.996753868,-0.297442221733457,-0.938507620054513,-0.95214259513569,-0.196655356459091
0.835484985,0.124845542845384,-0.00899791348990873,-1.2865848320385,-1.11470363002575
-1.215928031,-0.404672709237357,-0.981582680945299,-0.85926333960865,-0.422443807622005
-1.584483115,-0.758848819622137,-1.38565976615776,-0.765368949553313,-0.676953837019515
-0.354836241,0.0824607357113539,-0.0752009847478721,-0.779006371401663,-1.08863550780774
-0.707423456,-0.22947477201756,-0.630109474568274,-0.928036923919363,-0.552142162491813
-0.520788026,-0.156157705570138,-0.370056887446398,-1.03240981463561,-0.795489931443975
-0.710089513,-0.371192078444529,-0.833686628014153,-1.11495371239166,-1.29711464692112
-2.128714044,-0.900257995602454,-1.78201459488058,-0.991343658684194,-1.14240183175655
-1.644847786,-0.464427360941442,-1.57831532996614,-1.14010932590027,-1.62725765074925
-1.498391295,0.113009649763544,-0.621025671294332,-1.22666833855012,-1.07111188028246
-0.307277738,-0.323761060285681,-0.979937615355316,-1.33512194672123,-1.41677420435914
-1.505317871,-0.583803813018387,-2.48890373269132,-0.721424324885479,-0.33692968271101
-0.148248826,-0.118257261143803,-0.606499337329085,-0.798848050819069,-0.869141950318772
-0.366300029,-0.359087769217148,-0.602634756331612,-0.679111017878006,-0.410782794551857
-0.349404534,-0.140535338803411,-0.317570375256789,-0.796561918358949,-0.832942394601816
-1.347759396,-0.577095292967289,-0.900101342587117,-0.648153672360168,-0.707270536527279
-1.031115345,-0.376246812624479,-1.00218008022759,-0.963537603180403,-1.22282593236017
-1.218606395,-0.414834084290277,-0.941576786044405,-1.04025237438337,-1.23320063866681
-1.467632304,-0.420754244632532,-1.2430940422353,-0.810446389154416,-1.13969286399981
-1.411164562,-0.852782803318633,-1.64228983074333,-0.936736543137062,-0.331980447073233
1.130389916,0.697746522214449,0.414555197561333,-1.35233794376688,-1.36777477983726
-1.298541617,-0.511286273468127,-1.47919654231128,-1.14326045305378,-0.352995225147141
-1.422724944,-0.626351963632166,-1.1740519389375,-1.17005045958573,-1.31449556563192
-1.656713908,-0.319684262026284,-0.824664442786528,-1.1558516118673,-1.44355660026888
-1.438354288,-0.783133091133483,-1.23636778195096,-1.56952054243337,-1.82750268276509
-2.1293318,-1.24691189290168,-2.08704392190122,-1.5001484617122,-1.50913291540586
-1.562741795,-0.679826873241901,-1.32180468135552,-1.63537274228803,-1.76670272856173
-1.461910555,-0.726146121228401,-1.27768038624788,-1.58118628122274,-1.68635378340077
-1.813445015,-0.741231982424973,-1.51388543901699,-1.47254575959461,-1.40522606971421
-1.351456633,-0.800188191174847,-1.12282556256955,-1.50096309231571,-1.46282542271634
-1.098805247,-0.666307329026724,-0.954662444775504,-1.51096928308355,-1.46323103738948
-1.517609278,-1.00109548780259,-1.37456669851776,-1.45776420315907,-1.31630077348339
-1.511473729,-0.695713500814334,-1.18687719545372,-1.358364635387,-1.40386470350356
-1.409187788,-0.649971014345347,-1.28372253161343,-1.09300198440783,-1.24552967920571
-1.307737098,-0.33994951261095,-1.12891283676751,-1.1117913771,-0.296443041157328
1.055135208,0.235383583175544,0.367972581949943,-1.12063353042508,-0.884296101728269
-0.34934726,-0.359149059106721,-0.397480458575949,-0.811487039182422,-0.139406828841537
-0.938397072,-0.304281750483124,-0.766372905372601,-0.65266005658166,-0.693944384827833
-1.232276882,-0.277814736355283,-1.57497566530359,-0.552554589032719,-0.90759823706703
-0.933574894,-0.415151404166825,-0.712476543395939,-0.78289065787737,-1.23625008829069
-1.487831226,-0.383967562073366,-1.29959863884568,-0.671146118008127,-0.606343030250185
-0.245123708,-0.059483402232481,-0.204795937953307,-0.831657508950095,-0.821927625758045
-0.09374547,-0.137486155916401,-0.296513757590491,-0.740119071116655,-0.723371568800285
-1.177702919,-0.292483837356294,-0.904522995849274,-0.475809179186377,-0.157252806968606
0.155399513,0.0154007670062589,0.168349931857819,-0.795675075894881,-1.52451170504116
-2.462276868,-0.633403590535252,-0.913832607685671,-0.304920209167034,0.210873107674237
0.69480445,0.577081236858226,0.917375555978681,-0.94250975405307,-1.54044311161929
-1.055642605,-0.7030514056149,-1.65576572424976,-0.515360024921328,-0.153370315565197
-0.675382054,0.267813262796062,-0.338375052760193,-0.204763829389418,-0.458099813836509
0.094180189,-0.0131208453683827,-0.0511295520536648,-0.452167284433983,-0.819117258955786
-0.987212209,-0.335958688617173,-0.82057749838313,-0.771867579533853,-0.334912187411397
-0.451051422,-0.0955959862474617,-0.378845427576993,-0.943024694010886,-1.29198110862152
-1.563518064,-0.439077203394829,-1.17185945221147,-0.637269530644654,-1.62846242483881
-3.117006744,-1.53389880410034,-2.54268967424695,-0.937821104744838,-1.02769377504883
-0.577847747,-0.197787872359642,-0.687731539682059,-1.22533870794788,-1.95939314717822
-1.039358993,-0.323172403517386,-0.959748871722193,-1.19030862213222,-1.0430050832319
-1.291635872,-0.516810795383063,-0.844502719687643,-1.10630481445162,-0.736785975816856
-0.253903725,-0.3835301561883,-1.41762123770726,-1.11567939770066,-1.41321078232517
-1.653217278,-0.563747606235702,-0.755847828460398,-0.913447382450994,-0.768474874689015
-1.229887274,-0.341191410417366,-1.00856106478785,-0.991614450612608,-1.02609654927509
-0.540381852,-0.104914720003402,-0.409245024450178,-0.92296222360447,-1.05681575428633
-0.841126467,-0.172758534893352,-0.625374991266521,-1.20067043112187,-0.769279300237303
-0.787845167,-0.421345288399398,-0.791047765231666,-0.71301119540697,-1.13883461149984
-1.870792418,-1.15598919885457,-1.68484446757523,-0.490034194308848,0.0202738023875418
1.174905872,0.710427639294597,1.09930611224028,-1.17517779264514,-1.41030812986891
-1.061858541,-0.609569216327478,-0.863775298585593,-0.827591223519525,-0.325840641818827
-1.473425939,-0.736571286204799,-1.20664389835118,-1.02473176017613,-0.868190672403719
-0.833274436,-0.382362826982985,-0.698090675113937,-1.15236707774742,-1.47515528179001
-1.585628631,-0.689790044273964,-1.48342258870429,-1.21704962182941,-1.2279785458183
-1.593126658,-0.660455092950064,-1.1070177738963,-1.36789737386341,-1.36831515196893
-1.191535571,-0.492368526305183,-0.986610740775877,-1.31438544236909,-1.58503143881393
-1.700062334,-0.687782593862633,-1.38118397408968,-1.14919840946382,-1.11774112000835
-1.112156427,-0.386230937243802,-0.736226935238416,-0.823634128281991,-0.952124441198073
-0.233133696,-0.0953853693503314,-0.325654341093707,-1.05599822092987,-0.840711175261823
-0.40386034,0.0948898824555599,-0.179266097153596,-1.00417217891552,-0.68156122110752
-0.944572473,-0.250514695441767,-0.651452811342132,-0.839806494471746,-0.812047194505972
-1.261597465,-0.346153569458272,-0.882817678457632,-0.77617269480436,-0.93816257383989
-0.963556009,-0.333740975264607,-0.711524494343516,-1.09300757929109,-1.24922586418338
-1.29326742,-0.601712256612077,-1.04273013945563,-1.25162965351786,-1.15774041786356
-1.300318999,-0.57279725692919,-0.976037765961305,-1.20912352488659,-1.32763121399612
-1.464470666,-0.769253564270902,-1.17886306606756,-1.22537591077572,-1.1835504547278
-1.020480002,-0.373206521535352,-0.651139376424879,-1.3742304999616,-1.40910046664706
-1.386149973,-0.794252821847334,-1.11851578180272,-1.25827146459269,-1.21245408022861
-1.442020358,-0.745601147770231,-1.19987693463172,-1.1283945621797,-1.05667454255374
-0.837380766,-0.398953591855965,-0.611787980004935,-0.875900808706245,-0.916281443221381
-0.42233519,-0.262639616889591,-0.368170118559716,-0.830447783749931,-0.618836823234767
-0.101814146,-0.172141805419059,-0.10475479954989,-0.669410891378785,-1.0003358500709
-1.74320665,-1.07383021091152,-1.64266519901293,-0.519921812980386,-0.15106931806524
0.033191786,-0.0982895562311606,0.022269094530041,-0.684606365723423,-1.31719759649368
-1.127211504,-0.546211238980519,-0.919484152425777,-0.855022636412586,-0.666506749495864
-1.117435676,-0.347864127418932,-0.604389096120447,-1.05199561244376,-1.11254603600066
-1.202078007,-0.812787758404089,-1.22795742769563,-0.949360675301565,-1.2675399668624
-1.514907642,-0.635396228939096,-1.18087312994146,-1.05921404495121,-1.09118461959406
-1.045312997,-0.578426709270314,-1.0663328288998,-1.08565231362718,-1.0904081959664
-0.675596616,-0.072506401319004,-0.23434918175889,-1.2026726593567,-1.02396555783472
-0.85025789,-0.427927255257096,-0.74274905047488,-1.28554991093375,-1.09280751020644
-1.46155699,-0.691205878318529,-1.25852370749119,-0.995413002778336,-1.09295481625439
-1.493557457,-0.725664707086853,-1.18330422093996,-0.861119409914323,-0.959018973783483
-0.516036989,-0.400200433248947,-0.388553841456764,-1.08726126085792,-1.11077789803118
-0.734350532,-0.485449621329219,-0.434936483873636,-1.20172311730149,-0.738955215070611
-0.661636157,-0.38388149869762,-0.400837627968453,-1.14499938075818,-1.21408209977663
-1.789434889,-1.02781223527201,-1.52224700583944,-0.901012861981643,-0.948327291710558
-1.25768396,-0.633218930287324,-0.931214435169376,-0.957754284963013,-1.33335485779059
-1.111158697,-0.609483155349469,-0.782137281075611,-1.05450263370165,-0.991015631769935
-0.630909935,-0.465185052062036,-0.724318894827727,-1.02515814560013,-1.0158644446089
-0.996820804,-0.512438208126176,-0.844032170191118,-0.912878092985004,-0.497299518075443
-0.180034896,-0.11097367413853,-0.383603844492539,-0.737582746679994,-0.923964854571536
-1.056983048,-0.600969111021341,-0.996638545911022,-0.633324599224707,-0.134937596765273
0.301090091,-0.0157968440740236,0.0696103351192826,-0.952249920015566,-1.23786579826415
-1.614675451,-0.673444867882472,-1.32441981043957,-0.637003387859236,-0.477392640828688
-1.016053119,-0.470615678344655,-0.701672638507254,-0.787895189634083,-1.36348429649246
-1.347160829,-0.782786605010504,-1.14822761334784,-0.905687162761516,-1.28845840947108
-1.613184473,-0.792645140341951,-1.25815641331547,-1.16216582489751,-1.11495562409344
-0.901924896,-0.330057084173872,-0.542163736750769,-1.10807110320995,-1.31051142180628
-1.050455058,-0.58475616016748,-0.825819922400191,-1.08156623229233,-1.03790072379287
-1.128517451,-0.401255830004432,-0.779256041501953,-0.930065723725364,-0.904208101531176
-0.752722875,-0.335571973398636,-0.462370695641964,-1.02448308701395,-0.976131508978892
-0.755815056,-0.238603413022246,-0.393763597721954,-1.04176122036685,-1.0507877160974
-1.353911269,-0.668680314566491,-0.921996525081591,-0.992033794437201,-0.860375277540668
-0.933206506,-0.486541749365391,-0.695636325810321,-0.995003784565553,-1.17962428729335
-1.14116906,-0.630377327231381,-0.829850451586443,-1.0093315840378,-0.90438225014012
-0.690871023,-0.435861909391485,-0.342254989043951,-1.20231685414445,-1.35369370978667
-1.693417923,-0.839270691812167,-1.21838601669387,-0.944154815624656,-0.878943903018451
-0.987506608,-0.577713340024373,-0.551254002199269,-1.09247243810532,-1.32178949326382
-1.147662925,-0.627994763206732,-0.956896478243801,-0.894842431459109,-0.920759765748649
-0.809648436,-0.482927994092539,-0.771698727601208,-0.978251354129296,-0.838464065696365
-0.545031439,-0.28213064365391,-0.113825285905544,-0.712170117409424,-0.68703136642295
-0.470176136,-0.308043006934274,-0.233924564597507,-0.80642097834082,-0.682025959399214
-0.664969029,-0.419156435268885,-0.292346904701277,-0.916507036024955,-0.933451978567604
-1.412122747,-0.675696881650904,-1.07546382450597,-0.885114798603176,-0.91316238784969
-1.226683531,-0.630724082635347,-0.840026863081218,-0.933566083515286,-1.13198661696465
-0.998545765,-0.572600227241936,-0.692830507393826,-0.994229212818877,-1.01563982695303
-0.782105696,-0.463441836630007,-0.514125650739369,-1.10105283847878,-0.948437688587886
-0.864036318,-0.527741016438204,-0.53022825267282,-0.972006579045112,-0.836873922706736
-0.796249788,-0.46164256484523,-0.574323489902455,-0.948840523018159,-1.01860013209744
-1.20385831,-0.883699865462753,-1.08856029403404,-0.870693998812007,-0.924148432127948
-1.072592213,-0.552034252748745,-0.761562077746614,-0.83728492213849,-1.00931845826355
-0.917880105,-0.523032264420183,-0.633132249177693,-0.813117765643313,-0.856065358846292
-0.62297854,-0.343212705551125,-0.36596963281184,-0.844522097799063,-0.802396583268177
-0.687012817,-0.550023987726608,-0.644223257366727,-0.74759402895216,-0.595969470921026
-0.490166978,-0.425100016062295,-0.286844665535561,-0.676777321436477,-0.69028878139074
-0.722795762,-0.400854791291529,-0.382424007991558,-0.563137976318515,-0.531648628578243
-0.43688944,-0.353307682961623,-0.31912304346239,-0.707534077636246,-0.921678650423255
-1.170984081,-0.6806024472192,-0.949619470509284,-0.700057509800818,-0.756719812986577
-1.078898885,-0.74934426097619,-1.52874406373362,-0.747335202186162,-0.938320741586922
-0.842672823,-0.527514829791298,-0.805692437169843,-0.803862360462592,-0.850951098717436
-0.612139838,-0.728509542475522,-0.693205583525182,-0.904569742601722,-0.787294479945357
-0.592819926,-1.05130320187489,-3.19037842187727,-1.75434615919075,-0.968836448611584
-0.665016293,-0.618107019594918,-1.29248708484337,-1.56187508101007,-2.70227731404578
-5.504516187,-3.02615639247051,-0.91908350563444,-0.702438247205351,-0.740080828158978
-0.826284431,-0.18004494628247,-0.627446487124236,-1.14750380311183,-2.79644656122542
-0.807940688,-0.286293285235389,-0.456640024749132,-1.00920581870145,-1.13835013688585
-0.870936182,-0.375610681418293,-0.547721017142407,-0.929173701143889,-0.841188030076615
-0.799343601,-0.589521736244157,-0.583789455434114,-0.758030378242046,-0.781995255076232
-0.715841817,-0.532253829758746,-0.510576831865061,-0.681650469437821,-0.672928612921797
-0.578045818,-0.396547508608178,-0.29721791138015,-0.618188497505594,-0.510795594998749
-0.270731024,-0.367565886982912,-0.167492556488443,-0.619193615862204,-0.506187904786352
-0.388185715,-0.356460987549848,-0.180000716882297,-0.540505817419074,-0.432243572192115
-0.524948674,-0.446242025692743,-0.363099900545931,-0.447754742215878,-0.515943483069185
-0.67513806,-0.442338525532937,-0.535914178426729,-0.519023479357862,-0.518285656866394
-0.488644248,-0.352374589680787,-0.165291032742219,-0.60001186846964,-0.718993969924533
-0.822463976,-0.556829236446771,-0.592031554364749,-0.591105755330462,-0.554891682554872
-0.580225862,-0.492958869221667,-0.413974082472365,-0.656521251629783,-0.734127063412313
-0.734907269,-0.408537736467984,-0.522343614571023,-0.493865782486721,-0.529727076979854
-0.538351782,-0.304065586263137,-0.320858009543989,-0.582563114284902,-0.332449552584292
0.096886007,-0.199596228566214,0.0298151215975754,-0.497227772448498,-0.386444634024073
-0.211315697,0.0919269009074307,-0.171734070801515,-0.167255981853998,-0.0955548111634276
-0.224973963,0.0580940114972708,-0.0321093853400935,-0.503881372361291,-0.081831787728059
0.286557044,0.232947910256212,0.286784051828054,-0.492713125375999,-0.86702875365821
-1.641793636,-0.31048574918966,-0.899515964319463,-0.451121024968935,-0.295442309580267
-0.772316962,-0.273682148540654,-0.478708184303464,-0.758199381587571,-1.16635054526217
-0.994834407,-0.513873752620522,-0.913348053975419,-0.740203077233813,-0.840954823254562
-0.818370144,-0.250026476259638,-0.448727541307002,-0.972420829228845,-0.904545251771505
-0.879837775,-0.597338311577931,-0.663535130937435,-0.747373143328733,-0.708833360465891
-0.575761313,-0.464477218390008,-0.351200764965864,-0.800852590467432,-0.725103118884405
-0.553513629,-0.350670127584726,-0.297636242524373,-0.649331987737254,-0.66195392491994
-0.777648297,-0.472403323155678,-0.708275160505964,-0.606545253190054,-0.423202877420822
-0.257748466,-0.272903752041421,0.0155211219634439,-0.548809353640989,-0.585390650043805
-0.380806785,-0.338962221362059,-0.0909405005343708,-0.56732577417157,-0.503989529563598
-0.662106227,-0.470380960930362,-0.363648328311128,-0.483431878843353,-0.56765436542533
-0.80628963,-0.472315339664024,-0.665791123201709,-0.464870187695825,-0.564868766700137
-0.529280962,-0.368163567703296,-0.230579526900424,-0.470560604708344,-0.592738250275259
-0.436320066,-0.415524305650766,-0.178627329568588,-0.54384417517312,-0.404814980229132
-0.194000345,-0.29447645840152,-0.132873667071252,-0.483655565443299,-0.488459298224648
-0.546069609,-0.267637991184903,-0.325045994663724,-0.462018116223685,-0.306277602799236
-0.264143424,-0.293421615951071,-0.183040519977497,-0.566585234916138,-0.765626200223986
-1.060458902,-0.608431730351809,-1.04739263102108,-0.560789136804032,-0.585326242190802
-0.914445569,-0.479631209835511,-0.724599296961993,-0.695515305066703,-0.786492971635673
-0.612146218,-0.408286183386735,-0.49066282508064,-0.801792056505406,-0.814234360762556
-0.654982803,-0.372397545631128,-0.389689232979158,-0.841096268199391,-0.837363773007922
-1.077825348,-0.623725554374328,-0.809588818971819,-0.669622330908309,-0.662135476876905
-0.655715068,-0.549766931578966,-0.807617466226565,-0.815409052307951,-0.878830970483062
-0.65343811,-0.373645225813432,-0.376830286576874,-0.827211626601985,-0.980445066903526
-1.354456133,-0.511751280696722,-0.899864953455082,-0.748811552973874,-0.664272221264261
-0.633122819,-0.51261151879978,-0.556097535963825,-0.92557748077326,-1.05376521188468
-0.814124452,-0.46170698723458,-0.521873129050341,-0.76094125077687,-0.912506465681717
-1.208727543,-0.581776783949338,-0.856564850487237,-0.658791406492189,-0.639809810111101
-0.548465028,-0.323449925526227,-0.311158893919831,-0.582575766631304,-0.615688816370745
-0.037411323,-0.129436461258463,0.247461431830884,-0.655092080326964,-0.492588944768315
-0.32450451,-0.391259475716143,-0.248203122130754,-0.580257073870953,-0.300536638462632
-0.443367729,-0.331603013813292,-0.334023926026567,-0.419554422910849,-0.470036622797151
-0.672863475,-0.36536719652998,-0.526527219910926,-0.372056864914805,-0.454602101848773
-0.478626126,-0.365069930745171,-0.293688706317471,-0.493362116718581,-0.58857135347874
-0.525222521,-0.473617077453516,-0.38143370456473,-0.60534402824757,-0.569879915954107
-0.605893111,-0.461608320235887,-0.300699874637631,-0.638519570760552,-0.669862688387579
-0.822661393,-0.583322154446949,-0.702003755001806,-0.646589344414108,-0.692239028917995
-0.798119993,-0.455940301788785,-0.433309885480836,-0.653021255637926,-0.770050767491441
-0.759853056,-0.519495751779901,-0.499090165938016,-0.782860635993728,-0.751479556165898
-0.655819353,-0.470143040101791,-0.418598152157381,-0.846328991507494,-0.878885195588197
-1.030761047,-0.565108017227309,-0.66639256554962,-0.744395657034119,-0.723560441565968
-0.790867699,-0.549811736246571,-0.527783611513119,-0.753382384115165,-0.830545529495388
-0.672476398,-0.515490084697946,-0.478039633679722,-0.742398340209365,-0.784282130523515
-0.767507577,-0.573850850242386,-0.528376868578938,-0.82409052254267,-0.671841838514733
-0.600793411,-0.511225702769427,-0.369934456868192,-0.760849882866674,-0.840261402073363
-0.971633825,-0.641443546585827,-0.739606710291067,-0.664565087667655,-0.639002923346505
-0.66361455,-0.578481071273678,-0.504699245700222,-0.704252542093594,-0.759013167036813
-0.58309826,-0.466275566947612,-0.355805081976632,-0.70555029980611,-0.69391513963035
-0.690908647,-0.526336162849896,-0.432467498504779,-0.711150500930028,-0.629043781162957
-0.639199908,-0.589084060029481,-0.520160714368232,-0.670995299124392,-0.718192227987106
-0.787781578,-0.644423820898766,-0.623169034317616,-0.615698505081802,-0.620324003169038
-0.613643173,-0.595508392709444,-0.482480029265894,-0.676454944376447,-0.630310304968085
-0.44345589,-0.404677812634276,-0.294227370401087,-0.705965882206551,-0.70950459639549
-0.792903549,-0.624750725381065,-0.522972668167877,-0.66731614690789,-0.597888607521887
-0.722472391,-0.61410472199521,-0.544844639073928,-0.757660213135834,-0.736608427655942
-0.686058674,-0.616200412545821,-0.494685422511923,-0.806707186624828,-0.847073591604014
-0.981786606,-0.750871389100497,-0.720568061702514,-0.781291169272744,-0.791840081861979
-0.893101351,-0.646275529222099,-0.558036467726871,-0.78319810382502,-0.910871421498451
-0.927927927,-0.663935005333423,-0.598772301851349,-0.773786462873781,-0.765423508199693
-0.59303121,-0.478244965884423,-0.40008822954399,-0.851241081272888,-0.884773021289583
-0.93979796,-0.530337160709297,-0.727030815640166,-0.693706290617223,-0.477918017380165
-0.254631554,-0.339013274274588,-0.0391950133810233,-0.713860216436256,-0.77022132115787
-0.64216061,-0.412633490055009,-0.355365638054328,-0.606596110718793,-0.506527682180761
-0.6259889,-0.393062453895875,-0.383500181100786,-0.65194228215541,-0.733488559395432
-0.873556902,-0.531808912123308,-0.601787136027653,-0.602355609164716,-0.730946420410286
-0.91439531,-0.549504373982253,-0.658374272273998,-0.616505214302042,-0.627495996607934
-0.405956085,-0.340459188496507,-0.170194936810946,-0.695825447163043,-0.698429694373691
-0.483090859,-0.403707935678179,-0.567675685343905,-0.684984171430145,-0.51905138756804
-0.536678748,-0.38376627678974,-0.414145089900359,-0.735010906518906,-0.57956018386509
-0.512647839,-0.347981599191127,-0.319021560618144,-0.664983648484454,-1.06657398417356
-1.747896584,-1.01502449137562,-1.442058350004,-0.64834199318725,-0.653479496658375
-0.796050227,-0.508748618653446,-0.636002093420925,-0.785651045675058,-1.16583713124753
-0.802282658,-0.541368863955691,-0.636184271025358,-0.79587764578396,-0.744617570835034
-0.578723482,-0.407934065220302,-0.232734714623342,-0.838012379264134,-0.696688570089809
-0.55682512,-0.558254124311868,-0.40997029311177,-0.713858780751513,-0.645527668116058
-0.664998502,-0.507770803346641,-0.428071889147684,-0.696589404259798,-0.653110971108588
-0.728473018,-0.626139053519066,-0.497555382383568,-0.701821633172971,-0.73006639348663
-0.819433623,-0.65636768466102,-0.700373195006398,-0.693654542145318,-0.736954861776093
-0.77406408,-0.5975667850069,-0.585860276442793,-0.767423246359895,-0.732876985622175
-0.628983746,-0.541945607702491,-0.428355023113933,-0.805949840777722,-0.81294063566283
-0.851621735,-0.581438385444444,-0.645677822129002,-0.749310265417417,-0.737145570468354
-0.886889327,-0.612183321645244,-0.713001551694407,-0.733268657894056,-0.640771473524139
-0.400345118,-0.396032426022514,-0.182170971272392,-0.742854849543105,-0.837385675060809
-0.815807341,-0.590606856184895,-0.604034501703895,-0.724537681033173,-0.583406378707525
-0.679435687,-0.453683687310198,-0.458858445954767,-0.666013482045825,-0.773728973105902
-0.815276006,-0.506856179664488,-0.594394632018039,-0.594055713070937,-0.64679852351689
-0.608194976,-0.44550347170531,-0.400143831787075,-0.779899049428417,-0.679907708881031
-0.471162498,-0.408297718768405,-0.364953080857082,-0.808635574177633,-0.860006217333536
-1.106776538,-0.509036117005088,-0.741293436831735,-0.631477173554064,-0.723857968803824
-1.090308606,-0.546408106584354,-0.763315411437336,-0.545353539796275,-0.590811745553164
-0.14372059,-0.191694929854337,-0.0177057900735314,-0.611709706859717,-0.687358920592599
-0.233491106,-0.148643850832618,0.0246076497134607,-0.628462261772461,-0.466105917916154
-0.624392893,-0.367878656927039,-0.442649476756597,-0.581851433710479,-0.512185381930632
-0.783726388,-0.424519818678073,-0.500814441386536,-0.61410118724924,-0.674062534271314
-0.732299157,-0.452791956595834,-0.493099568422703,-0.697373345957381,-0.904797148025802
-1.077065973,-0.571130050272811,-0.783271276649435,-0.756123054310215,-0.843756730729695
-0.998359837,-0.528299651616125,-0.687507176795542,-0.898840276452742,-0.858837147688074
-0.633707253,-0.407307546216252,-0.451680077234261,-0.865738048000403,-1.01183229299301
-1.101773204,-0.381477049432579,-0.735368499532721,-0.721420958863022,-0.6265149479384
-0.592703443,-0.337447172475995,-0.42301240331728,-0.780271584552351,-0.720646091437704
-0.365931258,-0.372306549883951,-0.359974330034074,-0.678338225842457,-0.631286862955026
-0.643031028,-0.411109108102731,-0.532920165466515,-0.634164376966526,-0.392561651166079
-0.318088542,-0.278032620591112,-0.0960701728391507,-0.613010038162244,-0.653421998657264
-0.676567819,-0.392763717753421,-0.429536547560677,-0.70776153465776,-0.593177123200998
-0.759637595,-0.495388788719757,-0.517004701757567,-0.797739141639314,-0.911672678597614
-1.174577583,-0.645035677166646,-0.845668629979375,-0.836395221373996,-1.02220601143943
-1.390061304,-0.664617181566677,-0.898983972693487,-0.854523338260335,-0.96383481155106
-0.825721125,-0.589953800006341,-0.676826752615003,-0.947457384813158,-1.06179186442969
-0.755900106,-0.497397880736371,-0.561606761662296,-1.02051528365542,-0.895602320454848
-0.8854344,-0.617582270969897,-0.695338770724753,-0.907355306542939,-0.837335351957712
-0.903036623,-0.613255570931254,-0.655271843712892,-0.797784623372424,-0.864530438537169
-0.895122656,-0.655155594369212,-0.802307894456854,-0.841934278283844,-0.778477421941986
-0.602896598,-0.436947338040943,-0.370889026608282,-0.887145141513046,-0.936294439268081
-1.007446305,-0.743176859686055,-0.764836490501151,-0.842826442278997,-0.725940104268652
-0.78512575,-0.564815269509219,-0.490387471869594,-0.861448171269112,-0.935839499312757
-0.940406746,-0.584325182486099,-0.637083781974165,-0.862224994255661,-0.802001427588609
-0.730225841,-0.506638461490456,-0.531292972709629,-0.98599827264473,-1.03701014402069
-1.12593885,-0.774417547021148,-0.877076893824404,-0.871338586407283,-1.03275620323042
-1.369741594,-0.540553696921695,-0.998773485902838,-1.1033460055487,-1.0100619874799
-0.778077273,-0.357821782212409,-0.602573090204878,-1.2394942060403,-1.62197184484105
-2.115453148,-0.674892271589538,-1.33183300267533,-0.848440997159191,-0.832729668622829
-0.910646181,-0.339855919198824,-0.631035686556021,-0.92969713874565,-1.06805903510642
-0.095259269,-0.0887732163219968,-0.0325581815492097,-1.02909277252659,-0.958118115410493
-0.865156503,-0.311313410562221,-0.570375175674074,-0.909053193572563,-0.512594822820063
-0.725679203,-0.393717352014886,-0.456514871809909,-0.900271904957567,-0.945693537654666
-1.090662009,-0.514234439412914,-0.666743617862274,-0.764357230072363,-1.00942544476627
-1.371041029,-0.694478874035267,-1.40874912352947,-0.904154068193117,-0.921483528125076
-0.760600727,-0.495194334813853,-0.530727988640202,-0.950142307262686,-1.19244020350717
-1.079678836,-0.651734409363333,-0.798649450008847,-0.99865715634613,-0.909747028143337
-0.885348525,-0.537233897536727,-0.580539368943617,-1.02817855726545,-1.26305603219831
-1.552550796,-1.04281210253389,-1.25937924186816,-0.956086038861976,-0.994433631847536
-1.099675579,-0.753697729208443,-1.0291349724785,-1.2055423307996,-1.21107941943724
-0.923340138,-0.582182504586595,-0.61857284803013,-1.05979530741999,-1.18070027508209
-1.273372971,-0.757161100856678,-0.845778374568843,-0.919035833321744,-0.898508536400875
-0.849818555,-0.646253874664294,-0.599293311274107,-0.973472832579728,-1.00252999247375
-0.745186581,-0.481495508201661,-0.51687247596717,-1.00068066541376,-0.938601693636719
-0.974362846,-0.587751311080715,-0.641225436580644,-0.917339304414431,-0.860541151318285
-0.985468885,-0.542604187072911,-0.674582319184857,-0.832450488346567,-0.852262011654775
-0.736830142,-0.425569857037947,-0.550579497834537,-0.949637325800193,-0.93850620653918
-0.80859856,-0.437863147092723,-0.510259671339905,-1.11210162618,-1.08836481505733
-1.420153018,-0.436073700278204,-0.639077271791219,-0.957504345944608,-1.05634391604709
-1.354706899,-0.570171558581771,-0.914994988148708,-1.07347476840435,-1.19018265212565
-0.983251649,-0.543984669577063,-0.743431408700175,-1.27977096009133,-1.39850255037972
-1.498318731,-0.734949477162597,-1.15192097274993,-1.15354404020641,-1.09488731518082
-1.197073338,-0.757337461865697,-0.99425231141474,-1.1891937290237,-1.16095604683064
-0.824801859,-0.367351485868482,-0.524400944874517,-1.23467582391979,-1.25427198482014
-1.301902558,-0.625122049783726,-0.870502260779028,-1.12712286286151,-1.00949611084717
-1.192389876,-0.8722946656171,-1.38445578770024,-1.02298413059351,-1.01841889159905
-0.762290355,-0.291578924093371,-0.430627866811087,-1.04813211162412,-1.09772896680344
-0.938969361,-0.429725000916145,-0.687996105997684,-1.13137406391445,-1.07332412177156
-1.357232005,-0.606465154086049,-1.00177404699962,-0.976237555070576,-1.01158657566793
-1.154310671,-0.441980439233031,-0.834468335195402,-0.895035269223026,-1.04511704640058
-0.82353748,-0.371973586415541,-0.495030664925946,-0.875861749581492,-0.914920557648711
-0.70717929,-0.273223446303281,-0.219068564990904,-0.851968058634114,-0.617494761823636
-0.297178053,-0.254975661858103,-0.18718623922216,-0.880594202734664,-0.720394103502577
-0.620235549,-0.270912389954742,-0.393668423852842,-0.815723587315605,-0.784881283029962
-1.19639323,-0.67748135009293,-1.07829805744859,-0.939515793251679,-0.925377318029269
-1.27011134,-0.686683542609238,-0.951923860017577,-1.04057439736517,-1.18428833228627
-1.230476878,-0.613580610589562,-0.94580912141548,-1.17357957916453,-1.3509600832594
-1.488237976,-0.849747146654097,-1.20850520504652,-1.22841594971225,-1.2551605337731
-1.29056538,-0.748523538368905,-0.941847262590872,-1.35036756884972,-1.32695828475526
-1.148776583,-0.599848264511045,-0.895106972040191,-1.35845690279483,-1.41548455143541
-1.586264647,-0.851931579462447,-1.22237456867199,-1.23518825374254,-1.14710831107405
-1.141163045,-0.657262906717465,-0.915004761355308,-1.18960693031688,-1.26425755984048
-1.015743239,-0.602237067896499,-0.759176766641518,-1.18473908289981,-1.06850417800006
-0.905234952,-0.687469792440171,-0.760059687171081,-1.18394479596293,-1.08468672698469
-1.128634777,-0.760497944928024,-0.915389394899976,-1.13512459778359,-1.01923744701824
-1.045649979,-0.722097343640077,-0.879621442249559,-1.19155770432497,-1.29502634430599
-1.543420413,-0.947405193189114,-1.15616121573358,-1.09920604447881,-1.12630347901483
-1.206775941,-0.763102111000421,-0.951287266901367,-1.22286707300652,-1.31273854766553
-1.163523072,-0.889422711064796,-1.05187896587808,-1.22128421424355,-1.17813243794923
-1.132713597,-0.821491821837692,-0.986928810552174,-1.15059426585667,-1.07824900018827
-1.03056455,-0.715728488525412,-0.826680631984861,-0.998441040587702,-0.918278405113223
-0.665968916,-0.469645067897958,-0.503893186994955,-0.980576233596499,-0.961181424967907
-0.918494667,-0.244601920955562,-0.640601040430733,-0.540128392856231,-0.677317400736937
-0.789679773,-0.264819363364061,-0.612005945222874,-0.682003079690761,-0.312417185660179
0.581206545,-0.261166781121365,-0.367139235309324,-0.955352756261814,-1.16826431930712
-1.597504373,-0.502559499821028,-1.23200639062908,-0.502516770332458,-0.393223389804993
-1.314499476,-0.483547243546669,-1.19242027252141,-0.60046381581274,-0.792865477131484
-0.218134433,-0.0404271414624555,-0.0821184515847078,-0.648913106277328,-0.984652631305266
-0.636517897,-0.369977950233348,-0.450447719655318,-0.642367102245528,-0.576375577505597
-0.835650833,-0.484974896080831,-0.646101190659493,-0.653015566618524,-0.499925273337683
-0.234491081,-0.283485634210829,-0.396917589625126,-0.821444587248608,-1.07405694740378
-1.363439094,-0.829552782654885,-1.20854338738357,-0.623214317611962,-0.789704118962914
-1.44684721,-0.94016484547124,-1.37159354875223,-0.975527780283072,-0.704451890964977
0.003052871,-0.0133424291302124,0.0757977617925233,-0.803597370972579,-1.38797477361488
-1.467832929,-0.843112462970226,-1.20284474678678,-1.0433955543308,-0.495724368643284
-0.726463339,-0.34949470375646,-0.500357724941096,-0.862178855083421,-1.18936208027217
-1.100000921,-0.636172148368658,-0.862492290732743,-0.826146186349246,-0.953624961533976
-1.095145045,-0.611554050432246,-0.920944393860091,-1.1177200314693,-1.0847584188473
-1.076051434,-0.642307763460355,-0.991708385925085,-1.01378354267163,-1.20579541837702
-1.421718282,-0.604951020231557,-1.11370231897437,-1.05323673749312,-0.918143506865908
-0.701211936,-0.442395093496026,-3.47105152894558,-1.08570071575153,-1.22529286522081
-1.189328799,-0.386240282015773,-1.06945182137912,-0.662597079516699,-0.632385268756996
-0.710467464,-0.19833535972506,-0.494545752199538,-0.428828499970969,-0.0966813878959522
1.087513948,0.42436338345862,1.16418716616725,-0.343913491397123,-0.342585137587682
0.041318133,0.0861145409750598,0.280351737670357,-0.296930180180234,0.581737541070903
0.620912688,0.503265846039923,0.453137944927405,-0.369124729879431,-0.497900544793243
-1.19187524,-0.436792884711959,-0.741122635682675,-0.487545941879256,-0.188453790208319
-0.874324683,-0.493868490684156,-0.935965132942711,-0.532309279393907,-1.0821434071795
-1.424907888,-0.483486029794041,-0.971911247463239,-0.46366028054093,-0.517089329748724
-0.113296385,-0.189194778375986,-0.15039350535232,-1.10902269080025,-0.855628664532478
-0.129815922,0.17927393164064,0.194975223024199,-0.960316313463063,-1.00617299786806
-1.814110361,-0.838329060922099,-1.60971014746186,-0.922609229568642,-0.652377851466196
-1.150830981,-0.673787923055997,-1.63955787747112,-0.658278823105041,-1.35436260030136
-1.328676177,-0.363431620636704,-0.904960108760416,-0.689907331470101,-0.653291042334726
-0.046014408,0.242454817166719,0.231136021636625,-1.0787574933846,-0.837419392870402
-0.172763818,0.149103936067452,0.152928914141609,-1.0229570565265,-0.840074405640245
-1.410953618,-0.623847785735664,-1.09218768156148,-1.01481595857137,-0.907717223833002
-1.743083201,-0.973612792195696,-1.67025419587759,-0.929989407823875,-1.11837568044058
-1.003841521,-0.478553421415583,-0.901981754156092,-0.952983315557574,-1.35571663341127
-1.226576115,-0.538926248603391,-1.09264822160335,-0.871940979644535,-0.561768344459324
0.087982937,-0.321233666886517,-0.507447692799049,-0.970911356644817,-0.921755141273253
-0.630033382,-0.390249316796222,-0.559502900650241,-0.743522673269013,-0.386157065768852
-0.646462932,-0.321647917312509,-0.538859579246636,-0.512190337725702,-0.66387007096324
-0.990908107,-0.164486388006889,-0.745470220358541,-0.29910793670483,-0.0962839391867778
0.713356711,0.514881329881887,0.997061583009192,-0.867132790905345,-1.02482509636058
-1.104414708,-0.108502080007772,-0.74744895048342,-0.708300679602947,-0.34649208948294
-1.13131104,-0.386856231954633,-0.950164050253252,-1.03535310369283,-1.09219121613882
-1.288289883,-0.366057437526198,-0.973224559517185,-1.03596368558875,-1.28046919297372
-1.558631388,-0.421802468803792,-1.06220138206001,-1.21235224428943,-1.10953672842493
-0.858229794,-0.467726057813461,-0.848038189959769,-1.43719023457477,-1.52572796869147
-1.553774074,-0.427489393893883,-0.841497130389985,-1.18113681124226,-1.20172307098745
-1.620516629,-0.756560468218056,-1.35532568484139,-1.02102326222427,-0.962814203033519
-0.494963601,-0.130506344263637,-0.212383929887441,-1.07239126697257,-0.933911117858592
-0.233950312,-0.199910591013364,-0.223827988157735,-1.38128814797284,-0.540286780503152
-0.399183424,-0.248358184009757,-0.266365185192456,-0.764975467797939,-0.297807315983201
