630
-0.4331305,-0.157018512973167,-0.458750209600008,-0.00965634861730547,0.373673939542198
0.582914542,0.110329761155486,-0.806401010573439,-0.60139944114252,-0.638219355181253
-0.87925357,-0.810579949405873,-0.180014630371462,0.0358770548974784,0.00302955233086527
-0.57751504,-0.0752748251322099,-0.418467472176997,-0.305640702954005,-0.152062806911902
0.571625244,0.114152359509137,0.193796321512301,-0.478987299699545,-0.657389375179344
-0.747925348,-0.299712870955446,-0.545751785604843,-0.423996966100983,-0.0868582305102911
-0.661001371,-0.307915977220473,-0.015915418466951,-0.206917495451366,-0.317357997434011
-0.131594873,-0.12037900230305,-0.365560516516597,-0.423096314099184,-0.146470670326196
0.522608822,0.0350436436789229,0.855034559195467,-0.514038702225451,-0.400769352268397
-0.644581113,-0.132177713804876,-0.515039603993089,-0.197133999729844,0.0581715128138279
-0.320532915,-0.296815857127108,-0.342402092303484,-0.333291206087239,-0.323558944012044
-0.062305176,-0.0139102652753114,-0.301918858633884,-0.511424902168992,-0.533196242970431
-0.764927204,-0.151822527163397,-0.548972037290338,-0.249026716900174,-0.288692587452869
-0.65980518,-0.0153301125732762,-0.121978036811354,-0.240086309110666,-0.0390718919381393
0.825585099,0.0684774637425015,-0.15655954198574,-0.559269909470465,-0.710577350588845
-0.777551394,-0.272867056108267,-0.239209555942665,-0.559854846443357,-0.0300732058446746
-0.587506724,-0.283889869428017,-0.519758444816841,-0.507659619106543,-0.830348281332107
-1.16332574,0.103807364469961,-0.2404639508034,-0.465182870109532,-0.630120782747499
-0.668217019,-0.476104948115199,-0.45817053776619,-0.778005911643787,-0.895795472927126
-0.707229213,-0.356031224709236,-0.592593379438688,-0.802162384439015,-0.744205204614804
-0.708453526,-0.437977361898763,-0.4447464388157,-0.786761005660527,-0.877703483803694
-1.141531765,-0.400917190130696,-0.730595555878101,-0.62290918727356,-0.602360874942793
-0.49860321,-0.239270067283446,-0.338718499814182,-0.754334716669081,-0.778787442890129
-0.464537873,-0.178104489614239,-0.316758533749232,-0.664680848374341,-0.579588384247794
-0.646626445,-0.480714938889194,-0.709924452049877,-0.552452945167553,-0.322163889517596
-0.114694976,-0.292178206113345,-0.254745603752765,-0.529128663629078,-0.525118809537092
-0.386283451,-0.226414233770124,-0.417226378533595,-0.550719359370668,-0.428343256683152
-0.650055226,-0.425244351469109,-0.686714851701056,-0.409329683786757,-0.556336699065046
-0.828539089,-0.381164617878644,-0.174471458410609,-0.402234576985491,-0.474646722942801
-0.30257343,-0.487034682228599,-0.496692968075553,-0.601599554509382,-0.684311454991016
-0.568436376,-0.368977972823795,-0.430768710589078,-0.533229597827775,-0.488881017570489
-0.643468594,-0.502141682105738,-0.809822001941074,-0.438125541909121,-0.450873450022875
-0.364382934,-0.254269927907403,-0.217251478502785,-0.44175685905497,-0.488341882511878
-0.372091181,-0.215755416140897,-0.380758477033983,-0.358081811378207,-0.310118878607786
-0.312177863,0.0124939840280817,-0.0472452041031435,-0.132885071589369,-0.0249346477198525
0.341862266,0.163689651484337,0.249679099208219,0.148940535868329,-0.0396717757529223
-0.65089364,-0.517810643284673,-0.604901804887777,-0.65126744999307,-0.648418840169053
-0.640962051,-0.599601435859637,-0.574874893683149,-0.654753116601824,-0.664549846683683
-0.682703472,-0.546005914699929,-0.560928206690717,-0.666827012399196,-0.647944275929798
-0.636654685,-0.533409253870258,-0.580294515002315,-0.686944961849952,-0.71269072305258
-0.781928933,-0.424571487644447,-0.671632112243379,-0.605938114944933,-0.60159659381459
-0.615631018,-0.379002446184516,-0.494174763272991,-0.687059255945265,-0.504715096816957
-0.140310289,-0.266079958274215,-0.419380366298768,-0.749726557751496,-0.749244396982845
-0.867926636,-0.419196486250565,-0.624320334911563,-0.705084708265645,-0.518190750409027
-0.820824335,-0.335407363571197,-0.690632196507785,-0.70564216750837,-0.797734290732161
-0.849196255,-0.317484855320192,-0.69369160072974,-0.672180446311286,-0.752159761009598
-0.711423169,-0.22445382330571,-0.52140071937114,-0.685719435104736,-0.709872390790693
-0.715389145,-0.184870396916306,-0.509014213789848,-0.628095504540234,-0.258513154963426
0.371631397,-0.518503295697622,-0.669371793716618,-0.728883611548895,-0.697694882354745
-0.674370791,-0.241823571098269,-0.534155777976798,-0.465163905398101,-0.243690760089448
-0.718075782,-0.155409796229162,-0.677360062178336,-0.575316396536191,-0.555364419970922
-0.565712272,-0.0813479653508726,-0.531725865368361,-0.550992470962188,-0.63890697270257
-0.707973973,-0.308332952858964,-0.690350762532856,-0.554403543545589,-0.240217278657522
0.215203971,-0.117333854308513,-0.528109492599694,-0.650170372131124,-0.607415898798628
-0.484310937,-0.371277530343628,-0.434739192929501,-0.617936063173732,-0.339327944733693
-0.763372079,-0.452302236707569,-0.573764103952841,-0.583385731416636,-0.564096019542177
-0.761129092,-0.330789762372352,-0.663901704203279,-0.519911522458132,-0.626093719365299
-0.55696035,-0.334210238165833,-0.512594581529777,-0.610496913366709,-0.609778086946332
-0.41100657,-0.506959956470454,-0.654022846583369,-0.680130367092352,-0.683071672210603
-0.81443689,-0.495266575682854,-0.612583769570557,-0.640018568380487,-0.510204634875046
-0.556807554,-0.399326028500058,-0.506005547181381,-0.612330210432612,-0.744918930501132
-0.7545663,-0.377784230106906,-0.569368898400173,-0.685940208371207,-0.595346988370867
-0.497942138,-0.340391755250584,-0.402096538825913,-0.795206624544909,-0.966362227979455
-1.299570655,-0.75237008312858,-1.04430097344381,-0.665712618697223,-0.59507807369357
-0.613321375,-0.51778731502789,-0.484870388668711,-0.875728690252229,-1.04615726197788
-0.937588088,-0.437767411727232,-0.710153972918078,-0.786380211984337,-0.718679079990402
-0.755444214,-0.359850117242911,-0.633579597340358,-0.829135630767236,-0.771665256071358
-0.642414772,-0.311084805469986,-0.531562812391187,-0.674061474705882,-0.706861394289375
-0.671790505,-0.484995637101968,-0.590711247217811,-0.640038011251953,-0.549063154211549
-0.398968967,-0.411489275134214,-0.42438206247614,-0.667852074792231,-0.656374940979744
-0.639478653,-0.462973388873566,-0.488112567829229,-0.590129182073925,-0.549187277684217
-0.666665054,-0.484806306741749,-0.573388624414513,-0.631439294920108,-0.611563798395931
-0.558172003,-0.351048759372349,-0.503987961361579,-0.669450609931085,-0.793053409957141
-0.959282609,-0.603495919839623,-0.838819143230211,-0.626669878254996,-0.661918180563856
-0.779096782,-0.590386329111193,-0.410658870783428,-0.702654298448309,-0.74550152338428
-0.566744314,-0.553705616651479,-0.441164051447599,-0.747581850239316,-0.758418134064042
-0.726240627,-0.481748940656614,-0.563097170836288,-0.690045077773169,-0.640843536988482
-0.711543354,-0.515318799566091,-0.520383555433206,-0.642069962001734,-0.605427323778776
-0.472743254,-0.307743064312601,-0.387252450838534,-0.67772208411536,-0.693920738692941
-0.659346678,-0.413783419667853,-0.479966884997032,-0.62612862087915,-0.642410562805614
-0.833230123,-0.42036425890838,-0.681763855441986,-0.55359030434,-0.545382523623159
-0.466821684,-0.263354597895496,-0.400739428564023,-0.629111942842473,-0.592731795906984
-0.308428907,-0.310168749509892,-0.370583789043377,-0.718595394754093,-0.657025144110628
-0.807459739,-0.288026885823991,-0.563806002218481,-0.611696480682508,-0.537677991779493
-0.788006189,-0.419234308066458,-0.638915080157827,-0.519285088714832,-0.588009678459999
-0.466758875,-0.284254909941104,-0.527976715127643,-0.537967605190501,-0.530017305321957
-0.32761997,-0.225473603062575,-0.351813814035701,-0.573609959572507,-0.260789273555576
0.082111261,-0.0327384013878675,0.0878755691859193,-0.559925615507975,-0.436553635235946
-0.493458542,-0.242316254997469,-0.461985990315047,-0.401419374191401,-0.318906012915663
-0.698908741,-0.250513632987943,-0.561791558615716,-0.422827586133125,-0.409242523450959
-0.351168545,-0.304576955695812,-0.37177805796963,-0.477216660763761,-0.671854324965918
-0.695583004,-0.436349926163877,-0.602382378567836,-0.554221759342261,-0.517998861320302
-0.628197363,-0.490339907680429,-0.597164436824347,-0.648691455808253,-0.675579633969674
-0.697669539,-0.448268539546257,-0.595513647505733,-0.622050848052693,-0.673570856369308
-0.726617497,-0.641188929968028,-0.588527807150366,-0.673699960210902,-0.67015172557598
-0.650115765,-0.525457213559813,-0.554523668118022,-0.656702059406062,-0.693501377628519
-0.673703247,-0.562841269228453,-0.543919915131554,-0.681060484263267,-0.642229934893171
-0.607063053,-0.572420072060442,-0.543864825640246,-0.691495354661826,-0.694942742804209
-0.721961673,-0.600472471956081,-0.643147854161955,-0.669634010827861,-0.656571683183457
-0.695862572,-0.568791263870738,-0.606548930961327,-0.669610313729499,-0.702738156794027
-0.71292045,-0.587078371669775,-0.648535329240825,-0.650767344166876,-0.659706060838387
-0.624058631,-0.5612562401068,-0.573616169686755,-0.677021056039528,-0.660458586854134
-0.602652979,-0.551554754145747,-0.554362595281047,-0.676465458732676,-0.645393261850574
-0.651157008,-0.562120699808886,-0.558427273467827,-0.621098186770604,-0.63811303369641
-0.68730118,-0.521257835548766,-0.639681575000235,-0.599403638386822,-0.603000110677839
-0.564578259,-0.503884420593274,-0.563811837645268,-0.630191633067677,-0.611962645976812
-0.537410497,-0.482270367104294,-0.515162031127383,-0.608130874731681,-0.578400394954189
-0.573936381,-0.541006048574853,-0.553054193835034,-0.58627236759508,-0.561872611636398
-0.583136931,-0.452479567973106,-0.526377409855926,-0.544248236308211,-0.564699847142232
-0.572637315,-0.429976532095893,-0.531505542254453,-0.519286114029988,-0.53450945995865
-0.487983673,-0.415157908561763,-0.491791084427969,-0.57089544567301,-0.530719831535047
-0.446818634,-0.442304743612386,-0.49878388696183,-0.611114592790919,-0.609639500096631
-0.72765685,-0.492779932584166,-0.598807535689935,-0.550503636032315,-0.56038138623673
-0.711587028,-0.348238671738698,-0.551551524910934,-0.532237765209493,-0.546588027768918
-0.436420074,-0.303444679146622,-0.519289743528474,-0.597181384432976,-0.472183257230617
-0.169736037,-0.154564199894215,-0.0477873325782888,-0.589004251944958,-0.546069471783276
-0.673163079,-0.313948572747358,-0.534597337285476,-0.441977615453926,-0.250757651251372
-0.284679386,-0.200075881287702,-0.422491384422249,-0.476735176095545,-0.448169850004702
-0.231567756,-0.208566012329144,-0.170245583466025,-0.516885926964487,-0.48278271111529
-0.616132793,-0.273252310386267,-0.554278813627351,-0.623107198329211,-0.487363630226555
-0.655020387,-0.168684039215345,-0.552274251059973,-0.64267854518942,-0.851197654361357
-1.171688635,-0.179254008587094,-0.954395834487859,-0.590217380677417,-0.806073594185064
-1.074993,-0.331716033637625,-0.39881164270855,-0.624030747364651,-0.737591128444902
-0.375396114,-0.213233564896684,-0.482785951192975,-0.725933507829239,-0.752165150526357
-0.421247331,-0.307952369826844,-0.345300955249347,-0.654844768222899,-0.469301443232341
-0.452577021,-0.348778524322625,-0.527266705675395,-0.535839338271954,-0.459013327286889
-0.473349035,-0.302090060352061,-0.470113198397616,-0.50576839930577,-0.509655020883238
-0.55833425,-0.297583933101029,-0.437884264651627,-0.524202313682031,-0.553296024533357
-0.625009627,-0.335794237388914,-0.587518298844201,-0.523153148193112,-0.62459330873682
-0.736519796,-0.408535627099602,-0.349038645332451,-0.517014990324345,-0.566928874307418
-0.536407324,-0.44597382916812,-0.489898808894311,-0.601182732853587,-0.575264095136804
-0.390429493,-0.269829374957617,-0.373604295528292,-0.571594479712077,-0.617327827267433
-0.740438526,-0.266837818220701,-0.64742395952203,-0.433402541745716,-0.346959652731074
-0.244610532,-0.287204859775118,-0.332997938852727,-0.527087039182003,-0.578061009819409
-0.476046642,-0.463027895534834,-0.576673821067667,-0.448034763685547,-0.354615909500499
-0.382604568,-0.368823005861201,-0.392992908772955,-0.524060397701252,-0.466919177107074
-0.437126892,-0.313044958505097,-0.45668003086229,-0.531525622070709,-0.566149105077154
-0.706912401,-0.345810378189839,-0.51886309230541,-0.52565892813858,-0.676916071349005
-1.002419391,-0.528190646033608,-0.808836179284745,-0.551250406073544,-0.57022629347008
-0.435565731,-0.368478183206757,-0.453117554669004,-0.656733738231685,-0.825279405093629
-0.739482977,-0.420906411218639,-0.640316873647092,-0.627288253993885,-0.490035163227881
-0.456600421,-0.335150918570302,-0.458434410257911,-0.654553095720998,-0.615940854533538
-0.513718656,-0.458151112173214,-0.429155875800322,-0.624252466335552,-0.545976743500576
-0.574860692,-0.462560614162538,-0.514027003718704,-0.611457501049915,-0.619917146485153
-0.771706334,-0.486753377610193,-0.626019624522263,-0.526004841222657,-0.52632851529781
-0.466363222,-0.436595692012838,-0.526718909914542,-0.63908197624625,-0.673792284843933
-0.588679082,-0.397238480662341,-0.469482439200614,-0.57086476207769,-0.608602907988043
-0.776029903,-0.370139178528479,-0.770264158894888,-0.502946525608377,-0.455139599581109
-0.331896293,-0.363794592803806,-0.427988910933843,-0.463948013734112,-0.545343620398441
-0.339409967,-0.326780685320958,-0.226317491355304,-0.514393658065736,-0.383976333657355
-0.329838323,-0.132793768319673,-0.144469687302922,-0.500978031957954,-0.485722791603944
-0.622877354,-0.371858466446894,-0.411158858689295,-0.555427069506128,-0.480965466309442
-0.606099856,-0.342589035213852,-0.449832682725254,-0.605149006667697,-0.670440459515596
-0.785198738,-0.48712176477319,-0.59085691608285,-0.557241150810658,-0.614759142625483
-0.666054548,-0.559370385168569,-0.481911555683165,-0.584423465984508,-0.583165326445437
-0.40525299,-0.325666146949784,-0.418344262191195,-0.532016164790088,-0.553654812113962
-0.452910037,-0.315958689529608,-0.425994822583213,-0.495467624666422,-0.364868923355869
-0.258066067,-0.290092819708925,-0.220589711908118,-0.490732334444126,-0.439104696248415
-0.418685409,-0.239797430313818,-0.331777008485149,-0.441750554914354,-0.377990901224566
-0.448352686,-0.258320483342336,-0.342921187705694,-0.416377117160637,-0.492049691514751
-0.639849161,-0.259303199518185,-0.566698228361575,-0.339933799061263,-0.358076084410443
-0.285536996,-0.275295504482368,-0.426983661022537,-0.404046044231479,-0.413391230774257
-0.33454005,-0.138997091750341,-0.110389557944133,-0.420991368811361,0.0582549958851404
0.64612992,0.238419777645819,0.663566094056577,-0.47396327015732,-0.495657828298864
-0.709482368,-0.287497513160712,-0.430924537535429,-0.224557916153884,0.0708603161943593
-0.390490266,-0.115996350190817,-0.0857158084397822,-0.30238791058437,-0.34900003795666
-0.171499026,-0.305224633389101,-0.643155786387409,-0.158671327559799,-0.285680333546852
-0.269708759,-0.0854834157381641,-0.0274701187080307,-0.000632821303469644,0.126299682462151
0.300458508,0.0396770392125845,-0.175019247434804,0.0636000881090043,0.551808970094618
1.677340383,0.406228172673741,0.74785501284652,-0.166904568276219,-0.0981362383499158
-0.40011862,0.00149968503663249,-0.327164799051495,0.0319321085294337,0.487509788772329
-0.472943128,-0.0571824316421442,-0.370848743082885,-0.0863270810855276,-0.331780662961635
-0.558943573,-0.144748888313097,-0.562400645849024,-0.131704670272452,-0.433815882066332
-0.459139662,-0.143634608707949,-0.187841294816754,-0.468536465859094,-0.45957929232698
-0.339222711,-0.078168575648872,0.201029798617772,-0.536136115947996,-0.544395849402638
-0.610932961,-0.295575654081445,-0.491294044038391,-0.550754310406551,-0.507769370030934
-0.667329258,-0.340967260004509,-0.602400792645549,-0.548523639906759,-0.583683095254084
-0.594938735,-0.360872011475262,-0.542005762023425,-0.515938380753457,-0.621615764438572
-0.633803141,-0.408394184319133,-0.474016895256647,-0.55116645080099,-0.472751243749789
-0.302059631,-0.199030477649951,-0.198292322912235,-0.606190722276862,-0.598240786813531
-0.675572305,-0.340166609794567,-0.419182762488027,-0.495455524187526,-0.151924082342223
0.17931465,0.0105570904943277,0.491325579103101,-0.565182531726161,-0.664015059324565
-0.736216732,-0.699638037786244,-3.13202923905986,-0.365095354388944,-0.22182748852776
-0.522149336,-0.354870423224609,-0.55488677802029,-0.326190689966309,-0.502604721624187
-0.441997848,-0.267205819700747,-0.531760182843059,-0.321019629194028,-0.309774578256002
-0.01101519,-0.292474718380305,-0.107302470648092,-0.503528424293147,-0.474242687091722
-0.51535166,-0.195502110858531,-0.733959667287719,-0.287564255980893,-0.219722628479625
-0.421568132,-0.178146135939103,-0.460077550498993,-0.308316777920774,-0.236116423131893
0.037561269,-0.117180876485619,-0.0878715545639292,-0.377144012461763,-0.394371639634493
-0.334455495,-0.225580137026877,-0.248881162374041,-0.336971189149624,-0.278270983855625
-0.568741017,-0.535069239256183,-0.665351395918849,-0.291721995004416,-0.281895882335576
-0.235632157,-0.16992474127803,-0.556705705852793,-0.383251990653381,-0.511595147112068
-0.480050384,-0.511462531473348,-0.572766368488125,-0.485895674066432,-0.434090269996111
-0.591526032,-0.492320657191337,-0.599035945224551,-0.516476962193559,-0.511875501172351
-0.576514131,-0.410338271266417,-0.497410276799342,-0.512810312044557,-0.564431015898207
-0.568492719,-0.332023207145639,-0.448243805586558,-0.567974253842743,-0.538818217036085
-0.482875481,-0.307359060506132,-0.378487106076049,-0.537390667263254,-0.59004842195106
-0.656115584,-0.387313065071205,-0.533209510346046,-0.513348465359453,-0.424071023242337
-0.301637971,-0.198232793366213,-0.319014543388523,-0.557624827683751,-0.635611067655129
-0.678174698,-0.678430489698648,-0.628061637544107,-0.443288088287394,-0.384380875666225
-0.425540141,-0.309083557886081,-0.474266495202055,-0.505591255100858,-0.500705016269563
-0.333350764,-0.232563384988637,-0.330360247378747,-0.475500943186559,-0.52454711691256
-0.620504608,-0.156988165866677,-0.550890568430692,-0.380922884845571,-0.394256722965078
-0.51038538,-0.0289580575040359,-0.115718563079594,-0.294435570929913,-0.299955993552826
0.000553246,-0.240153063996845,-0.161585959013251,-0.457336949336494,-0.327975845316883
-0.061685568,0.105630017182076,-0.0409103934539621,-0.219340671203578,-0.314173946607695
-0.720166997,-0.146673612018596,-0.494382792321317,-0.245641515352589,0.17274461005629
0.630817484,-0.233435595509904,0.136801877236032,-0.506715420328302,-0.733219449760643
-0.844357642,-0.0553635944742877,-0.643268374405701,-0.177947003852195,-0.201522974006195
-1.06933582,0.0627778012601609,-0.225815683303348,-0.183385108940506,-0.115789405894563
0.555363727,-0.0375087233708067,-0.0777484065038319,-0.464682727158919,-0.677979245055198
-0.398774686,-0.139256522198721,-0.100046585116311,-0.174378611801368,0.126264051607515
-0.076967268,-0.0753534503187543,-0.254254290395991,-0.143602257501922,-0.155959108421706
-0.03996838,0.131545499831673,0.246867029909205,0.0416995336289918,-0.011986265836073
0.080683793,-0.0163757806386348,-0.386891673060026,-0.0815995010606488,0.0299675970540216
0.158969379,-0.13490345825164,0.00932257124693732,-0.161321027438186,-0.0525200657673506
-0.098346267,-0.290558360831755,-0.351844020835144,-0.228500145353858,-0.203003659335196
-0.500315188,-0.249595037611708,-0.616661471591496,-0.0590009921117843,-0.447689026371688
-0.996405661,-0.337536385328164,-0.701821269174191,-0.0724921040589222,-0.172183898380037
0.12258719,-0.109547864322178,0.0329752438277727,-0.283086568576958,-0.502516668991417
-0.11923204,-0.265490647522963,-0.155521677860446,-0.316883489857764,0.0119799753999394
0.177424746,-0.186766262255366,-0.061037639023471,-0.409525096883686,-0.367215881246362
-0.681728903,-0.0510081690357252,-0.317472411656194,0.0405899801649672,-0.0946063997005966
-0.519865158,-0.0711495602436811,-0.0737756052223391,-0.137978894200994,0.113007618720961
0.98323216,-0.0745849217647656,0.49956348225741,-0.281184198910652,-0.431366271647887
-0.431851615,-0.296053136067626,-0.421893100133034,-0.11761347733083,0.478706216960286
0.144469984,-0.0467106078447273,-0.229340378283945,-0.10149572571811,0.132393449128559
0.673622836,0.257816710177946,0.603385116010075,-0.0700459760487771,-0.138695512202066
-0.414363103,-0.125761546328724,-0.212728032863035,-0.0692275163567871,0.259547295744279
-0.012886124,-0.280532010038825,-0.141861051612134,-0.0331798384180029,-0.316822592914406
-0.625474396,-0.235580888323911,-0.19360131866741,-0.047068037522409,0.516026283414903
1.378086927,0.166710132830921,0.396767985563293,-0.385415849657741,-0.565475606182589
-0.621714727,-0.114001976216444,-0.367179839963538,-0.33524639127961,0.334553495616406
-0.355831934,-0.355495246286593,-0.315111893605017,-0.493792811537966,-0.57923795477094
-0.846624785,-0.474882208357919,-0.910950916842012,-0.262471482231542,-0.424744634409702
-0.520963612,-0.364726549835356,-0.366659712139593,-0.42823335683465,-0.551477641872777
-0.29452745,-0.427490384496764,-0.295285496136492,-0.53886725182456,-0.543822695951793
-0.497963465,-0.0684438990608605,-0.461391629514957,-0.458383944994834,-0.51882484978598
-0.798802159,-0.204249156532648,-0.0966577236019343,-0.345991631745333,-0.317963714127558
-0.159400073,-0.0423450246791661,-0.252415539792037,-0.354576835804488,-0.465064161056859
-0.215629276,0.0213716863514062,-0.141050000017936,-0.199313933732645,-0.113401595779445
-0.046276392,-0.149654254760227,-0.0136602624491116,-0.198175946260657,0.0913610246840044
0.563133153,0.290917764949585,0.359009992063562,-0.159558397702062,-0.287890387680171
-0.604902312,0.0139936723457267,-0.464216857329836,-0.00202466314914582,0.269901796109116
0.131690459,-0.148233406913405,0.0888513697791083,-0.118243161155193,-0.355538932365546
-0.301063574,-0.39558263165932,-0.538298931874918,0.0208525591459516,-0.0147264107264572
-0.102503474,-0.0590994033583048,-0.44653763793951,-0.197164476772244,-0.0835443074513763
0.170372106,-0.263104408688453,0.094417530349674,-0.308560870146221,-0.271658798870012
-0.360380593,-0.191075568497238,-0.421945814885405,-0.307193487700039,-0.3118412180509
-0.779569738,-0.482001883231219,-0.452835781685315,-0.256319438543385,-0.434085445135166
-0.633561693,-0.220353816741357,-0.543451938316585,-0.299933321492877,-0.493649719072893
-0.302579139,-0.122914151005679,-0.248867790704514,-0.395267455516533,-0.402997167430802
-0.197144638,-0.00706581215435199,-0.0255993806662945,-0.334601729856093,-0.156703794428988
0.055672015,-0.216069185388149,0.33835940121179,-0.317360227664125,-0.133141529067163
-0.045442811,0.0949941669667427,-1.15775509926571,0.00725703022825333,-0.0159247617268796
-0.191893524,0.0483075336001816,-0.209608599773082,0.383211908784178,0.37181800962085
0.770212488,0.0845600282892139,0.205709568493186,0.228103052982219,0.333507735530642
0.907611517,0.364151803561438,0.516026288811721,0.374955679075022,0.528221874731943
0.362687312,0.110472114841419,-0.248071121646769,0.306269747067765,0.828449212557639
0.967464688,-0.0143568825216212,-0.123433857244535,0.243945358440059,0.114130383485379
-0.218657235,0.112140079495843,-0.243164869415151,0.322472462128362,0.36377287673504
-0.205902895,0.185769028331411,-0.225204231415314,0.00802599426222686,0.0217872113590195
0.18613072,0.10657327091966,-0.0879755566027482,-0.152203242322085,-0.298181733813955
-0.430298692,-0.0910096238156572,-0.204985428691442,-0.187556381665572,-0.0933846758491003
-0.315065586,-0.124819750050058,-0.224822623305098,-0.209346011777747,-0.338789402844042
-0.378919824,-0.194214416605671,-0.340727913985783,-0.127872200989886,-0.190921845092474
-0.067148456,-0.0955682885055694,-0.15118400756028,-0.299691848372483,-0.201642790026049
0.01980689,-0.052514085754655,0.0161854105880297,-0.315248391945836,-0.223403731859158
-0.274002059,0.0505941323859116,-0.103670213974367,-0.23786932614192,-0.337642661584395
-0.710557585,-0.0864038163010076,-0.649898190631083,-0.265810023249543,-0.35375599022553
-0.444623786,-0.289760016162797,-0.43283017899655,-0.495136614106474,-0.641795239010225
-0.589817971,-0.0990289929322843,-0.325975088717909,-0.346804862596891,-0.714638894567827
-1.189373625,-0.270254459692599,-1.27464786837778,-0.224658358848243,-0.101213565794539
0.425600319,-0.0710772978386963,0.171300381623122,-0.522786454754049,-0.520932404970221
0.192358127,-0.0623195795444675,-0.014968188097849,-0.562779042201588,-0.262672376842589
-0.715613043,-0.0398982037507425,-0.413464752930096,-0.500734709893695,-0.284544805219351
-0.820272866,-0.0256247315237918,-0.469652081023331,-0.278024885492127,-0.506282427987698
-0.596526378,-0.176517227344429,-0.340064907127852,-0.361222629145861,-0.146047984495234
0.415247879,0.346525336387995,0.408289127596716,-0.246963764201986,0.150990562762558
1.196229027,0.45342705605357,0.907766226180918,-0.298320866606922,-0.171137733702398
-0.625020597,0.0598818012884153,-0.500412665471189,-0.149596371423516,0.293673137013187
-0.459803094,-0.372652220566016,-0.328629830065764,0.0308204013607826,-0.444990925986043
-0.45663483,-0.0549634648504009,-0.407011121107253,-0.604250428068649,-0.653285104244218
-1.067375476,-0.160319577616079,-0.868896633138244,-0.411144859306336,-0.0691202936881778
0.447061175,0.0594670917522387,0.336769128795883,-0.539957340293744,-0.698311966554189
-0.424861339,-0.197761103229536,-0.410543739090183,-0.558269863066319,-0.0822757456546746
-0.335952952,-0.212357340411955,-0.331883378382785,-0.299566402903366,-0.538372260235898
-0.935533144,-0.522731107176439,-0.798759449233964,-0.114491983632731,-0.0187207556475792
0.358561936,-0.0194172363401193,0.160720231681907,-0.0674694183378359,-0.448715663485493
-0.293241519,-0.0558590591936607,-0.43438644090638,0.0379044371799178,0.746380775448845
1.61454484,-0.315509073333545,-0.914037131834652,-0.286845183482137,-0.303919768211626
-0.340419068,0.000971059911410034,-0.0691793012971737,0.121648648117972,0.349853864862444
-0.676947216,-0.261899297318492,-0.211168408359957,0.0216724504444163,-0.257238948515474
-0.39599611,-0.150063857289929,0.38500855053929,-0.11040833436227,-0.592322008076856
-0.637870721,-0.152192220125242,-0.530763856575213,-0.474567671817007,-0.391562210270642
-0.338776282,0.196327262409712,0.0866191593625922,-0.319739313203838,-0.537085614756364
-0.6589783,-0.163943066313013,-0.574818162403424,-0.246682753998562,0.116934979945123
0.789783602,0.0465425432033347,0.435162235047303,-0.335695648593133,-0.503631742473412
-0.500479384,0.00305426082611752,-0.487220976802925,-0.102751503700123,0.40664713972739
0.367635058,0.0128658202756027,0.410522372486026,-0.231748890605218,-0.429690659439393
-0.535536355,-0.196169625415637,-0.34124979404175,-0.124917369709313,-0.087710404771322
-0.45822345,-0.111907975321133,-0.40863267715082,-0.308499009082747,-0.367015514212816
-0.33512128,-0.0907114703920176,-0.0886280102662275,-0.394530219760392,-0.33673715619029
-0.159023532,-0.200160259836188,-0.156259189963014,-0.44658152178327,-0.464585619589839
-0.608626083,-0.0798287932168002,-0.17578714269374,-0.420317656137439,-0.290841736731255
-0.347043744,-0.262642308188354,-0.231677595147976,-0.470472359822311,-0.601587474278157
-0.671997841,-0.232848527850304,-0.427638989603109,-0.517799038294194,-0.476229589818583
-0.587116287,-0.260861242161387,-0.402745273995378,-0.499209897470862,-0.569229559379833
-0.708237954,-0.0278900966842439,-0.607624980261068,-0.368027485461874,0.00769556647040448
0.761243775,0.295525515246745,0.657685626373177,-0.46874045194848,-0.473916409932917
-0.244046723,-0.195312431700642,-0.405665660116524,-0.344149096693718,0.107064838336687
-0.254363657,-0.200815607140843,-0.173945852045743,-0.456219904924975,-0.440157790712099
-0.802362083,-0.333638655139358,-0.558422524599951,-0.330048142678242,-0.358776611377535
-0.475468536,-0.332036187051868,-0.449037297766053,-0.559668635637848,-0.619770299137716
-0.491643724,-0.398386019735944,-0.371215702415797,-0.530767412182378,-0.603745825590609
-0.752268737,-0.261970404217184,-0.561586872226678,-0.510682308613329,-0.435144961778375
-0.367926523,-0.371450743711701,-0.371826140089483,-0.505313828657211,-0.565966986934752
-0.401091755,-0.264726576847948,-0.267010689615853,-0.501224708950425,-0.467746867996764
-0.512043246,-0.23875721893416,-0.293781517260017,-0.541179387510068,-0.470174123213791
-0.544796695,-0.0986643662660191,-0.539329484514058,-0.412918818024933,-0.492570110377652
-0.678760972,-0.217730691922646,-0.586429189462828,-0.436288855289348,0.0234752171067334
0.812175825,0.087471243808802,0.697637789133344,-0.622358930470044,-0.682260192077125
-0.718602175,-0.200317783227455,-0.681568000228973,-0.433413199224044,-0.0245249629905936
-0.66981717,-0.0747053012819997,-0.50963256261812,-0.283032159113533,-0.499489040747077
-0.52058576,0.0918383186877307,-0.380673114762076,-0.333424389002907,-0.43814791634846
-0.14951219,-0.298939665974394,-0.15519392278434,-0.565633328012537,-0.608390308603905
-0.715584514,-0.256454370822882,-0.316972113292403,-0.537635443066047,-0.333582723540681
-0.37493755,-0.246990060189336,-0.477420589165296,-0.223175633173527,-0.788009366815725
-1.293029285,-0.0264960936998474,-0.74753185587188,-0.0970476951447186,0.33486114420838
1.367131988,0.311884588921815,0.889852488123135,-0.627080180752333,-0.840162563127295
-0.521984639,-0.196461082168244,-0.303162418255867,-0.260290972061737,0.242955159993268
-0.518899286,-0.182693114551263,-0.279768628767557,-0.302054076127557,-0.351139535449211
-0.38422563,-0.246953372045838,-0.35587244826723,-0.258453532196352,-0.509888574223894
-0.549591419,-0.260241414672637,-0.492671311439907,-0.422550519664392,-0.423925562797512
-0.483503345,-0.21270440098645,-0.480822192742591,-0.455036315510369,-0.38832298085025
-0.205750644,-0.240144172926891,-0.203840892933174,-0.419517710703702,-0.494320091501408
-0.542570138,-0.265745701782325,-0.456805557137276,-0.489415399664242,-0.248539404314009
-0.155919141,-0.20342562918473,-0.305395772361169,-0.434234610514648,-0.636614762558824
-0.889811836,-0.288511177650119,-0.668671469442992,-0.348717124840724,-0.165001785418601
-0.028053118,-0.117974428102685,-0.0343252465352678,-0.551000612538929,-0.72344296951677
-0.674854734,-0.0713428251246088,-0.456475237954802,-0.517151839652703,-0.356946288567006
-0.499826208,-0.324529549742343,-0.395827722634151,-0.578249221298778,-0.787773472990485
-1.089277039,-0.221396892959673,-0.747841560602555,-0.454822882772471,-0.439320432092211
-0.32035505,-0.248440470431498,-0.0688283175696327,-0.676436861909333,-0.80912395245709
-0.640346567,-0.308602355513693,-0.58079294539518,-0.632792172496876,-0.447642309679539
-0.502736917,-0.42236108169212,-0.42493973773665,-0.607168490472768,-0.454569277180426
-0.246287706,-0.385979172287849,-0.228372732656762,-0.579362159427026,-0.566169056725009
-0.590892155,-0.352066038373849,-0.56553123129349,-0.588156296107012,-0.51551329030996
-0.796653836,-0.530912985637652,-0.740373069507394,-0.415958405402621,-0.495151592757038
-0.489193867,-0.30382949044733,-0.386115651001889,-0.540909737803524,-0.476823525986571
-0.1168644,-0.155191386831607,-0.468240311847101,-0.581135505931279,-0.582858133808682
-0.678672328,-0.183335795256315,-0.541828468702504,-0.47999233915335,-0.286486380148217
-0.372873943,-0.333128956659371,-0.290911922933232,-0.488157433653163,-0.559450855997524
-0.497292595,-0.272638007912842,-0.466435268658179,-0.598689080736781,-0.512003747965012
-0.53173423,-0.186744533360311,-0.352313821968757,-0.551644750449017,-0.790383602646179
-1.317346611,-0.162041386559445,-0.50848665856674,-0.329626727817543,-0.186186821443322
0.258016391,-0.102182048346543,-0.12133656296858,-0.712740842449758,-0.823231654263007
-0.466322565,-0.135255958226964,-0.465675673667667,-0.556965518160799,-0.152175946191124
-0.315950729,-0.219978763540827,-0.347923624242498,-0.535726868145347,-0.446570237024806
-0.486462366,-0.200000692223506,-0.329842261748402,-0.337094164908447,-0.460918924142497
-0.598935647,-0.39908785742056,-0.58359808081934,-0.518245005104371,-0.516685630988856
-0.570317547,-0.352932198703115,-0.49448584179482,-0.540594350083788,-0.576041654664857
-0.584989936,-0.394747913523742,-0.510205300571016,-0.541912548267083,-0.540495577939361
-0.509127697,-0.407204430257377,-0.42278572119725,-0.541701105394346,-0.546989761749037
-0.5134251,-0.394999749208412,-0.422362546791981,-0.558666557719562,-0.508592069560294
-0.476093076,-0.362984368586147,-0.331605722372718,-0.565796138084374,-0.564774632653498
-0.620489759,-0.393266840708652,-0.540648386838335,-0.537408064014167,-0.533203395236746
-0.601108644,-0.194124258762136,-0.468323312373758,-0.494682648407323,-0.545298693898664
-0.578362522,-0.225530543949101,-0.475880836188628,-0.442644465806245,-0.298054006490384
0.04566989,-0.2700642753535,-0.166057102269353,-0.537041669345692,-0.404449348646254
-0.159879881,-0.198271096379768,-0.190755959748362,-0.559767371829761,-0.328478181395253
-0.593837704,-0.303571812018109,-0.519297789569502,-0.465581993073628,-0.41754204755141
-0.739828045,-0.242183119598065,-0.542813688940687,-0.429902493439782,-0.473382469045622
-0.385524216,-0.46710214125807,-0.524315855597767,-0.567888612131407,-0.663393435294391
-0.620000073,-0.406195080823477,-0.555001517631142,-0.615105421869459,-0.52359150458652
-0.608066276,-0.396237848966609,-0.519417527302807,-0.658118446040843,-0.61764018297037
-0.657679149,-0.408783075251293,-0.631339406615316,-0.575975765844039,-0.583387943569934
-0.558494128,-0.542979505289761,-0.549435452157433,-0.653556726903004,-0.61282149013311
-0.542866769,-0.53456878397021,-0.426397413345926,-0.645676803069894,-0.667203016429344
-0.777818129,-0.475640061294518,-0.613154793716505,-0.652136859735457,-0.610469818352349
-0.607953471,-0.721898992568615,-1.05799824093304,-0.712937376536336,-0.894635638533314
-1.102717169,-0.962785555463431,-2.2622241414426,-0.679769859052212,-0.676415267421746
-0.727970503,-0.550831672908917,-1.40163485923773,-0.714650264275491,-0.868491175350091
-0.742493039,-0.761067393425697,-2.26508253141075,-0.684887918822737,-0.634371663522133
-0.472951222,-0.336890423975818,-0.491468892156853,-0.682620176740256,-0.684307342083272
-0.609126702,-0.443117474491531,-0.539608458730865,-0.668107000470832,-0.602729210766997
-0.680002468,-0.480608763012438,-0.546820843677074,-0.66022424013746,-0.675397273963516
-0.773090311,-0.551012045850182,-0.639531762373238,-0.620505920847923,-0.662903085804676
-0.67042851,-0.545162069886231,-0.644893336466086,-0.700217307702436,-0.674417061166852
-0.558989362,-0.452940322888995,-0.534972512194767,-0.720881041503559,-0.729993717055106
-0.804895739,-0.512382642866971,-0.608603095239706,-0.648092398242855,-0.596730434772156
-0.613092005,-0.440534897294272,-0.553455411257088,-0.676934234159548,-0.70097213454533
-0.612232301,-0.521084808303213,-0.573857076621426,-0.687729021180975,-0.687448474107655
-0.771287753,-0.532324186121099,-0.58631818161636,-0.63989678796871,-0.583101455535145
-0.546436896,-0.396586642391818,-0.452975792133525,-0.616583087823991,-0.660132781794709
-0.569661638,-0.558004414129551,-0.531190213752087,-0.618971956515386,-0.581909679288198
-0.584362945,-0.497593051976174,-0.505747558646104,-0.608797686161318,-0.586775089978177
-0.597316903,-0.553877715588625,-0.59746342402606,-0.605885328249172,-0.608322617719109
-0.625652071,-0.516706791015143,-0.584294405996612,-0.60201115272335,-0.639134309858685
-0.694693282,-0.485199265284973,-0.732210585591813,-0.548910051375138,-0.619549339197481
-0.653985649,-0.31666268969523,-0.160058860345452,-0.664493464289005,-0.549007967487201
-0.35971336,-0.220247794931792,-0.398966303361579,-0.495732773452687,-0.691245115457157
-0.856909136,-0.289822331609298,-0.652047038074009,-0.476351028022651,-0.187818681141963
0.13616225,-0.0750780062436608,-0.0525269960571166,-0.565685992210691,-0.684258309420362
-0.576546722,-0.365678048993327,-0.542993710913107,-0.363691020079134,-0.299230750029133
-0.616482039,-0.544642830085426,-0.679551651953682,-0.54794819370832,-0.484779344727015
-0.433122258,-0.234778055884627,-0.407376794229291,-0.46161460650575,-0.66867697914118
-0.75967284,-0.494556734122913,-0.593215953520389,-0.57301321231492,-0.542422197628942
-0.645872469,-0.431546410078053,-0.57911587997732,-0.561914644410796,-0.617408977392966
-0.532326505,-0.349162631805248,-0.46792909299357,-0.536978506437367,-0.554643585243498
-0.436135618,-0.448528375150987,-0.350253681443961,-0.664957841528465,-0.550065897680089
-0.514640624,-0.403713924308789,-0.627881625912502,-0.65207915235544,-0.599304187045168
-0.746804418,-0.442612466536056,-0.644420782843121,-0.611693545156211,-0.621014350838767
-0.752641773,-0.534210897125475,-0.646263368964678,-0.636142846370566,-0.678017000442764
-0.648892391,-0.573210570453316,-0.563334943776532,-0.661008729256937,-0.686122172482029
-0.621792149,-0.497966104037086,-0.542249959581943,-0.732442692178034,-0.656323993510658
-0.634504379,-0.530201913873263,-0.596017872430297,-0.671908230458142,-0.680024371140481
-0.768695927,-0.471038465223989,-0.610706500354574,-0.656034387599979,-0.57872277726148
-0.481826126,-0.372241570016338,-0.44620815572209,-0.675844809024298,-0.755443001335701
-0.809072015,-0.471937055024797,-0.656800214896833,-0.60446640322634,-0.510000622637023
-0.483049341,-0.412699127933625,-0.36069528795829,-0.647939235252613,-0.675056226490686
-0.573101181,-0.438014544044005,-0.4773421557222,-0.623462424743494,-0.586015819907152
-0.624153008,-0.409520384542416,-0.548720132014358,-0.637868455039553,-0.669588789650581
-0.818392861,-0.398628827657644,-0.648608104000282,-0.562293570674285,-0.566298642854968
-0.506448055,-0.451777058691983,-0.48568409946139,-0.631837390117529,-0.682999449256353
-0.596374338,-0.519431130209316,-0.606179829821086,-0.568083025827964,-0.511339919989616
-0.532278569,-0.433184298817265,-0.670776605794867,-0.588527896180014,-0.36656315377422
-0.060137697,-0.111424568976899,-0.00550742607827858,-0.570927657977258,-0.579824482883971
-0.634932604,-0.461937010816186,-0.59440259926483,-0.437588464086066,-0.329934531949246
-0.539061045,-0.336362001120301,-0.480863066675723,-0.484247794795412,-0.511359155099184
-0.44970527,-0.417558937480899,-0.434834695638726,-0.510658523476164,-0.540945572494103
-0.513167774,-0.391013141227748,-0.486769705166207,-0.618143382317416,-0.577066106603339
-0.67037046,-0.431034537341748,-0.6061602728973,-0.607192059193657,-0.655389949091191
-0.810874037,-0.591715770286731,-0.708931323681827,-0.600088005478304,-0.708831897606723
-0.804925932,-0.56521498893587,-0.648657255836172,-0.690431202401784,-0.685531493057677
-0.551970747,-0.433556206102186,-0.485650530358295,-0.748852117780497,-0.786992864884301
-0.792798525,-0.475582706689395,-0.726258327774858,-0.681535029506216,-0.621360118486078
-0.677829549,-0.433907274010844,-0.613632700734063,-0.629815913511893,-0.638018328124014
-0.515874706,-0.446928869001215,-0.581267358249293,-0.64323386111636,-0.596005702764413
-0.480959693,-0.481151775192669,-0.477482572886188,-0.686950326329183,-0.580021100390732
-0.600386446,-0.408008317456342,-0.527015195307011,-0.590981476248679,-0.603928474982829
-0.745756842,-0.413036815119859,-0.564713044480319,-0.535597037440539,-0.571438896491268
-0.55361374,-0.373874318175421,-0.510866526822368,-0.599096923597305,-0.655632585952505
-0.589496244,-0.458683737638266,-0.505887565843918,-0.603651444426069,-0.585129741200793
-0.589753576,-0.462825256350007,-0.511437653050237,-0.624654228100346,-0.594571491739288
-0.592766119,-0.512408336803789,-0.583130171198988,-0.62616637987067,-0.619424210778478
-0.642329241,-0.495358497650211,-0.591261716727666,-0.602406246849173,-0.640757973518834
-0.716547964,-0.47169847951481,-0.599606679577506,-0.597900968021461,-0.584664687916808
-0.516937703,-0.437400860505684,-0.389676335571144,-0.659324720915047,-0.669243347100414
-0.622985088,-0.532165993644,-0.573080318567978,-0.654282839947969,-0.621360499322921
-0.706665466,-0.520152069386059,-0.640354883485526,-0.645746043148503,-0.628975063300136
-0.635545935,-0.488377013754544,-0.588099091878474,-0.65248700845502,-0.701012192056821
-0.717659259,-0.605752805263558,-0.647885477968838,-0.64764271100358,-0.654195415812218
-0.67243531,-0.630067713585495,-0.613554700144219,-0.653708405288061,-0.662500018485923
-0.648037763,-0.576176115218393,-0.586970963289946,-0.648884584809612,-0.56390548349351
-0.397382551,-0.404499136878452,-0.447873804517658,-0.705788624622151,-0.701124471569339
-0.752138593,-0.610119474627157,-0.605924805278439,-0.67098181295909,-0.58599997496782
-0.741838739,-0.566349341671927,-0.62172593251729,-0.640257873570353,-0.705039294506136
-0.746337555,-0.536338089070347,-0.636242897205725,-0.617933257891885,-0.60485271011338
-0.469550116,-0.486372013708306,-0.471195363385261,-0.700893417583146,-0.620226485864797
-0.463257899,-0.450295739145481,-0.469676221352191,-0.679829389643673,-0.594950395240717
-0.669957101,-0.502120519360966,-0.600745088824437,-0.634918146599668,-0.600553628805529
-0.74256456,-0.503299674262905,-0.660529374890543,-0.602438022526654,-0.651651155652074
-0.647111491,-0.497091709104496,-0.497127637478401,-0.656525172664954,-0.741090967211555
-0.783664193,-0.456689532630202,-0.613571835691082,-0.66330502044858,-0.625852000987331
-0.589739335,-0.344314737363669,-0.508144410053582,-0.621136915472755,-0.68698791647611
-0.668585778,-0.361438289728947,-0.55808504510696,-0.609888076114032,-0.443610201438447
-0.174936379,-0.38954870880942,-0.469038494235886,-0.75187025674276,-0.738706049395368
-0.806637637,-0.431874372785222,-0.670324548651197,-0.672596171551351,-0.56069104515052
-0.837592677,-0.371145587969624,-0.72254015026229,-0.663815392999911,-0.900258849960719
-1.151016481,-0.460666449255021,-0.789657740278579,-0.620117894684341,-0.741197071771598
-0.696518491,-0.378640145613682,-0.649691764594785,-0.805209060485521,-0.783968307696997
-0.465550771,-0.279670071627735,-0.573427477650546,-0.789718372535913,-0.6145287286939
-0.432530341,-0.38693818464001,-0.246689515206406,-0.740294567502134,-0.601833196340236
-0.70706464,-0.507576963135593,-0.612319470288778,-0.610232583602549,-0.533131318340005
-0.616038469,-0.497594193279701,-0.604882018688566,-0.641359285867399,-0.662512296467424
-0.670060135,-0.453934459171409,-0.62083213240783,-0.591899891490635,-0.604780180331055
-0.59265301,-0.553475347926839,-0.582761391061601,-0.638256555953417,-0.605103693326619
-0.517446414,-0.464786736707578,-0.461443709957752,-0.674562796226381,-0.65920041652993
-0.710074331,-0.60536399777667,-0.627617281087209,-0.667466312487546,-0.637167713086531
-0.759347629,-0.628780537420906,-0.623302301623096,-0.63169748003275,-0.670096243021074
-0.673071052,-0.54550430686631,-0.568211221842075,-0.65941976124919,-0.657193851278285
-0.553962348,-0.449549316711558,-0.506223542586392,-0.684676257999578,-0.660807833685851
-0.639240699,-0.557302491059621,-0.595957133830836,-0.672674693766291,-0.599958493462573
-0.62543156,-0.567727845775652,-0.591837979380563,-0.638328196216051,-0.630691128662001
-0.62983165,-0.419565871130305,-0.572511687300857,-0.594120763144309,-0.63518737763206
-0.659671965,-0.539583154404408,-0.548830605055303,-0.614586604112233,-0.593460479541279
-0.542363979,-0.440935507781626,-0.486519928671528,-0.66061546504506,-0.649654125649088
-0.619563984,-0.509094150805296,-0.576893065065904,-0.719699885605057,-0.671555159833135
-0.76711235,-0.493018989589467,-0.55117715521758,-0.718309636699536,-0.744537549999761
-0.891722819,-0.64083129161299,-0.696782640166787,-0.644446215144202,-0.773702564391534
-0.916005206,-0.613944463430928,-0.696489207401737,-0.662209410226415,-0.518604305833146
-0.076926226,-0.35364686773834,-0.230769983922981,-0.794763216231734,-0.795616348965867
-0.689081966,-0.358611215357046,-0.621320226863792,-0.677300634582156,-0.422369879643281
-0.66455161,-0.293390256444503,-0.616748467469461,-0.630188586864791,-0.568446116459205
-0.497089488,-0.331679853668192,-0.419864547682871,-0.588444772862456,-0.656554606596572
-0.671319416,-0.467603975529272,-0.565556466655285,-0.588958046046732,-0.544584614750347
-0.57704551,-0.419598469974429,-0.536703888209118,-0.583716489243616,-0.58299476558159
-0.543874612,-0.44160829420553,-0.477213017001837,-0.530622915004104,-0.477002629468202
-0.362020166,-0.321012075007239,-0.363126266231144,-0.525264204552896,-0.47012660282295
-0.383448968,-0.327922554585869,-0.3917304587713,-0.493924748846067,-0.408039109857787
-0.418837484,-0.300373564644103,-0.423268486653389,-0.472874272220999,-0.424983628810561
-0.453453839,-0.350426797452726,-0.532909281089659,-0.461894721722539,-0.473750430506391
-0.518503523,-0.441325408925886,-0.554535906474643,-0.473215004281198,-0.534087059733571
-0.629646167,-0.436876814016299,-0.589060364373753,-0.551194706982818,-0.538837767657036
-0.533204777,-0.292121264164724,-0.512595406419446,-0.599922794893544,-0.694375258863137
-0.815835909,-0.391280985032427,-0.628614785945475,-0.541890715485604,-0.552153278546998
-0.579272077,-0.431299935626847,-0.561099467723815,-0.597568408373951,-0.61086886025588
-0.469240793,-0.380900976379315,-0.430444828878459,-0.558862125635235,-0.463235781433081
-0.270548844,-0.279024207395694,-0.319859076217813,-0.675753152420386,-0.537925485437541
-0.533777509,-0.419662565511329,-0.494886504936708,-0.559660241154556,-0.591719682035838
-0.944216265,-0.459504661018727,-0.669413164111271,-0.491878230971514,-0.507474023112907
-0.486575165,-0.440963704749384,-0.479066418952234,-0.642764429667124,-0.779182527720823
-0.689636869,-0.466136883987484,-0.515425709992673,-0.613263019724685,-0.588229602807859
-0.630634152,-0.487511911291454,-0.479788197673264,-0.658185206429658,-0.651405157152024
-0.664006018,-0.395338982934869,-0.538358152180065,-0.56298070309082,-0.55281918956788
-0.45245154,-0.468789054602512,-0.438920772682866,-0.607347695189354,-0.612612350301345
-0.563153025,-0.432385988609436,-0.499020826168975,-0.587967315571403,-0.530765963833847
-0.553957263,-0.377249393831368,-0.48108259416479,-0.567391298168422,-0.632673026164538
-0.752304338,-0.349687423813667,-0.531193850460186,-0.524644967689776,-0.525622985014178
-0.474312823,-0.49283397181237,-0.329910185201821,-0.626466999891141,-0.67648974372816
-0.629977234,-0.420755246018233,-0.378708022374873,-0.559197874990651,-0.572410334315401
-0.690501476,-0.411125796360142,-0.591785624301849,-0.529568247922296,-0.460599962880824
-0.266209762,-0.183023037811484,-0.129075012194979,-0.642061836226691,-0.615061445350131
-0.496283995,-0.374008702211356,-0.47715830609993,-0.582726825820176,-0.595715330488256
-0.929421518,-0.570021906300632,-0.779042047423825,-0.490509472600091,-0.479926482048188
-0.508116958,-0.32810129843619,-0.461377529632125,-0.432790035450513,-0.620030123154138
-0.389872578,-0.29760848956165,-0.412689377949624,-0.479690061335417,-0.440504931185527
-0.312616271,-0.260934801959391,-0.271667616754073,-0.507591206991533,-0.388631316524214
-0.334389362,-0.0548078135067916,-0.0276517366061451,-0.414709719475495,-0.422281419050069
-0.542653401,-0.320105298640485,-0.475290836128317,-0.429751670727112,-0.350846239643074
-0.316410376,-0.20574150687678,-0.403795030390284,-0.450790624198235,-0.586689380259025
-0.803202786,-0.147308614387678,-0.572708883981369,-0.341056364095342,-0.104093682268461
0.142341134,-0.0776991006881796,-0.114668849676063,-0.341020119482411,-0.312631239766493
0.190740189,0.0284196190525047,0.215943132149722,-0.275521565960239,-0.170770276997885
-0.3440111,-0.170584350581386,-0.330291405429501,-0.398542385540221,-0.118051844212003
-0.39713255,-0.127533274980764,-0.356639699424005,-0.347395100502086,-0.341710584962262
-0.384597866,-0.285462369392766,-0.41380402976049,-0.495178990705247,-0.484584279408663
-0.575231747,-0.340394072539866,-0.539847536545941,-0.515182680650555,-0.533299638395724
-0.685046916,-0.321603654328119,-0.492777468395887,-0.523560774957947,-0.609112555368418
-0.686750974,-0.374493149531711,-0.492159819896714,-0.610902165356451,-0.625397585448143
-0.556036868,-0.448150501317493,-0.518630850550567,-0.616368897609177,-0.721114528904336
-0.84075873,-0.483078288788119,-0.587260762204755,-0.514872475897962,-0.434660025749085
-0.251354517,-0.263150438869271,-0.244431220051237,-0.6828561377734,-0.668906517644931
-0.501524767,-0.252549558800301,-0.327465052725712,-0.552549290521687,-0.535446462221601
-0.81694499,-0.32434505536141,-0.465300482635335,-0.404850251027094,-0.380592972516552
-0.312149736,-0.23182382285709,-0.16491789725492,-0.455169256994522,-0.448036490048122
-0.068404191,-0.191494954187865,-0.12175145609984,-0.503190765275104,-0.430334935241543
-0.470163926,-0.220511229910293,-0.435667487885661,-0.472209168720234,-0.327003210545476
-0.476569988,-0.267890356369558,-0.349327135032266,-0.451314829316297,-0.654428614970295
-0.944372782,-0.589887214792421,-0.579834494956978,-0.391735547489902,-0.531094833550316
-0.664402147,-0.179195085709488,-0.366333415831478,-0.468107681122823,-0.535839889208364
-0.169840347,-0.142493853107385,-0.217665189488277,-0.543721677313102,-0.529411290521031
-0.365270883,-0.288801692493191,-0.237235705392979,-0.561449149604464,-0.299861675391144
-0.333418621,-0.260490944782635,-0.282890293465225,-0.471971267704057,-0.399190842761257
-0.428980938,-0.227968732358267,-0.358497892357544,-0.434386135886327,-0.454263179937534
-0.587515579,-0.366497516312756,-0.500155091863654,-0.410354593830453,-0.4526824874449
-0.509821587,-0.415219313048696,-0.483923543952793,-0.399490388910524,-0.470965005581117
-0.399593327,-0.263075637264664,-0.335172218220366,-0.384797205395492,-0.394369814756249
-0.294028845,-0.267951374578008,-0.316091453365361,-0.348850448614054,-0.279234073030523
-0.099265983,-0.121560764198425,-0.172988289799783,-0.311391053226021,-0.345593295008312
-0.437002146,-0.154764381915712,-0.25258119619561,-0.227298563978825,-0.0896768890605963
0.0407432,-0.171979844318872,-0.128734920754363,-0.278830443758942,-0.471565685673275
-0.658820089,-0.27021236477921,-0.460331031216051,-0.0962923663034399,0.0147280499986744
0.106497525,-0.195545412669331,-0.36915294888812,-0.3489227842931,-0.405397148637602
-0.208176701,-0.1655559086486,-0.214871483817747,-0.316913601669809,-0.231155863063781
-0.44043273,-0.249095717672111,-0.321159015029033,-0.34229243225035,-0.40115901977086
-0.694810732,-0.256833759410608,-0.602638715151949,-0.161434608124509,-0.319283111581192
-0.255694772,-0.246853389558104,-0.360715644930091,-0.356493851324,-0.393499346322254
-0.079713611,-0.176054663546029,-0.212156803213239,-0.422381535592579,-0.38580489050598
-0.482841813,-0.293120626947815,-0.390176306509697,-0.376438263082613,-0.211677537590128
-0.265787256,-0.230680119097912,-0.311412112322012,-0.329713066323829,-0.488658018583986
-0.629358987,-0.242555042719617,-0.447960828539802,-0.256132683660125,-0.193930667279044
-0.064409313,-0.137425231765455,-0.117459332155241,-0.39975420529953,-0.432882243450587
-0.285666057,-0.19459565039933,-0.324649078426538,-0.340778085651717,-0.219151519949549
-0.256035182,-0.28749241461235,-0.44975928035965,-0.415924322546414,-0.395890765315026
-0.522133663,-0.231244912888062,-0.41640600465941,-0.403744975204596,-0.408204458645164
-0.530933986,-0.248937668499007,-0.332160833260583,-0.548206268044114,-0.600840969639331
-0.727644994,-0.307759629097167,-0.605588086721647,-0.443802882041246,-0.5976443252251
-0.772562017,-0.451460659264722,-0.774333787218127,-0.47366497719075,-0.398342967872934
-0.107209566,-0.209711532103056,-0.160731349076543,-0.568223111547524,-0.408911486410921
0.019776013,-0.0388549486093503,0.10675751892356,-0.475809326749499,-0.347261021860281
-0.511433262,-0.279328003320517,-0.470695893489955,-0.381284792482095,-0.188587833936251
-0.353621054,-0.270258968032518,-0.403868419756172,-0.339708526869192,-0.427291532063954
-0.435905086,-0.285742032163875,-0.366350224292809,-0.328101903355297,-0.340524362610617
-0.312852658,-0.289884539796273,-0.418727053509526,-0.396367530684991,-0.376222044441941
-0.316907465,-0.301939687435152,-0.27232276320312,-0.420031237125341,-0.357095233500622
-0.344029184,-0.123834832109031,0.0979804983262004,-0.380019316430897,-0.466215715404769
-0.663999365,-0.154527952697118,-0.554422350976656,-0.350556918502321,-0.333998156314139
-0.313073829,-0.199445661463638,-0.112234220306329,-0.392416393244015,-0.51324448799431
-0.414107767,-0.18538506142792,-0.411457534220878,-0.493380700137943,-0.376017916334054
-0.352474914,-0.31045817984652,-0.347815929534178,-0.503429166826462,-0.516324273717983
-0.65535386,-0.285768972577675,-0.363410021645128,-0.395513166337979,-0.413018094922344
-0.456591553,-0.461368622102736,-0.60845347247951,-0.488895838243357,-0.563890425725153
-0.525841008,-0.389127832817312,-0.380450617890392,-0.525518357399735,-0.471856353914202
-0.419756626,-0.278721328685455,-0.0181087053222583,-0.602506022965593,-0.616796908045635
-0.72559968,-0.208615253424974,-0.419009071848023,-0.584493182232977,-0.543577518393306
-0.635961513,-0.233352878910795,-0.566890279929259,-0.437230360806393,-0.714047762699128
-0.964122943,0.022068354664495,-0.623690759225829,-0.451722689729595,-0.0766137552785026
0.740971859,0.142689492726214,0.282321566451466,-0.759369869002521,-0.925552899071846
-1.019841048,-0.0213773058190737,-0.659190040695652,-0.363252083230401,0.0186747371886744
-0.518327139,-0.306198076225209,-0.421056269425592,-0.219218316666658,-0.445044308720786
-0.087884445,-0.18364616406035,0.102106833031505,-0.292515173616532,-0.35442435857055
-0.076739977,-0.170851558591289,-0.148771815235076,-0.599570155577355,-0.359710989262542
-0.500914656,-0.317996691154855,-0.506985067017381,-0.390952510728423,-0.494698234600422
-1.024433075,-0.098748379077103,-0.834829285847578,-0.3164372355521,-0.318424878825984
-0.11523387,-0.167435132388341,-0.138038650072123,-0.506917113458135,-0.800589248378584
-0.697691282,-0.209377725353694,-0.157884614787363,-0.578621309092301,-0.357322254771149
-0.434947807,-0.090899550914734,-0.385010505296293,-0.633729116645622,-0.6694935942026
-0.733720651,-0.0157550489734145,-0.653661227597132,-0.405868529873027,-0.520157284501384
-0.709565683,-0.0356556178042248,-0.339495001373953,-0.340162215894858,-0.257079000020728
0.190669408,0.142527767378039,0.130039776062899,-0.330490575446001,-0.296549812825662
0.209623224,0.00471034192139164,0.139729632450716,-0.263708830557945,-0.186050326512403
-0.485759558,-0.115849101091401,-0.414589942390588,-0.177186805141818,0.0425669442615489
-0.025786194,-0.0921403234444478,-0.167461056947972,-0.140019776268549,-0.457842810151965
-0.738161928,-0.408256846926751,-0.744382495061799,-0.0452474753575859,0.282523667970349
0.837665392,0.193736277946088,0.428207224937932,-0.431878372125096,-0.544479385722098
-0.45018744,-0.313702623914408,-0.44420995542435,-0.195019198598457,0.0850534601566111
-0.453537027,-0.206347893756539,-0.47812142595173,-0.245938798335298,-0.346888140889508
-0.456548295,-0.0606790183973156,-0.499698497597751,-0.101835613041336,-0.265954518971023
-0.062098763,0.196787423300657,0.197607257844269,-0.389679394837532,-0.393230555888437
-0.346319706,-0.179563979312516,-0.359864209171583,-0.328755246840961,-0.192418182059823
-0.260113989,-0.186286984959012,-0.377220724058739,-0.322178740222894,-0.300164253427261
-0.26272251,-0.155233681602507,-0.250064176391023,-0.322196221722546,-0.349017429174364
-0.434220976,-0.375247463591458,-0.43690139538163,-0.328528336516143,-0.33503620485767
-0.414634867,-0.273466466276675,-0.425507643317089,-0.374355643326909,-0.384752771899541
-0.279798656,-0.418695314239901,-0.454910783143925,-0.506185506426031,-0.617502891322853
-0.830589605,-0.259132501371927,-0.417126712860961,-0.485106764388815,-0.533120452457301
-0.811027749,-0.320599492794991,-0.649918271202926,-0.447269853420482,-0.640067158716878
-0.509542976,-0.14613492816076,-0.207496294524836,-0.637118615329685,-0.802062151666583
