630
-0.326464034,-0.217519729341143,-0.432046704427883,-0.439207700314659,-0.078637027527497
0.092820787,-0.0286925591475143,-0.745135763164833,-0.52541652665558,-0.718030616053719
-1.216410954,-0.870941433223434,-0.47985591476557,0.0416651270784247,-0.0380900500384368
-0.207505404,-0.0953696825337843,-0.244971070483053,-0.315338520013509,-0.301811698735177
0.598212465,0.126231706476842,0.615309005614364,-0.691524918465822,-0.441307256347839
-0.427385913,-0.346692995600084,-0.419459287065623,-0.659971073266247,-0.398857873860401
-1.431948862,-0.395054916015283,-0.922869197093212,0.0146560738830049,-0.278542817502184
-0.475289717,-0.143468519923267,-0.413295157754295,-0.464993281269888,-0.159572718399472
1.248021067,0.0715656762567776,0.709277232939062,-0.783062344835648,-0.692096343647683
-0.843785829,-0.225605758902142,-0.746154234875751,-0.425955098390032,0.240191095738975
-0.540506483,-0.345386927784731,-0.683878149912798,-0.423480945706985,-0.392877260342927
-0.133998804,-0.0312762471826992,-0.170816645209568,-0.516719263219593,-0.607219937494753
-0.71733614,-0.151183595042889,-0.512967666388722,-0.397104727936342,-0.296283768319236
-0.506129037,-0.0651239478334716,-0.517706949038,-0.349820069554481,-0.208836100855383
0.391066626,0.0553837852304087,-0.247699729274794,-0.60467147259221,-0.633314503351449
-0.698721299,-0.308735906026851,-0.516244862364251,-0.602831163260361,-0.361657118874206
-1.000902898,-0.364593582173186,-0.898446367525183,-0.508402655856396,-0.698187601952301
-0.846455173,0.0452207429494295,-0.512045976195273,-0.64231114634387,-0.870347587982499
-0.809389629,-0.549352167613441,-0.768107370079626,-0.807268220275922,-0.824933220144803
-0.808181837,-0.462887918310867,-0.765265782711987,-0.758544449870438,-0.752796719800864
-0.720163501,-0.457672006114029,-0.756075586946002,-0.680521167858318,-0.659882910917576
-0.500330944,-0.307856462693266,-0.735200324122896,-0.800736105827401,-0.649847782873726
-0.451429188,-0.238808510494749,-0.380309707031092,-0.807703969874269,-0.875725296066836
-1.256984833,-0.266171044557858,-0.430462646925452,-0.738873268124821,-0.724398632349746
-0.989318063,-0.54246240909945,-0.831590272903287,-0.759599109607051,-1.04858695677903
-1.015387875,-0.573074168647312,-0.85151340706432,-0.766311191132137,-0.82583483617887
-0.609292453,-0.315254289914078,-0.547543128885435,-0.954526054105389,-0.91453325004202
-0.767875179,-0.523217280728118,-0.854998815766944,-0.780814775545034,-0.873572248932353
-1.167720494,-0.549818519284281,-0.888630941546629,-0.707840734471653,-0.658007310891505
-0.552548036,-0.519080554706939,-0.710641334860418,-0.735549079454102,-0.863207106423712
-0.602071665,-0.556644450554723,-0.823900407868195,-0.897890305126777,-0.681194027487677
-0.666371714,-0.616109575113514,-1.2430112603562,-0.750275171783571,-0.838321572188231
-1.142837385,-0.49435068110029,-0.586404867213279,-0.658327473318785,-0.655675926931186
-0.661983467,-0.261854248763828,-0.644402869748094,-0.56690299860126,-0.838772667403998
-0.804394812,-0.122427335506331,-0.636029428432289,-0.276376345626053,-0.107169966487374
0.538711939,0.126348703932224,-0.0502641979460888,0.146576060379976,-0.226390176629756
-0.813116362,-0.541430747739166,-0.661240257425919,-0.813646557259556,-0.806935562275163
-0.793038219,-0.658793649353974,-0.744291523030569,-0.811282793172543,-0.834162618156994
-0.875825545,-0.59867950234139,-0.745091815174753,-0.779530168457931,-0.768020118789719
-0.735360838,-0.556570283873592,-0.620402219578645,-0.801339799125393,-0.815175083135751
-0.759513388,-0.527940688988702,-0.703564564048113,-0.835914427232895,-0.780314224440373
-0.703199224,-0.55871216851383,-0.629436372584449,-0.904486123843333,-1.07364849993141
-1.466242515,-0.80114922597776,-1.03351840138989,-0.794856406513747,-0.829535219722337
-0.979816909,-0.603777894783292,-0.803704584757613,-0.803252890643438,-1.05855583589381
-0.783561187,-0.427555317258427,-0.612533241650732,-0.833778585006896,-0.844614720378133
-0.661571766,-0.430616191572181,-0.685360634629745,-0.804758351989748,-0.714321634826874
-0.691779639,-0.254893238570896,-0.674879830373924,-0.543130515139617,-0.406889590740632
-0.195380657,-0.163673206270847,-0.708917343141112,-0.59833159232212,-0.219416863383321
0.449596026,-0.431962644199997,-0.29923133986757,-0.657068225186527,-0.569104669488009
-0.887996267,-0.293613817297195,-0.741983668171848,-0.420359373375062,-0.208387162061237
-0.74935313,-0.154904213192909,-0.636280550512898,-0.570833203223142,-0.757235915797044
-0.805821661,-0.181211814940546,-0.677657658948272,-0.718442223006682,-0.791216836123979
-0.706296309,-0.282126713526925,-0.662603976211323,-0.84899689748932,-1.19678331426119
-1.739520256,-0.67576680874778,-1.00396703538174,-0.794908132888069,-0.755197394688281
-0.772299109,-0.283439063591525,-0.561302376135592,-0.884793862259724,-1.24040097119347
-0.912274305,-0.348184932899258,-0.810123520341491,-0.830501998150709,-0.842740684054856
-0.827685224,-0.380514005586362,-0.755675012767115,-0.874651143776789,-0.746441126055934
-0.545381133,-0.431694020629876,-0.547253361136234,-0.826962288863997,-0.818955279290563
-0.783987592,-0.656236687045265,-0.774538380776326,-0.800112857610985,-0.733227612602045
-0.889803705,-0.626319666807849,-0.772351031685417,-0.769082274744223,-0.779277341313732
-0.821044768,-0.526510081348333,-0.685100149753479,-0.679260638864394,-0.787825590788312
-0.746141667,-0.429754176766001,-0.667233366388293,-0.72130862262011,-0.653756277839181
-0.446111729,-0.357488646634666,-0.470105595814225,-0.790109913973652,-0.712601068314333
-0.610303243,-0.612705733356813,-0.948722923419042,-0.777101579687102,-0.739780392682177
-0.994802275,-0.536725464975377,-0.852213173130879,-0.714079734290771,-0.7663719376566
-0.969093849,-0.406446657827635,-0.826015381442558,-0.684457183759608,-0.854984652558022
-0.805085873,-0.313241191856109,-0.63055613734034,-0.76271027475349,-0.785792326454439
-0.582098631,-0.33665514045161,-0.463643210009432,-0.840218094636121,-0.790794176921542
-0.742185112,-0.546575489816663,-0.682150000882968,-0.833634950163242,-0.71560251471768
-0.795363941,-0.509255315369952,-0.628549907145073,-0.781786913176132,-0.815271257199622
-0.933304199,-0.584440392629543,-0.760744954301987,-0.751698337632006,-0.770559414407173
-0.753295415,-0.537829236565584,-0.689582103683225,-0.803787864961445,-0.842868503482667
-0.79179453,-0.393422704272868,-0.593987239987637,-0.792169870181931,-0.72750619011843
-0.65025197,-0.50578860580283,-0.68735383521205,-0.783095287144028,-0.812609083151476
-0.874081005,-0.560710466935953,-0.748372841750636,-0.702520120122633,-0.644450791787271
-0.595183096,-0.555446888947969,-0.582637201440937,-0.744798108868993,-0.794610395011476
-0.753389809,-0.492338652457065,-0.657592102045993,-0.667990450938194,-0.666864163188133
-0.720110431,-0.518738004060761,-0.59553656812133,-0.723070722757361,-0.664946731978432
-0.568481876,-0.313468922080605,-0.466523784820149,-0.678331740977271,-0.732582251634597
-0.798274823,-0.419439966709893,-0.628239045649965,-0.622302147604849,-0.50993266611032
-0.373553391,-0.300605541007644,-0.424226911976391,-0.705633605413443,-0.752993254325987
-0.767957952,-0.33389100679568,-0.61869584026304,-0.527437695012755,-0.502657598404352
-0.616857815,-0.460543478051277,-0.623644629641583,-0.58952458369841,-0.52013675621198
-0.263770181,-0.212756314645429,-0.343033912530126,-0.649592623477611,-0.644117984626529
-0.657555636,-0.325129258445181,-0.504606020106395,-0.447235558770222,-0.48390219245377
-0.750610947,-0.305409935350282,-0.608330386640151,-0.4187321743399,-0.339354231020444
0.029513078,-0.0844562102195595,-0.13929266299704,-0.574927477066008,-0.688166258037366
-0.652370199,-0.376998067765012,-0.660548370846873,-0.505832433188974,-0.351310169031006
-0.658224224,-0.355809692985356,-0.705667876083584,-0.467444716645313,-0.479949170508285
-0.356215399,-0.269369479849979,-0.612253690342381,-0.576054688809662,-0.622295731874903
-0.560497027,-0.471541727163269,-0.654037999580848,-0.657469542580002,-0.611694548575411
-0.85257051,-0.406532211309382,-0.692805601308689,-0.591769957112595,-0.59901289012548
-0.648246215,-0.451220538171868,-0.62344399747938,-0.668922654880884,-0.771594641372052
-0.713130359,-0.458744224657359,-0.560955316340912,-0.742392611158664,-0.775353319352718
-0.903100216,-0.698716031814918,-0.765924371441479,-0.785195817792756,-0.72434851833013
-0.717836158,-0.579046899483777,-0.643173020385045,-0.779282644891982,-0.875513545376265
-0.890180434,-0.693753306983853,-0.745758653800286,-0.773987279091114,-0.772766289033928
-0.822111219,-0.691434077016674,-0.702894523427557,-0.756250024182414,-0.785585578878271
-0.719924152,-0.648043678616105,-0.655518211381056,-0.733760961301544,-0.719137818987416
-0.607253492,-0.565800458797204,-0.594820904318631,-0.72136741005404,-0.678598065045983
-0.620365865,-0.558796853802216,-0.598087800457897,-0.66853990358944,-0.625307603201354
-0.6176744,-0.566314556733158,-0.576713565255719,-0.648846337874177,-0.640699942653041
-0.653095299,-0.559858422020622,-0.595739120220434,-0.647967523348435,-0.659025963880845
-0.694651522,-0.603572651963263,-0.677666362112413,-0.658638169469082,-0.688586936835255
-0.739112624,-0.526911755892783,-0.642371291547618,-0.677751167887539,-0.680763012089708
-0.651930526,-0.547418611399433,-0.671152105999375,-0.709213946522788,-0.764919299831759
-0.817798582,-0.546897634546795,-0.686339983043206,-0.692060218446799,-0.67630846408257
-0.683912214,-0.617891525117958,-0.70225928581468,-0.760048247333614,-0.755499717253885
-0.695338585,-0.542595332976082,-0.654900773030979,-0.767555610648491,-0.767774781173315
-0.837397862,-0.575077636239089,-0.693809502517997,-0.780484599468231,-0.758819493996353
-0.815775362,-0.59469813698636,-0.731334015312039,-0.772764878944944,-0.834870851697388
-0.872146351,-0.602911795633309,-0.695594465143347,-0.785595710179312,-0.781851219959085
-0.733681608,-0.649349825001165,-0.711351431655935,-0.849941715675505,-0.845899610463819
-0.852283243,-0.495485872637201,-0.734959346832132,-0.746525484267643,-0.7221613121565
-0.869365891,-0.289714423823091,-0.653620551231198,-0.676009417098729,-0.25925611442291
0.460301118,-0.00658966623866015,-0.135251295456827,-0.693174896999049,-0.673659024707179
-0.447499176,-0.391934376486402,-0.682960919028834,-0.735314044640846,-0.210358756874804
-0.616524587,-0.242381021742678,-0.543369771019074,-0.638122200413412,-0.698204947868184
-1.120177212,-0.325911746795152,-0.895655684154108,-0.409678918645109,-0.631481246969701
-0.703116247,-0.400966881413401,-0.676125462449961,-0.618548306862921,-0.819551101160136
-0.656056538,-0.334531042203921,-0.607449644316504,-0.627069786203122,-0.520102499027308
-0.278284274,-0.0210108275746209,-0.2628025758694,-0.776835123155356,-0.502992854003953
-0.202795007,-0.189610724431063,-0.340214530659521,-0.680780153615917,-0.711608518853401
-1.178417365,-0.298336120639549,-0.767104506923924,-0.521866230934833,-0.392788295914407
-0.510894933,-0.404643604723993,-0.538337227505022,-0.7134536783847,-0.945438793915246
-0.876158856,-0.366321620859165,-0.672872952294769,-0.682315346383033,-0.664924721476793
-0.74599808,-0.395098484366458,-0.651412031431019,-0.801635643463989,-0.770601068615606
-0.705839385,-0.319931375589888,-0.77414622050229,-0.677507658237905,-0.739743170681321
-0.815051239,-0.378564618261849,-0.696882773114169,-0.740610291958641,-0.448844016097022
-0.067224976,-0.330482700912006,-0.76884907195002,-0.686647069843058,-0.822295225000303
-0.945504469,-0.527429845356302,-0.931363060651602,-0.541006847989964,-0.225373711058944
-0.212908802,-0.262196279992092,-0.279016850631196,-0.651020296526001,-0.724144712814604
-0.623645391,-0.254724672698633,-0.589711471621077,-0.459474295297265,-0.44579645583059
-0.60040767,-0.344866919670933,-0.488513498465877,-0.574911574051949,-0.540562140890746
-0.470918671,-0.439801834530786,-0.465014237988755,-0.553098587628892,-0.6481351274657
-0.733501575,-0.492593860511671,-0.709628496176311,-0.48163921949126,-0.498458247441319
-0.545200475,-0.311752430750173,-0.492556294719158,-0.569152820063875,-0.493994325704172
-0.214741314,-0.296538116870133,-0.297530959099664,-0.590782221475651,-0.645842339901876
-0.757725035,-0.31937493072695,-0.638410265655471,-0.529597814162376,-0.399313138031681
-0.528075267,-0.351685769726908,-0.457306235670994,-0.488883506243336,-0.615714728698129
-0.596664376,-0.394229862394699,-0.570830259300828,-0.532129310883979,-0.409195357139254
-0.187028548,-0.287799910622184,-0.366065299972655,-0.670902782789605,-0.654742325568444
-0.706500071,-0.524950914106039,-0.668332108493999,-0.619981243865308,-0.520600155802068
-0.796041212,-0.545300952302399,-0.69503318849673,-0.615405065720828,-0.709237654885903
-0.81335765,-0.541504851171555,-0.715044024013863,-0.597905635179615,-0.684204834283608
-0.59819234,-0.488644690983663,-0.584650533130471,-0.700001022189766,-0.695842897032491
-0.597042321,-0.436996433199638,-0.538132723545961,-0.698048243906813,-0.571380269237019
-0.500516328,-0.343885647042328,-0.611145174676785,-0.596325892727335,-0.593654809437451
-0.619077904,-0.397868183351899,-0.566662327133702,-0.593205353776337,-0.455074765221978
-0.328568123,-0.368965215598113,-0.150089925067971,-0.628725959616554,-0.68570631629569
-0.793614789,-0.201406763903065,-0.474373202110577,-0.618410044488249,-0.495810189225358
-0.566496214,-0.430798039442593,-0.573744761679251,-0.77700695587488,-0.83272790339553
-0.950853902,-0.394190786662437,-0.781337767600651,-0.694302976769638,-0.719405624161156
-0.86345184,-0.564885615787482,-0.849754893086365,-0.773257477041875,-0.827858613101976
-0.764555572,-0.612106928514984,-0.738230942806384,-0.725875470532572,-0.79735457878305
-0.754569652,-0.462587878856368,-0.62059312161664,-0.740076582267057,-0.672874259412178
-0.532103299,-0.420531885552484,-0.50381588119274,-0.735974507161422,-0.756866638456041
-0.805419806,-0.545016168615306,-0.626179728351377,-0.646317160263945,-0.518726584963484
-0.42680865,-0.295634063022352,-0.397783746254968,-0.702391445588738,-0.746716754675621
-0.725931546,-0.484434859181842,-0.606261277733502,-0.643646259372247,-0.595402029511874
-0.71622373,-0.365751280421392,-0.621600450914978,-0.667582729336455,-0.69048023388892
-0.709237055,-0.415127646309784,-0.607714294172608,-0.58740018492275,-0.653788127127759
-0.684640102,-0.397067261434419,-0.409533175239081,-0.680566345874357,-0.3999937737271
0.0336526,0.0890841494443599,0.120557496747517,-0.729197198555523,-0.74068970854954
-0.813393537,-0.382031891528207,-0.696335571594639,-0.582832903785709,-0.375786278397721
-0.715600281,-0.291686680831966,-0.11912441898422,-0.664331907653923,-0.580209980772857
-0.385472109,-0.385002948595182,-0.474390876623335,-0.665253807835301,-0.790769715364675
-0.947453951,-0.212854915565837,-0.728015215737504,-0.517193629868038,-0.425731097445232
-0.505336696,-0.229292855158882,-0.230329787347053,-0.491446744737399,-0.392845447434572
0.186598991,-0.264484451758276,0.259855688366965,-0.552787799041414,-0.526053190929354
-0.512526526,-0.155515836294032,-0.46301415513462,-0.412084901208883,-0.150308822576676
-0.366889214,-0.0862637185607228,-0.316238877250448,-0.482472769634069,-0.423699946940631
-0.356915776,-0.185276000541914,-0.378568627622666,-0.466163890721931,-0.586437633208398
-0.846441145,-0.183196167801924,-0.498971072751996,-0.418402155746076,-0.439399197374963
-0.545434411,-0.105646172404332,-0.223066427917466,-0.576495863027529,-0.571704602860834
-0.288682608,-0.24432629082351,-0.374140375614385,-0.649681439973355,-0.705170143363203
-0.863733856,-0.31909297441104,-0.728123691607641,-0.583338631272305,-0.48762121963596
-0.645588925,-0.364995852848942,-0.572789351050291,-0.550064915126991,-0.70589133233177
-0.68191109,-0.431623489645259,-0.669090291601112,-0.538368159958535,-0.493544370892958
-0.289251449,-0.190850271386624,-0.242706711919773,-0.6606294399322,-0.589275119825492
-0.548239305,-0.38526829445723,-0.642243097217879,-0.536017863840151,-0.2836864250823
-0.177466046,-0.0630153636324839,-0.010817117680104,-0.548510740747359,-0.488317067272055
-0.42581184,-0.663067134556666,-2.95632944094548,-0.420310950278112,-0.436050378215473
-0.714129642,-0.316403709154607,-0.676266369988472,-0.276631253724425,-0.320048294056598
-0.277269697,-0.261411426410056,-0.476481527352772,-0.375888640274395,-0.360693988422841
0.039214077,-0.373736034784415,-0.724568745996809,-0.573062464460615,-0.462249621699983
-0.534177291,-0.214473729273578,-0.540446862770247,-0.622332825916523,-0.457835151942862
-0.876980004,-0.270357537174438,-0.662685040741255,-0.575529020899192,-0.739328319507824
-1.071940824,-0.4105735921968,-1.85133812204905,-0.640454667819374,-0.776538821963067
-0.738326282,-0.544404423162825,-0.585244687221755,-0.813436874350992,-0.888424055201173
-0.75527996,-0.643714221364041,-0.691938761215131,-0.981322677074319,-0.729908641281169
-0.540417229,-0.299360241069362,-0.540528233390516,-0.968336984131979,-1.10595799617972
-1.574260464,-1.0903802881678,-1.21662740031337,-0.705068099633564,-0.667663757810348
-0.788213559,-0.520720884437361,-0.681858112128608,-0.844006224815472,-1.01893099341101
-0.616971263,-0.488928949128048,-0.631836740123287,-0.780227426040512,-0.739480876291381
-0.584387203,-0.357414187826215,-0.531049917358476,-0.754126678970673,-0.657273962662628
-0.655874177,-0.302351862389176,-0.46576969687324,-0.614930700677062,-0.631291576336379
-0.690134059,-0.459746518686971,-0.664012718360921,-0.623162626123379,-0.592457537078325
-0.465279624,-0.250412994489695,-0.369911828546726,-0.654607483384549,-0.817130681662848
-1.029820838,-0.848466391562588,-1.06545780456861,-0.588091163568606,-0.499939716180323
-0.474830505,-0.392312854215077,-0.553437208437104,-0.713069954106285,-0.802864909929742
-0.64239041,-0.330221474903668,-0.535246746867183,-0.511810443404768,-0.638278928672239
-0.861375595,-0.292209908586295,-0.66365142941453,-0.453284136550357,-0.308086049984725
0.073331233,-0.0751759230092927,-0.0961410340248677,-0.708567746774529,-0.58185070914623
-0.14882305,-0.262213961953022,-0.35419612993893,-0.513215083837017,-0.733427367927503
-1.681301829,-0.238675530137836,-0.781916481289628,-0.176694846244849,0.0117950757315124
0.224702062,-0.0465587303151903,-0.205293145496395,-0.499130368811385,-0.830681357069865
-0.166924011,-0.384044552391381,-0.720009040089034,-0.499175343987864,-0.246572233752257
-0.595746341,-0.109237782474762,-0.704557404838404,-0.415914849522876,0.0591998566871205
0.464861913,0.159564384545691,0.158707500534564,-0.476259106095705,-0.700917351063014
-0.917132353,-0.209119775913337,-0.56158011081585,-0.420083953132308,-0.155198597825445
-0.526161044,-0.388266117738488,-0.583986787558619,-0.567369488508352,-0.963135201156967
-1.318064472,-0.316069068995223,-0.533895188522863,-0.497350916627207,-0.524365102587129
-0.41208778,-0.229629853064877,-0.304488442726155,-0.797564907198456,-1.07334698050574
-1.006263913,-0.0879306013199876,-0.486730143556596,-0.75759781396226,-0.556574977815037
-0.509614757,-0.422845099589275,-0.412393456821149,-0.854220831217546,-0.964568756076774
-1.052612393,-0.456464635269508,-0.681440615542709,-0.679504119970123,-0.617815559836495
-0.580011413,-0.444874602424529,-1.05552384465719,-0.79307976844405,-1.05441805913666
-1.237110399,-0.613116362389147,-1.01684305721551,-0.630807541342504,-0.57496508627435
-0.514679041,-0.399404962612543,-0.596103114042208,-0.764476798755382,-0.814978935553586
-0.47692816,-0.476421420609735,-0.826808973988649,-0.651982686722544,-0.561352251657132
-0.521958846,-0.298693862845279,-0.405906060208161,-0.587581353542286,-0.479868956519822
-0.46796645,-0.0858888310401978,-0.45710918318467,-0.472731222285283,-0.476024603395158
-0.474476769,-0.198172152172917,-0.53033483121137,-0.486702280100354,-0.339637848696817
-0.14622427,-0.37775899067731,-0.76866579636586,-0.476391578538791,-0.502381959204345
-0.590740417,-0.318060522102253,-0.571091961179716,-0.252922392629648,-0.191305226074463
-0.277534442,-0.143368826104662,-0.249150588924901,-0.221277048250152,-0.102982851979102
0.421014273,0.124120376349925,0.363839432452114,-0.388794538324937,-0.26590308238721
-0.145719048,-0.209117460331742,-0.369336694133544,-0.427830016385007,-0.152640580656141
-0.612090881,-0.410654094937916,-0.838826452579542,-0.135358214683406,-0.357191656149109
-0.870892143,-0.279608685302408,-0.736187151916207,-0.167558981918649,0.0778185774361628
0.897009309,0.171992745067046,0.977913711813586,-0.558988796185592,-0.660062327862776
-0.459528276,-0.144534150513623,-0.350833365919575,-0.602606109712892,-0.0451790697170613
-0.77603903,-0.355099905912177,-0.674862932633525,-0.666802296714765,-0.381517076881618
-0.412172593,-0.473214466312263,-0.969565072760806,-0.50034604767576,-0.745098972195188
-0.845072579,-0.378138370031933,-0.7151470841589,-0.607773962715589,-0.454668376367276
-0.406373317,-0.476431235037069,-0.457310399162215,-0.752148873032185,-0.753277365555331
-0.730545203,-0.0255895114636404,-0.43080306979798,-0.512980699291073,-0.561256572013431
-0.721130262,-0.130359554098654,-0.448043487716668,-0.662972980306031,-0.498606179365278
-0.21050544,-0.0320670901136424,-0.216264165842289,-0.606137049854587,-0.784569815079162
-0.996355967,-0.0441604146867054,-0.468467158978016,-0.337964567660378,-0.162080834087124
-0.025241669,-0.266694532514263,-0.336067055346928,-0.483122484323709,-0.499536817704053
-0.067718544,-0.109024689871587,-0.242529759999131,-0.623261771044115,-0.249383295555724
-0.093456894,0.195701131168947,-0.17462084992131,-0.729076509868612,-0.921830681877716
-1.992915617,-0.530019735623351,-1.22179314864624,-0.386273507820403,-0.27528626100667
-0.390742086,-0.485238264738292,-0.400476366763029,-0.69404324183161,-1.27705072421513
-1.119066852,-0.163880507828892,-1.06833216415201,-0.449889288326908,0.0557847541388979
0.905101815,-0.258616773219615,-0.330248226907717,-0.940836410913875,-0.7516301981754
-0.393308769,-0.166899778069936,-0.516850270193932,-0.361938425289056,-0.124766033771388
-0.921617153,-0.554824137855009,-0.988066610306893,-0.245084310864114,-0.386500520811387
-0.569195864,-0.235821940046049,-0.54029501718059,-0.180997788281227,-0.56609693360985
-0.348173256,-0.200950287658211,-0.351613770059932,-0.472260683396723,-0.358784890388009
-0.01095248,-0.0518602498910798,-0.169575126099972,-0.563463488437582,-0.531745118199316
-0.699530975,-0.317439605542436,-0.577558909420447,-0.459713113730927,-0.307084851939768
-0.522592323,0.130731845876378,-0.375804258092002,-0.481629865488933,-0.644378655639583
-0.689326253,-0.197039653145367,-0.705597571647522,-0.415984020328269,-0.594476108102757
-0.728914231,-0.258105481349635,-0.388423687926094,-0.715526504887179,-0.44804175283997
-0.043443242,0.141695174683319,0.119509330973267,-0.904805772064921,-1.00306644649515
-1.312249041,-0.748274963758031,-1.06502894347253,-0.727117398158848,-0.642989731512969
-1.194835943,-1.00335420434712,-1.11060164097158,-0.787482501919463,-0.986963981685768
-0.870246054,-0.499622357402677,-0.729875968721872,-0.717193797790802,-0.916514266039841
-0.724091848,-0.414174302768642,-0.627325092292018,-0.819293848488701,-0.563232829134366
-0.079770309,-0.21765472050496,-0.125693258172302,-0.932364363238173,-0.84672312383415
-0.90840835,-0.342562547083228,-0.506181989558666,-0.678630298533045,-0.650783741145202
-1.213170691,-0.532481113126524,-0.965720426959676,-0.637673972162133,-0.69788607721182
-0.571918037,-0.513774605586345,-0.592733029771461,-0.716014105661354,-0.943584961581611
-0.755103388,-0.32176542291216,-0.411162671678256,-0.640218415870292,-0.643599025111884
-0.739618273,-0.442410907883035,-0.595468248129522,-0.572640997704636,-0.369462423928738
-0.066424741,-0.118192630013041,-0.248701801660231,-0.558514703600141,-0.176304439424621
0.586424031,0.229765364254954,0.0686965326504504,-0.638698317361231,-0.454654189624407
-0.708466471,-0.390237768832873,-0.558308069527663,-0.403662909076004,-0.229081484736722
-0.96495548,-0.351892025344515,-0.819374769783973,-0.578283282517752,-0.636963068840762
-0.603029113,-0.117192374127872,-1.42211572896408,-0.548290760070484,-1.21718781716981
-1.784775533,-0.49554071107148,-1.24435574719576,-0.664200942092872,-0.381352243291976
0.01962838,-0.203468716456442,-0.274517045522818,-1.02750407003482,-1.24646663874874
-0.897140424,-0.109429762132032,-0.554163771950417,-0.791721113202598,-0.499413750853943
-0.820272866,-0.294210197909169,-0.565633071529697,-0.731195349473091,-0.651935503736916
-0.669570424,-0.145634543716055,-0.453074483124211,-0.487300679888357,-0.20274550035844
0.384677483,0.317480523553218,0.406014613840677,-0.320946426453136,-0.0652430246904836
0.679569797,0.319241497657402,1.0362835261345,-0.388005622239435,0.0564654589213903
0.057647531,0.248545440478076,-0.0171415718300057,-0.351830245738502,-0.226056247401122
-1.161751012,-0.514861722177711,-0.7881655270958,0.129230112989419,-0.182179251868078
-0.533196359,-0.0892129844902682,-0.468815486861339,-0.260872220228223,-0.656174712731712
-0.286464742,-0.0929774620372671,-0.358004102195582,-0.577022943104534,-0.640636264361758
-0.670017134,-0.247788978819147,-0.162762343691368,-0.707540102431953,-0.545301070628073
-0.795887509,-0.209076099162053,-0.533610657437796,-0.487177517885176,-0.579011792395293
-0.513810397,-0.319295072738671,-0.519371963731682,-0.562816108926981,-0.723711254253598
-0.711350087,-0.57823178327091,-0.368726849367324,-0.657580045128604,-0.520256318884436
-0.453388232,-0.158396703597049,-0.268624161278212,-0.547334768543468,-0.687233870959101
-0.83808079,-0.250191852485609,-0.799976376163231,-0.399043129309498,-0.159652726729608
0.2783698,-0.353259577897074,-0.202563975642909,-0.556205643796557,-0.617471196437305
-0.438219021,-0.296850789524247,0.0769791981403992,-0.516468030591795,-0.196693668026963
-0.430380716,-0.440880695834627,-0.779783692511128,-0.580215210081479,-0.664952089444799
-1.036743364,-0.356393621207354,-0.735236320928942,-0.194164390085558,-0.522598936580522
-0.795110833,-0.193918221045719,-0.61131194822148,-0.444076048800999,-0.306413999902551
0.503125417,0.238717517238885,0.229610719902942,-0.396010498447137,-0.730254212654351
-0.957715129,-0.31489966837735,-0.85599617269372,-0.0473837487260507,0.722640508888702
1.300326568,0.183818948277221,0.71942130251075,-0.223648967764765,-0.268117679960932
0.314325467,0.263548226841877,0.359178832056169,-0.0487036467419742,0.37796125273452
-0.119570626,-0.127842517279824,-0.103852350514241,-0.124903640848055,-0.234174092319444
-0.935085729,-0.37928014212056,-0.842629858501489,-0.182308822431036,-0.317293180548884
-0.563609678,-0.268880137402349,-0.549357012600152,-0.586441504070436,-0.788052233128639
-0.814390617,-0.409253191965913,-0.763263055377441,-0.652162083322032,-0.576407395608875
-0.523331988,-0.374259451073787,-0.495603810467391,-0.77605186506985,-0.753848408304126
-0.711492463,-0.246913079581784,-0.539524438962192,-0.671152699420513,-0.683075979915185
-0.84726888,-0.4285550279749,-0.61480609264718,-0.612340891670185,-0.623727892144848
-0.584638122,-0.296831735042709,-0.630303098164446,-0.561953998394184,-0.61632818196154
-0.421543784,-0.257482452727486,-0.538678201856592,-0.511982028636622,-0.479532131861522
-0.494778329,-0.0251689578801722,-0.2809827374939,-0.489223909240232,0.0475132015162495
0.774134074,0.31309173127522,0.634144860499528,-0.575821561084377,-0.616506030720669
-0.795013222,-0.269412053308966,-0.601994664553092,-0.199532317796018,0.0624930904302894
-0.486978748,-0.26326037566263,-0.402103809651856,-0.438136868781762,-0.447237131223493
-0.237202158,-0.301651060311038,-0.331827549597024,-0.531064740161371,-0.600504847128155
-0.726828292,-0.406280433036118,-0.642696403980837,-0.499754756481545,-0.408723500185949
-0.509949607,-0.475467363996571,-0.659784559600179,-0.593919467770774,-0.686521406324669
-0.721616021,-0.316700177362802,-0.658473459485426,-0.512401475411778,-0.600583100700652
-0.716488492,-0.421358800145884,-0.66531734638994,-0.58964901985076,-0.54558631827413
-0.343792933,-0.317454990979961,-0.526932169396319,-0.644359623676007,-0.708983837631263
-0.75353089,-0.279753708142821,-0.522022273000208,-0.568033692888012,-0.414352963327495
-0.389364785,-0.124007984224837,-0.412163749087827,-0.637636325944766,-0.678786425356018
-0.684417313,-0.272796230894673,-0.653221378185673,-0.552565469906625,-0.469514507623727
-0.459572662,-0.378961299474741,-0.561211996947661,-0.59763223048827,-0.697934485396789
-0.80324123,-0.234965075725252,-0.54946041752747,-0.530390076078708,-0.463736937571411
-0.402575537,-0.207004433930812,-0.409612774934251,-0.693240962401133,-0.702966072784285
-0.639955743,0.00934962163745457,-0.652080550485067,-0.473451446666932,-0.581154076717268
-0.92099509,-0.415396384957133,-1.19530057643127,-0.52794433733674,-0.0524482099036028
0.711778214,-0.171498048768903,-0.116316533692813,-0.48514640415117,-0.762898629048332
-0.909948724,-0.263259755193857,-0.693736950133143,-0.270933303291761,0.644896375964119
1.029054448,0.393800162001555,-0.425073867125249,-0.535222764262496,-0.547560485471146
-0.354058757,-0.11742313624873,0.0833049611390891,-0.152194462397062,0.0787173269153707
-0.652480799,-0.343021012580929,-0.633709363936614,-0.383156572406397,-0.284027205327493
-0.33636613,-0.246258512859516,-0.467104898076868,-0.463031736075424,-0.613394346472516
-0.604807905,-0.308559565108402,-0.511611689527212,-0.539227031324256,-0.621024712820681
-0.931159152,-0.358127067450216,-0.851925963341543,-0.513045957080204,-0.542380645019453
-0.503861381,-0.276252793276585,-0.530910831452214,-0.641130066096116,-0.726723351740653
-0.535684862,-0.469413442134874,-0.578222745674801,-0.772508078389061,-0.683240360469878
-0.786161221,-0.476584260765779,-0.744926426246713,-0.719074484587015,-0.730971316694319
-0.961814459,-0.511426728645275,-0.836122576578763,-0.753525360153079,-0.724803388581317
-0.644639581,-0.390792674256452,-0.685234904803835,-0.80259958702669,-0.973351286329979
-1.090331198,-0.541878599554782,-0.694439696164475,-0.78132485310346,-0.64352291937469
-0.544522723,-0.196815278255664,-0.404660317686062,-0.836394295243089,-0.970951449371178
-0.977043153,-0.563330950743126,-0.617144923097387,-0.744558621069088,-0.580143643537206
-0.497802283,-0.116778706959675,-0.387001153030954,-0.775994967344946,-0.861005855903797
-0.844963318,-0.553006976815583,-0.730172925821322,-0.663288504044148,-0.549730773628187
-0.516939306,-0.379157031840758,-0.634808617842166,-0.712897026149098,-0.729522037884492
-0.702961143,-0.497041647618454,-0.526012716696734,-0.600662932235332,-0.476510813472713
-0.333607892,-0.461243984579372,-0.419254808790126,-0.694975639413782,-0.706559163218655
-0.748510098,-0.305411606876133,-0.616982944380795,-0.501069255374698,-0.510847834916247
-0.697953361,-0.479909611569745,-1.20086073543278,-0.378971814233471,-0.489336156440081
-0.367054436,-0.257597400996645,-0.489350601734644,-0.513054959619475,-0.257321978829844
0.331720688,-0.128493577299754,-0.0561550437720596,-0.632083394021088,-0.539307407676112
-0.662141744,-0.153302927961858,-0.546307826341365,-0.470283813485052,-0.220967353139565
-0.660006819,-0.348794784134968,-0.578826500689562,-0.495904382777721,-0.599845974121572
-0.650614039,-0.311768197080912,-0.508999279642684,-0.606736517786443,-0.709398404437651
-0.791516358,-0.418950811549064,-0.629744298339892,-0.684510540647508,-0.676228604930284
-0.668792588,-0.304568634409377,-0.662891823281925,-0.738560475333893,-0.834675674334033
-0.951991512,-0.480253603166508,-0.715636016437611,-0.659539128250647,-0.641823598789295
-0.624049315,-0.337201898791194,-0.61806255812496,-0.719009677289571,-0.686328037416837
-0.450822977,-0.390783913616119,-0.455178325123954,-0.610709163215855,-0.592433925041435
-0.53696019,-0.340214638938848,-0.484844607425257,-0.546946326752191,-0.445803624018648
-0.42182182,-0.324596189968191,-0.432064334426499,-0.426819025807872,-0.430501914633521
-0.313857836,-0.314895603976418,-0.370988825452614,-0.468226549223594,-0.436803575580756
-0.39532523,-0.383003890288072,-0.516756684751064,-0.534813773032039,-0.498699198225729
-0.652285449,-0.507642663255441,-0.6100217344597,-0.577025076728361,-0.561420867331541
-0.72140065,-0.506478399324542,-0.656772959135427,-0.604646879925645,-0.718840966039257
-0.838907444,-0.500307891996885,-0.697584130730999,-0.695050675300386,-0.726621416255102
-0.724385719,-0.4971025816235,-0.665627069392589,-0.762971055865653,-0.850956103534353
-0.898450935,-0.458273732722348,-0.68187336526864,-0.789507664821646,-0.767182698568358
-0.764207543,-0.36641595926806,-0.610169252020512,-0.815017552223487,-0.924661668468718
-1.10795154,-0.700018947795873,-0.848204570531434,-0.683559477284622,-0.500528819817366
-0.136596403,-0.294526525581319,-0.238064786744239,-0.819942547575192,-0.876862588795971
-0.668727503,-0.421833840924277,-0.652097471819234,-0.755419747999692,-0.558817104797414
-0.81597716,-0.315995053799326,-0.644732765250152,-0.690950875125381,-0.801961488884317
-1.024887972,-0.582033826590129,-0.763738392293797,-0.657007845072392,-0.802870380501812
-0.851441679,-0.486289697197799,-0.689113982838878,-0.741009900120413,-0.817686410475611
-0.640846129,-0.459423773836098,-0.59056796521626,-0.787428619422617,-0.775121709985156
-0.692312829,-0.405490829120116,-0.59943633946067,-0.748386922358018,-0.636936160966298
-0.563329575,-0.538990773067332,-0.627764374561441,-0.678300471763934,-0.743214304063529
-0.85042618,-0.603362489076643,-0.742128264000777,-0.601141755216011,-0.536965600375604
-0.4561739,-0.466878526992734,-0.60929794250368,-0.709977774662588,-0.751471226348853
-0.652608049,-0.722327740048453,-0.932143656399245,-0.681807527832169,-0.714750776406392
-0.957473712,-0.880413351885456,-3.87809844452589,-0.650114832142227,-0.670185626618834
-0.730968323,-0.52123643207186,-0.873543550756303,-0.64372121001953,-0.747362685694792
-0.571342101,-0.757247908829564,-1.77890450376983,-0.736363293650373,-0.71402866287334
-0.656978936,-0.401246780381059,-0.57548121757579,-0.772899496069046,-0.67302646978024
-0.738045146,-0.478560416930025,-0.66503615213239,-0.674639312645866,-0.722300210135859
-0.838716118,-0.54546443633705,-0.746591337792573,-0.677643810598148,-0.640085241387074
-0.507793904,-0.533206396420732,-0.582654904044336,-0.789134127699173,-0.824002279654595
-0.841601746,-0.615531741801608,-0.727516479493142,-0.662612416947115,-0.647611839151835
-0.768610373,-0.528205600918704,-0.623212118707229,-0.663447221163423,-0.689438403320865
-0.585975774,-0.464608315772538,-0.515547981805315,-0.674936287412187,-0.660564760232336
-0.521604701,-0.460374023631693,-0.522981143640728,-0.740431862534754,-0.655895771112719
-0.672083932,-0.564990539627899,-0.612706990923776,-0.65656381516516,-0.689334181128331
-0.892519974,-0.621910650530656,-0.748443756294965,-0.635857114851504,-0.607695558048371
-0.530877337,-0.440237676903427,-0.475477919040022,-0.711245423852546,-0.803393364894762
-0.752583655,-0.63158503366154,-0.66971029576968,-0.699585975689768,-0.658830488331251
-0.747777716,-0.589724714120274,-0.649334500047379,-0.711485173148768,-0.704526712752185
-0.669388047,-0.60382919176786,-0.624133167908955,-0.725354996153388,-0.750406597293347
-0.760570699,-0.599153968369868,-0.676645444962472,-0.724906209366379,-0.705871287364973
-0.750351201,-0.517389104124613,-0.672895304009401,-0.712504459792234,-0.685230549795217
-0.604800099,-0.272558682349853,-0.463143362975056,-0.777335654387011,-0.734460156598286
-0.705136177,-0.260427817729526,-0.430092266241127,-0.601617558646253,-0.711435767340286
-0.89833907,-0.352116864906938,-0.645392293355017,-0.632780596250026,-0.455668616188475
-0.093698091,-0.110304284207802,-0.143277420722991,-0.821016133602259,-0.895069887209565
-0.933776954,-0.454388137979763,-0.745826319742594,-0.574446607053226,-0.534208490479838
-0.910202957,-0.695403068760478,-0.987807635809895,-0.721738728502214,-0.695906576430303
-0.514227076,-0.322229611791763,-0.480158380855751,-0.676891993225395,-0.880579273461141
-0.899590915,-0.617860599838703,-0.809179869570314,-0.750962549954895,-0.61593445121411
-0.668180564,-0.473079787592033,-0.648341487928617,-0.732994526953395,-0.732567574800221
-0.58705991,-0.393095192401908,-0.522230847752418,-0.680476806005772,-0.733568443506452
-0.773297817,-0.524804228008487,-0.610557408218393,-0.75624513366849,-0.682568704820063
-0.771532782,-0.392116664282576,-0.584225380140088,-0.656578369066975,-0.727317864240146
-0.723532892,-0.443810879486505,-0.637313879263291,-0.660876880342241,-0.690149297351281
-0.588741214,-0.544071313233135,-0.680797557781977,-0.717099632961315,-0.738050605047115
-0.758773482,-0.565721889580176,-0.687041200539132,-0.715125676246061,-0.641493324618342
-0.647312477,-0.476417317300768,-0.617109883194369,-0.712040471297702,-0.777539654237572
-0.825138813,-0.505274376795262,-0.665577588561901,-0.70240740449337,-0.721186594424382
-0.797917736,-0.473467671581566,-0.604808401794355,-0.736656329894192,-0.745152220237511
-0.685893662,-0.395257082700576,-0.569124563315567,-0.675290116025811,-0.755218418226744
-0.775080368,-0.497750953908909,-0.657645427897139,-0.704247436401974,-0.529084243973109
-0.259959283,-0.367316607990463,-0.42577059150816,-0.841052171208758,-0.830402081259764
-0.898034781,-0.565294392458749,-0.766876202911406,-0.614833361099719,-0.611892152108819
-0.926724137,-0.523792071767327,-0.778617078285184,-0.687300551120288,-0.741634447681478
-0.651530478,-0.431081379052494,-0.596205418249948,-0.791656185741348,-0.84090653086234
-0.748850543,-0.662907386973079,-0.709354872261536,-0.843811737095936,-0.796830713447899
-0.945297831,-0.696032956616144,-0.834409690245605,-0.724825832191429,-0.703003503099126
-0.748718915,-0.562489984896741,-0.652628760817386,-0.719662864612594,-0.555697227301499
-0.096220315,-0.134084577217832,-0.117567676686327,-0.778604706248439,-0.770399428910666
-0.781525119,-0.605728872704912,-0.711078365874911,-0.678541055210571,-0.441953964660083
-0.652880386,-0.467289784544661,-0.605649803700732,-0.668936744964852,-0.784294444058894
-0.921780098,-0.616180744353365,-0.775315284057401,-0.582302131198323,-0.633138162985206
-0.60548367,-0.470463223775585,-0.581887125260924,-0.71982746488215,-0.749772458107642
-0.583414412,-0.375874191180339,-0.503727816481654,-0.718545200749084,-0.727826645665569
-0.826363513,-0.601052369519497,-0.744079400338907,-0.682717569732563,-0.650532551812965
-0.723515475,-0.545806391950842,-0.629876216670194,-0.65996164014697,-0.706065373800949
-0.618779886,-0.496075823989799,-0.538128830638479,-0.731299444466708,-0.682878914858621
-0.592296542,-0.472383150423736,-0.583744028530113,-0.723430678859968,-0.746703432664968
-0.916550543,-0.581792931195608,-0.824373298468981,-0.674540834137164,-0.560529427793307
-0.434511917,-0.435087183578074,-0.397632297862444,-0.743306122340323,-0.944072952206709
-1.087043731,-0.609870767330421,-0.882110703277875,-0.650424791633975,-0.567251090165343
-0.633094251,-0.461499874277452,-0.596320613780798,-0.760404513208057,-0.821919240553644
-0.626945896,-0.45014972952168,-0.554093199885349,-0.776874103723151,-0.717271293675923
-0.763703056,-0.438370746333531,-0.574880436506271,-0.747957880613245,-0.642787960290143
-0.612359705,-0.504605756942526,-0.612856925458037,-0.716021844682249,-0.802243182168371
-0.879194847,-0.532446638359508,-0.750687543073057,-0.710857517509654,-0.691475876940958
-0.748390949,-0.546974923178946,-0.640908047975477,-0.782985604702575,-0.803116828906644
-0.75802437,-0.601388316151558,-0.707002755943409,-0.801960503900357,-0.780488746166246
-0.775009859,-0.561531556566839,-0.660719761005488,-0.825746550129808,-0.84520638840195
-0.957380029,-0.722453047695788,-0.754845451396448,-0.753793130500536,-0.779390690846542
-0.803109037,-0.626873874437766,-0.704565822053142,-0.773102808623108,-0.810076233249095
-0.685822804,-0.514610294063965,-0.608346111188225,-0.790542150965874,-0.769403929291753
-0.711163298,-0.583277574387582,-0.640241087066182,-0.789345831700373,-0.727249872237343
-0.738936371,-0.653432464764365,-0.671240017324101,-0.767053153710938,-0.755697720010913
-0.817871909,-0.71439825153054,-0.737993706641493,-0.693929907194987,-0.719920038335762
-0.741394509,-0.64130486431828,-0.654802929370962,-0.715976831281,-0.65271526813813
-0.445759557,-0.427913316236001,-0.416339694012814,-0.771210535150679,-0.779423335742157
-0.81706056,-0.693854822115847,-0.703110733108337,-0.729267280290053,-0.623608151800084
-0.748294189,-0.657463799992965,-0.687851579741036,-0.793232530564849,-0.782920765851199
-0.782273042,-0.609323584251238,-0.691595712872546,-0.789587610188789,-0.817907771819441
-0.896413857,-0.713931293896023,-0.725847033428534,-0.778462152820338,-0.797355684254353
-0.825737825,-0.637638455047042,-0.688697907725785,-0.791702283498525,-0.823323937599511
-0.762003029,-0.644002966757198,-0.696075719442104,-0.824632698965711,-0.817921955007815
-0.790839106,-0.567329698647818,-0.691718514468174,-0.807129037910896,-0.81952548679429
-0.898638925,-0.640204901736417,-0.721194887531311,-0.767121735599311,-0.735486029757126
-0.676908728,-0.524678625520668,-0.611709328654239,-0.700484707359714,-0.799218550366569
-0.747003158,-0.56068877329744,-0.616128615290702,-0.701858120126134,-0.625071249045699
-0.492642152,-0.411048602651175,-0.463514019645377,-0.722335736228674,-0.783034281655227
-0.891556787,-0.596525637845593,-0.70754788003069,-0.536961035567812,-0.488733311294853
-0.45671487,-0.472702320670473,-0.6033260964251,-0.519593341939094,-0.616515919811572
-0.434527775,-0.292215345844465,-0.429878685116894,-0.561903735297182,-0.344838331520906
-0.074413996,-0.293646815857005,-0.481854896144821,-0.644176934934725,-0.598845456272053
-0.766351388,-0.297987238095213,-0.670816430051132,-0.386160360234958,-0.39803062796664
-0.715613771,-0.206832859552904,-0.630051292714041,-0.477431426476305,-0.527522596313076
-0.330619083,-0.415446873484204,-0.698458134423329,-0.600041597791977,-0.698101852045407
-0.675919685,-0.538096835958487,-0.650267213919081,-0.708548533498868,-0.569600131116727
-0.773629706,-0.537683983129226,-0.682925405334923,-0.635736207172648,-0.630535596025385
-0.628262006,-0.469303794929486,-0.580109948496376,-0.6402653430605,-0.690966507588258
-0.6284809,-0.584577339180237,-0.596215637757545,-0.692390902143809,-0.640839947942435
-0.608715747,-0.535465346733461,-0.537431529317105,-0.721643748472259,-0.706910573692208
-0.779069408,-0.662692045042162,-0.711646522179056,-0.720848871609538,-0.70730159112862
-0.795921712,-0.711386001686748,-0.732015155740314,-0.775531340119833,-0.796897215274278
-0.823265811,-0.669384024390355,-0.689288969000596,-0.783500874766637,-0.861449083813857
-0.964949135,-0.667469899198452,-0.731530355892778,-0.782850908654679,-0.785868129732673
-0.749364199,-0.657400671242398,-0.693710353834267,-0.828368386717741,-0.859982814352862
-0.757836455,-0.650724367657351,-0.70987077339539,-0.840893891654297,-0.831968237592917
-0.896170034,-0.556052221131201,-0.745938154223505,-0.787604455059056,-0.793035105379527
-0.86525021,-0.649103131660824,-0.731263751815237,-0.774835457031256,-0.736876735961593
-0.556324987,-0.463590985500289,-0.509556129324664,-0.801967112752253,-0.850070281232979
-0.874790773,-0.56689175478329,-0.698339034243422,-0.729023196305174,-0.600473092194123
-0.564314805,-0.475268423156111,-0.564902989702421,-0.79259046701718,-0.811635237760529
-0.796140928,-0.491155629041866,-0.700420635040256,-0.68611194234819,-0.677481173766819
-0.767627503,-0.567153786275492,-0.728808796498866,-0.74828778056548,-0.709438091503355
-0.64578289,-0.543892606151092,-0.464151734991821,-0.657156966418184,-0.725580656589674
-0.731032841,-0.406189476842618,-0.623770194506016,-0.617012041115322,-0.539349669915668
-0.368725774,-0.288656058702018,-0.374912657385054,-0.711297494396753,-0.697805303013681
-0.671677015,-0.48009830377768,-0.578984638371337,-0.626810937656284,-0.556410619681295
-0.694737536,-0.525990830883102,-0.638239775700233,-0.656345192195378,-0.65286416673114
-0.671598483,-0.43856563710349,-0.620416694819556,-0.563672672299344,-0.678562584740494
-0.787161381,-0.465035145221969,-0.660954451477384,-0.527044172912609,-0.344725201345039
0.058637069,-0.199272520621608,-0.166116052984411,-0.65246524152175,-0.603830061909088
-0.408685098,-0.310412507110388,-0.409686389702966,-0.615033136992414,-0.333280008302485
-0.591431261,-0.298718922710134,-0.476230517066025,-0.526862902953943,-0.505961078578251
-0.710530031,-0.304846083394342,-0.503133595519436,-0.4148253748808,-0.447328343362669
-0.294730868,-0.366970998738943,-0.49113303419253,-0.563226716315843,-0.636627176226375
-0.594510907,-0.446403261183177,-0.564019106089726,-0.607122024131044,-0.445211565535302
-0.488180449,-0.278626935338892,-0.444926362344916,-0.621556581699725,-0.685496059637182
-0.836468218,-0.455763677897343,-0.754448985137062,-0.602352754328491,-0.587881861202624
-0.654516587,-0.532586850890202,-0.597502926498657,-0.711640033693594,-0.795247106584637
-0.838140788,-0.626328674270153,-0.712296900923016,-0.68426769860367,-0.644575580911075
-0.600183069,-0.492082156844788,-0.521725767477471,-0.714758155572878,-0.756095232475611
-0.729859042,-0.589799038408513,-0.642448508828906,-0.6346915751037,-0.576806102963012
-0.504332717,-0.475245034830534,-0.561776794496336,-0.683649290282093,-0.666785988943909
-0.610701483,-0.533414924113919,-0.546449386179339,-0.638212516297108,-0.598833442817937
-0.664028899,-0.52563593920458,-0.600539947172603,-0.638739793465817,-0.62409024600849
-0.660321637,-0.576900547990846,-0.604741471644521,-0.615258658607063,-0.618591021869528
-0.552220493,-0.431730765487609,-0.503250786430665,-0.691940203354222,-0.707969408007087
-0.760781965,-0.617308081200804,-0.64605449792246,-0.698199464136627,-0.65033346592155
-0.725642863,-0.529267363541919,-0.646807073451224,-0.721257115749484,-0.751257283393017
-0.77359402,-0.539821246858796,-0.631710547269716,-0.732197952723727,-0.739952648055738
-0.73758534,-0.499931667780048,-0.628434986888597,-0.782514676735914,-0.804464288161661
-0.833372062,-0.720428992239297,-0.797874145838536,-0.777508812747258,-0.817683770403605
-0.916739823,-0.626724299372518,-0.770994923171124,-0.698205058071284,-0.790459558198142
-0.850832551,-0.563363447180017,-0.711167104192987,-0.685869400167179,-0.577878067195932
-0.184924339,-0.196726024117859,-0.181140018149955,-0.820808959928976,-0.750707400038577
-0.605326675,-0.419740173414801,-0.586803264665018,-0.693831658975996,-0.570740104067065
-0.886168661,-0.440662729699971,-0.687294464478556,-0.654422265347431,-0.619706025409388
-0.6554391,-0.353087955118407,-0.578244809606298,-0.763806410630911,-0.834692134311148
-0.821856828,-0.319823802829695,-0.551585549525932,-0.730888177906646,-0.787779076921746
-0.963398022,-0.369961817591085,-0.706940446383393,-0.7430578119873,-0.647250059188858
-0.446894194,-0.293963008340973,-0.476613625799492,-0.774583342534816,-0.848394976027476
-0.777877039,-0.407766448809705,-0.622502596289838,-0.772631835646181,-0.581966573134544
-0.634563374,-0.400075810700471,-0.520905925117054,-0.805778416416035,-0.715787038250721
-0.675420525,-0.259047821514335,-0.61250202822423,-0.670274409891117,-0.719144388567771
-0.878249873,-0.540111257741388,-0.716233656335573,-0.527581776045346,-0.474107638271829
-0.2530227,-0.292243407432969,-0.0912705166633981,-0.672693337156588,-0.628759309116555
-0.358908133,-0.264954352820234,-0.365900936304626,-0.818674515229053,-0.521753682168584
-0.634792098,-0.355710677139643,-0.580612190724527,-0.710462741622483,-0.717478593399634
-1.159965681,-0.526701286389251,-0.971011778643998,-0.592235245580766,-0.605116459954516
-0.598110282,-0.430110967473673,-0.579268356476983,-0.698955695430408,-0.900124804414701
-0.7591574,-0.480046830495853,-0.652057242956904,-0.700143768074675,-0.601433686578232
-0.520129427,-0.419693461762361,-0.535944906924081,-0.734323134274723,-0.6767188685388
-0.622371091,-0.441086902418945,-0.566368005440076,-0.57784930805043,-0.539235078408137
-0.554380073,-0.438061620905628,-0.639552888720983,-0.526104062249184,-0.483562226942727
-0.336186666,-0.242503777567049,-0.379719346773517,-0.55358919924247,-0.51241748111138
-0.414790483,-0.289285667083718,-0.396796240842198,-0.595258960111414,-0.549379626006455
-0.72941517,-0.376783724844567,-0.8044219188716,-0.512903132305523,-0.565929719095911
-0.775644798,-0.372465559201535,-0.659415065968555,-0.51711466657115,-0.555461598774571
-0.384773573,-0.298521130137821,-0.346793850096699,-0.652682205166428,-0.722906859768921
-0.670930028,-0.256256869191837,-0.484608682279352,-0.667382059085875,-0.600631154236791
-0.769010662,-0.348410349440494,-0.6347076158123,-0.604596334759785,-0.672597536521127
-0.770760816,-0.653399627598718,-0.87188691479094,-0.558256444331025,-0.553033473677363
-0.331919786,-0.172401273203697,-0.32596918065945,-0.614030182570806,-0.633093503024099
-0.551173219,-0.189704971282446,-0.369742963988666,-0.474218910472866,-0.29918656446328
-0.17189218,-0.289235151244821,-0.401056099795138,-0.541291235033147,-0.447559636726941
-0.320213923,-0.257999885525297,-0.327351012997162,-0.466951603143637,-0.428842627792135
-0.627583224,-0.230124086073318,-0.475018820458683,-0.481996190538729,-0.482735641755731
-0.66978438,-0.362719825062655,-0.584719885665245,-0.475673926078351,-0.590310964935982
-0.619629313,-0.417584402145752,-0.52915391263664,-0.505969583551948,-0.57685993553931
-0.494520795,-0.296323476659019,-0.428902460354604,-0.553019537306047,-0.569714929592259
-0.545812165,-0.324321121418968,-0.448367103098623,-0.461214629217732,-0.424804098933987
-0.306429775,-0.264893695031421,-0.334438053588945,-0.577435717936177,-0.520615307665128
-0.450300605,-0.286411007057536,-0.442319958836714,-0.533118161822545,-0.562183482532034
-0.83264285,-0.408257317240523,-0.668987308470493,-0.38481409451575,-0.467006772649959
-0.592637249,-0.394012666103811,-0.609770908243486,-0.378203131370769,-0.374060049987231
0.122210275,-0.215147881478773,-0.208180287950115,-0.607279458791446,-0.573844461061757
-0.503865272,-0.336700510192167,-0.543936802118409,-0.586285644690921,-0.327023049978642
-0.664334724,-0.327293507874528,-0.629488593375385,-0.464254012961747,-0.547781749526203
-0.676890643,-0.346425102430279,-0.663872859809917,-0.52695432466734,-0.626183824988118
-0.588301138,-0.398270319991264,-0.545838628611957,-0.729718021058728,-0.74696075034481
-0.815277825,-0.475961901100901,-0.660329011665346,-0.737758380381374,-0.737949939104956
-0.901212485,-0.523889579055899,-0.654980997004159,-0.700522244698443,-0.756107840188513
-0.736786998,-0.628550584533083,-0.72099130611697,-0.795389284734899,-0.784478585269869
-0.629358987,-0.506023292560989,-0.489419997096948,-0.885838491026191,-0.880973014356087
-0.976528292,-0.674627587167074,-0.638034805133864,-0.827010470539835,-0.901301531233369
-1.211074823,-0.66293680700804,-0.944531068706539,-0.768458232471168,-0.878272492156959
-0.872722072,-0.614860947050945,-0.74843773526368,-0.757376326375036,-0.87542675613082
-0.587034936,-0.391053840365026,-0.471366318959763,-0.796052046107222,-0.736201113936567
-0.538178111,-0.446066989144811,-0.471126078822751,-0.713236160997457,-0.644395563915108
-0.665610214,-0.42209874314499,-0.654509630783793,-0.691078856825373,-0.564693300041531
-0.532653665,-0.401405408665342,-0.616417592040362,-0.620262070980558,-0.736711221182812
-0.944426253,-0.46000187735212,-0.745280606053288,-0.482664971207024,-0.348255981724449
-0.123095591,-0.275955054188723,-0.235437056332973,-0.58512907898378,-0.582322427260303
-0.255979444,-0.168058545712847,-0.290804676918045,-0.520316443348548,-0.324829833276606
-0.368776242,-0.254437667435258,-0.381940505729617,-0.675312583425268,-0.456012951026575
-0.608444917,-0.288557298932159,-0.486263148815527,-0.628346325726079,-0.648072375993029
-0.973583223,-0.394916832638524,-0.608716895114632,-0.537441393413897,-0.675458992763554
-0.751733987,-0.498469023104509,-0.517550760639068,-0.708721845257357,-0.929994116438586
-0.984933901,-0.665667945227524,-0.679318586046061,-0.884780605569733,-0.753856177914484
-0.674684412,-0.209346471130457,-0.562670027334384,-0.807325936929287,-1.00429868182389
-1.143873363,-0.69315854612851,-0.878171975492991,-0.743791383566324,-0.633784683537828
-0.523635045,-0.316436092153042,-0.456780085880211,-0.811143090455702,-0.893073426823606
-0.672843203,-0.416035900218288,-0.555433383367014,-0.701799800539884,-0.75161791609802
-0.96949042,-0.455325683943261,-0.653928966530019,-0.699474061686591,-0.571859158999875
-0.408571407,-0.518067041429821,-0.847685704727649,-0.768709174636458,-0.906656914324486
-0.90561507,-0.461215226190399,-0.773712290348896,-0.720415601799146,-0.642728076179704
-0.803118169,-0.348715559400647,-0.532721690716329,-0.738047523108718,-0.811285138977975
-0.818345504,-0.257620751087157,-0.827900792901042,-0.600782478070801,-0.685637193373221
-0.59604761,-0.303062165352425,-0.52756141930658,-0.548307123751487,-0.593656655347961
-0.474741666,0.0144341348287341,-0.391182276918794,-0.46159046760529,-0.203879581812409
0.349826863,0.202421548394306,0.344076173573719,-0.574006947536182,-0.502315818502372
-0.508311942,-0.0496346688720416,-0.449908833698897,-0.360542081403357,-0.137434391764527
-0.537729759,-0.351482490880291,-0.519145015321169,-0.133109393121177,-0.334487952416223
-0.304833477,-0.219988649903891,-0.23580302649402,-0.268257264902194,-0.296016500224765
0.00061392,-0.215715216563058,-0.213790846412469,-0.471131937586692,-0.42085579835198
-0.53562674,-0.297842932284739,-0.511250879408351,-0.311728066603502,-0.190952567467559
-0.272242533,0.00805877707737628,-0.269020691027443,-0.461102470934065,-0.566479137730128
-0.618970504,-0.380401215400874,-0.552099044410019,-0.562283092167696,-0.630370067266644
-0.992591721,-0.506610059881948,-0.706132513286441,-0.514141554013214,-0.673046865339986
-0.87734335,-0.284451330969337,-0.791705891459148,-0.377702384028606,-0.5617213036074
-0.266883566,0.115744418822386,-0.265859160982493,-0.457972977682838,-0.333156658512331
0.345527637,0.106337483133782,-0.0412068470521718,-0.677579056458231,-0.429268902083737
-0.405605831,-0.367968421070431,-0.554439396643285,-0.662723131294891,-0.394056689731215
-1.063224098,-0.57251618350477,-0.784406338214269,-0.410264760258177,-0.568181468917276
-0.904103817,-0.307323673795853,-0.744065191596016,-0.404542437060394,-0.671950910858207
-0.399878439,-0.362540326571021,-0.362063183127372,-0.750390045790254,-0.635451785170799
-0.278861173,-0.301575046882811,-0.528512613032491,-0.709821936339084,-0.647766556020104
-0.859726294,-0.40398515576835,-0.384138533058333,-0.548502079274054,-0.448302738528028
-0.571691316,-0.293968487727622,-0.535387158747504,-0.597746127510048,-0.728956048771673
-0.640992055,-0.0988257543879029,-0.536700177747894,-0.553367134875602,-0.754558428031662
-1.0629015,0.0489030677419828,-0.609804400982928,-0.607457171886241,-0.328038696074083
0.117122983,0.312868728118097,0.404809123764472,-0.764566125448271,-0.900920291306857
-0.811377597,-0.208289299786829,-0.690539738893541,-0.693452631815641,-0.403053265051054
-0.765829168,-0.199394452646888,-0.548465185035451,-0.641309161130685,-0.698200632801954
-0.772588298,-0.237154276367681,-0.637745108784132,-0.51667076165017,-0.519417536356549
-0.279813141,-0.358236794691785,-0.307718711052253,-0.618058437676201,-0.53646803927472
-0.228713183,-0.350811595430721,-0.514439085742539,-0.563824409265091,-0.538345475707411
-0.798487475,-0.637100174310762,-0.896167704329109,-0.462969664506773,-0.272149307003273
-0.240701477,-0.119895322467238,-0.235443832606757,-0.505663599866271,-0.669978801945962
-0.701850937,-0.331375192611452,-0.632483954104439,-0.431124348630459,-0.21360587031534
-0.097931674,-0.15203341221885,-0.128607218359385,-0.628495888082761,-0.643359190851398
