630
-1.334946989,-0.2677911623649,-0.901816604829536,-0.0552514567320355,1.12698112527134
1.741317963,0.386544325992491,-0.489840621667434,-1.30286476879618,-1.88685718300091
-2.776590222,-1.1382324148358,-0.983550171416024,0.344032180119943,0.676722561497006
-0.057501497,0.0635184989972078,-0.0309706736730675,-0.989561746477661,-0.826731286585837
0.970433554,0.0929544658553067,0.9859672324929,-1.22301162582769,-1.22668964867247
-2.076828423,-0.364057698840863,-1.44137853389457,-1.00791213047045,-0.662282758414117
-2.338010861,-0.470447759159326,-1.44490497591938,-1.05848845923378,-1.17849745540148
-0.405621843,0.17914255516968,-0.311449512024387,-1.31978013297884,-2.32484908380038
-2.765146676,-0.973615056984838,-1.7153115764739,-1.25320119679371,-0.553626072508182
-0.36277932,0.105622139285661,-0.383794048522879,-1.08218786891447,-1.62279560943358
-0.861039398,-0.151802788092804,-0.706705273688233,-0.518190824225429,-0.542014408984555
-0.425894287,0.0631744265633763,-0.996000877758347,-0.680498600928252,-0.569103612496305
-0.283067682,-0.0955273075070463,-0.0193521041640495,-0.464888807398251,-0.45778775414106
-0.536196108,-0.0802570457172068,-0.723772823003462,-0.3863862017668,-0.0667500768486806
0.32154367,-0.0264339439222681,-0.476137311342408,-0.613241130403384,-0.562204006042174
-0.548227481,-0.279161649229994,-0.369176356241842,-0.32545741717862,-0.420364117742218
-1.241119593,-0.284300686818384,-0.845024984213885,-0.411544376260693,-0.163753829801547
0.341809454,0.343798785216547,0.25582355908563,-0.795959830938229,-1.16640382116803
-1.255495075,-0.554922530578142,-1.00746295470957,-0.794911193123231,-0.422649395967695
-0.912499548,-0.45021643630234,-0.797080724290964,-1.02746865754409,-1.16502785293691
-1.407148738,-0.544078106804597,-0.97480767019272,-0.790520739104572,-0.7502550176186
-0.488672747,-0.329823444377036,-0.309859278713135,-1.10997042000544,-1.17503876342546
-1.025379795,-0.340096766512209,-0.74835223563682,-0.948296781862605,-0.782620571218257
-0.960305183,-0.341547540262947,-0.586740136916917,-0.954787093704212,-0.926154745890198
-0.860808706,-0.557721768021912,-0.706218891799376,-0.76701460379888,-1.0024898363786
-1.14694976,-0.588561034207526,-1.10717259561366,-0.868851841491961,-0.668756262763552
-0.346460414,-0.333540644774342,-0.354571898357811,-1.05043796922333,-1.1107099672494
-1.140971697,-0.510764074989599,-0.676927941214763,-0.783397794537164,-0.71480620349282
-0.924469183,-0.582416138022629,-0.64290621152174,-1.12543006311506,-1.13077422582473
-1.168110505,-0.632196263419077,-0.878991344772031,-1.04771109981235,-1.23679804409804
-1.557313859,-0.680509515245597,-1.35461320879897,-1.34243848918186,-1.26138395961793
-1.32401843,-0.742080106687382,-1.11997870281417,-1.2470292845785,-1.62442156802886
-1.864978109,-0.836594180304973,-1.54548792170101,-1.41250693023258,-1.24065404533396
-1.012113111,-0.587539279586235,-0.882710879195307,-1.67946581909809,-1.79894233078041
-1.739276667,-0.753578508160751,-1.27311556172583,-1.72742325246214,-1.67027866532542
-2.225057474,-1.10983849570044,-1.59678915277283,-2.04887734369133,-1.89317835637636
-0.254349207,-0.264484783541953,-0.100909173962742,-0.374560127794136,-0.606167038450527
-0.942189844,-0.520010291028568,-0.775163550153602,-0.391074753912296,-0.351994920707636
-0.415043053,-0.303446368175299,-0.281219776334469,-0.501879151791355,-0.697602271463598
-0.597172224,-0.35805868676633,-0.379179242875731,-0.457461788855109,-0.394442991955583
-0.252922068,-0.271350041748455,-0.0855707916533856,-0.615532335322188,-0.606177995599839
-0.659415121,-0.363484279533095,-0.6470512460483,-0.48916777114153,-0.392269614363966
-0.456008438,-0.304557145460592,-0.506944814424567,-0.536279244659451,-0.619573675708518
-0.658132373,-0.31490790156818,-0.395440407794526,-0.398229101364361,-0.485997515424716
-0.547561252,-0.250330358643278,0.0215145856415453,-0.510030967826864,-0.40936328102857
-0.116288095,-0.224799024659045,-0.14830364998647,-0.463730519981127,-0.575747678030029
-0.654456933,-0.279139665138204,-0.422189856772702,-0.543420209599144,-0.208399652662121
0.098143298,-0.0597656685227819,0.177554604423854,-0.745464673330084,-1.34984473821975
-2.372723538,-1.24513286268866,-1.84697459481781,-0.396389977748899,-0.331919756139939
-0.694942133,-0.349552861675116,-0.655224707002171,-0.790854584610954,-1.23894507274199
-0.465250552,-0.134392597500515,-0.13266393592583,-0.483108019754646,-0.663020055289397
-0.474306993,-0.21404827837591,-0.322180493912253,-0.506203630256218,-0.363227855025863
-0.3120454,-0.216167618747779,-0.199816706323667,-0.49862082169237,-0.0137287152187083
0.690062102,-0.011220864629147,-0.595248090848611,-0.591989573576363,-0.607220287012464
-0.90438391,-0.282998752558783,-0.379970366991368,-0.424831336968726,-0.0921175388633946
-0.748481856,-0.318373061258263,-0.598532004065586,-0.451953617655577,-0.624548027735803
-0.592178913,-0.28387084520336,-0.452237179531487,-0.558335406815269,-0.561123170064305
-0.348534439,-0.337198690386014,-0.237104355984699,-0.706848481313193,-0.595606071719696
-0.557818248,-0.487803540410399,-0.407881872009922,-0.586234368081414,-0.536863403130259
-0.708515961,-0.473286735942,-0.57958670375535,-0.538063325934252,-0.54322975448349
-0.553111929,-0.382307950324918,-0.356562152500469,-0.556478382962586,-0.620303560077765
-0.528786134,-0.374899088758232,-0.308702352165113,-0.642496924691712,-0.649527459312813
-0.721923546,-0.344756704121745,-0.494734513963598,-0.635774226369012,-0.644012944700825
-0.770533743,-0.399978578568837,-0.414560021523026,-0.487220378646509,-0.672750212529951
-0.810873984,-0.31960861402386,-0.745268422492295,-0.345262718589229,-0.253814866803125
0.256130162,0.0802175743554337,0.259844891394209,-0.356188641888353,-0.289367886844247
0.229751779,0.127802460628164,0.448971365603046,-0.227963540242234,0.145407089268464
0.337004471,0.0532637646918202,0.317256739562907,-0.259199967464123,-0.204980572957494
-0.619646352,-0.239835489483846,-0.422381695700593,-0.250299613092448,-0.151642780047545
-0.602314441,-0.318191171353233,-0.491461057287461,-0.43314019730172,-0.603963415865318
-0.749663233,-0.385737144257717,-0.556561717350499,-0.496648836913613,-0.59774264971628
-0.641675527,-0.455124403687994,-0.434274892791382,-0.609148447692707,-0.58321048411397
-0.404193519,-0.326562557561637,-0.245121147848669,-0.664044867368455,-0.653828532508312
-0.626275455,-0.461617066799443,-0.437756290029228,-0.722052030154657,-0.624531034566921
-0.765527608,-0.433611787540611,-0.692178924802307,-0.652074105724506,-0.821314323275548
-1.172084118,-0.542388672392964,-0.94178935606106,-0.525633641109401,-0.52909263520792
-0.28054155,-0.287953242609413,-0.197204045716088,-0.691595072670923,-0.81777548925559
-0.557335965,-0.393142040509336,-0.485995262007002,-0.672794323384127,-0.38392221574111
-0.357532369,-0.113043813483923,-0.145487413823737,-0.517601190523946,-0.46517971028542
-0.529860253,-0.191716348271191,-0.258490024814016,-0.242532563938057,-0.0104865611815366
0.501417493,-0.0165771174139079,0.157082230410263,-0.578926781798072,-0.464614198104789
-0.281786146,-0.132889295326817,-0.302265604160769,-0.356470316894159,-0.430670914625116
-1.383523956,-0.375050935340523,-1.01648695044364,-0.238197510708151,-0.21161357318074
-0.218014129,-0.0264038428557854,0.017860040162887,-0.378507025869055,-0.771909828204199
-0.333020112,-0.21636508973191,-0.101454525929234,-0.395445176804811,-0.371879049029585
-0.419751525,-0.252588645532311,-0.199921732593036,-0.463114400937811,-0.239341996308919
-0.003224118,-0.0802960669979589,-0.0075211236633258,-0.479368450910521,-0.663945515320689
-0.928083239,-0.498358779516213,-0.986591951013577,-0.542696977224923,-0.470181378767258
-0.895939596,-0.447422079652657,-0.699208328862041,-0.749420647430367,-0.782242348098977
-0.678322922,-0.343383258367361,-0.50247090730423,-0.795085804620941,-1.07236758851479
-1.346336735,-0.699141766766882,-1.21142333516845,-0.839044436546573,-0.750933543251417
-0.797772985,-0.422329854509633,-0.537038666688427,-0.82831391532897,-1.00858081173143
-0.861265268,-0.488647634020642,-0.652517851751801,-0.7413204381245,-0.547277552687872
-0.108225746,-0.270564036967548,-0.120391061281262,-0.932317337020895,-0.88705279030876
-0.928312033,-0.664009540832594,-0.774212608016069,-0.702970260800656,-0.520912066753906
-0.826188785,-0.548984059856539,-0.621144573682005,-0.729892954791476,-0.805490743584396
-0.787845764,-0.559645820960748,-0.514811583634306,-0.631012447486978,-0.809567704454309
-0.817631049,-0.645555449226603,-0.56050200484535,-0.766490879186471,-0.725320177043831
-0.654723474,-0.584886330435511,-0.497405593870841,-0.712134762571434,-0.742440135235056
-0.706411272,-0.551583881547209,-0.547870855291939,-0.641224232117432,-0.574040604977184
-0.442761122,-0.50964218916525,-0.333780516912423,-0.682017872981883,-0.6614577890855
-0.614482284,-0.533621758494717,-0.468950703077066,-0.629841229041596,-0.56877745901881
-0.637166146,-0.524772594097618,-0.503455925001538,-0.62323183941233,-0.678364192671551
-0.787313749,-0.605341268720222,-0.530122224649932,-0.643149992522289,-0.625272073442918
-0.595191948,-0.536252916696562,-0.341383274548809,-0.717537054106187,-0.76155582667777
-0.748274939,-0.607381799203142,-0.51410241189884,-0.74945685357254,-0.721041968596926
-0.800747955,-0.645375591719168,-0.595480136723258,-0.803605540834454,-0.83444219280932
-0.956560635,-0.714356541923174,-0.699177636235021,-0.801686437479479,-0.817284292944021
-0.833720625,-0.594277872047165,-0.579176181586338,-0.845683641567136,-0.918743117014124
-0.928346141,-0.609655030442619,-0.578284699314261,-0.822808569886953,-0.813445471177603
-0.776884822,-0.650975730558596,-0.571801315269524,-0.876408427346781,-0.852336010075669
-0.762446442,-0.58812257878278,-0.595862787721755,-0.849526193617345,-0.866377915948494
-0.966638907,-0.610309726025608,-0.76958372939521,-0.767948182459044,-0.76143678526054
-0.734167902,-0.386508759386426,-0.614460702395785,-0.902309112916871,-0.905400077224877
-0.625633431,-0.266326815333051,-0.377133235884786,-0.98625241242676,-1.52298772388582
-2.495695126,-1.30447295223215,-2.30073832682251,-0.821962125856635,-0.856353049323306
-1.162326748,-0.614757558966335,-0.994036074356617,-0.925542378145405,-1.36981785482884
-0.446390753,-0.212973081078365,-0.273489957661128,-1.01167433040665,-1.13328671757495
-0.994977942,-0.517099706116204,-0.927774064323938,-1.03969130931863,-0.622204426735973
-0.734181766,-0.429021773380946,-0.586952483707445,-0.477392080900127,-0.609056118435292
-0.336921902,-0.191061286331438,-0.396380954651072,-0.692565569752853,-0.379872730598188
0.286178864,0.0434333728167417,0.131602341065541,-0.788575908244828,-0.997527276463299
-1.796440723,-0.503464273728885,-1.1380167355318,-0.463754329213841,-0.132307931783061
-0.353851641,-0.18705366874325,-0.393220044108089,-0.700430258712661,-1.24006109831273
-1.040104967,-0.460819657523353,-0.956826302898948,-0.613265922444163,-0.584101581030228
-0.656803977,-0.322953262804778,-0.512309669878326,-0.823410804612708,-0.762407323108397
-0.545298089,-0.346494808128927,-0.433924572199815,-0.676557581041038,-0.679267206932436
-0.673060466,-0.281117347590754,-0.462367617505864,-0.59933723681786,-0.563298611662094
-0.645319418,-0.369002736072867,-0.517143261459406,-0.635582211303104,-0.359066424520038
0.110071665,-0.307349337452451,-0.922263326259699,-0.735401576034689,-0.838176016259264
-1.087729649,-0.452053814985168,-0.911807691591478,-0.471533604520696,-0.350510444058506
-0.794202044,-0.271423342587226,-0.583674317678652,-0.496236432092713,-0.537548872140922
-0.039679719,-0.172390288778298,0.0258856510025675,-0.720790613791595,-0.794569218897124
-0.758539731,-0.467167137493168,-0.504957760700417,-0.680623532812402,-0.512716385255944
-0.840132583,-0.512457993858656,-0.574482775517448,-0.667934529191323,-0.852454311480045
-1.122447655,-0.705802988706014,-0.903526591295229,-0.582284785286363,-0.682699779955568
-0.566288004,-0.332250957510949,-0.321098631983076,-0.568217672155663,-0.770300952763573
-0.598874845,-0.34888042709289,-0.429289490923724,-0.559169676946219,-0.172514100905728
0.39836714,0.0488849313640692,0.449977624950704,-0.546238542083045,-0.439269114007308
-0.246692096,-0.240082518883641,-0.141834872707102,-0.333642039055124,-0.0873121776033466
-0.403859265,-0.230323341442677,-0.237127141973911,-0.380874752514774,-0.350351945994605
-0.456600421,-0.231510801605205,-0.458406247559417,-0.401330164434969,-0.651691374963266
-0.951858235,-0.456231599303197,-0.687724677156861,-0.499594863040689,-0.638892169685752
-0.881592168,-0.48242020663801,-0.703941115760512,-0.635891429061887,-0.720978678952715
-0.521798436,-0.446471185195512,-0.278298231148023,-0.79396194365354,-0.849859872977763
-0.844840366,-0.417673994656949,-0.506176384943183,-0.687265533319528,-0.623964523605716
-0.747580618,-0.39530511896768,-0.54312420290574,-0.671844916843312,-0.525101008492639
-0.156124359,-0.231611251207257,-0.24107737170557,-0.774185961541975,-0.754888983434821
-0.698430718,-0.438102000416196,-0.511524240415189,-0.858280073554452,-0.656381880152658
-1.064006579,-0.496362117272021,-0.760043278123343,-0.884035765304845,-0.856224426745201
-1.058361678,-0.296727930812456,-0.661798928791642,-0.890634934697445,-1.10708387024565
-1.278509465,-0.684177765434796,-0.957632603067425,-0.969877211994399,-0.952725163743241
-0.810450036,-0.537361716950387,-0.591168456911793,-1.14054319750242,-1.17917870681463
-1.126666819,-0.60661214353621,-0.778839453463972,-1.02595079741875,-0.959287626805957
-1.050007521,-0.743991041692305,-0.936130532483042,-1.06813983858087,-1.04621567561832
-0.987447426,-0.537183253636475,-0.584225515105853,-1.06937235008051,-1.07474906693348
-1.077405475,-0.505081210760858,-0.699198663715794,-0.985944360266562,-1.091619567574
-1.314722215,-0.695490467406137,-1.0500631117265,-0.934150548324708,-0.759437988596291
-0.37197677,-0.301963368823983,-0.19781584058392,-0.975379385405377,-1.09628920314107
-0.969241411,-0.544954342313685,-0.709351243332924,-0.834416697691918,-0.558361548075486
-0.555837136,-0.374816954887513,-0.269466077652568,-0.916608234736488,-0.90533909099869
-0.864984508,-0.392004224325711,-0.547870204094528,-0.735622943138348,-0.888463560314821
-1.240556549,-0.519039619479564,-0.814772317663855,-0.783573780294254,-0.796514598332702
-0.74540509,-0.146770631956545,-0.78336821736437,-1.03401560298021,-1.03293156371855
-0.766633511,-0.368542459892789,-0.567727207909939,-1.10457044805874,-1.19135453855187
-1.709738343,-0.443040735544511,-0.941853511514916,-0.963733292705692,-0.783138313986131
-0.753313477,-0.374834751018881,-0.406056388720322,-1.05517107000154,-1.29384201512511
-1.005442844,-0.461825823485921,-0.715515270787917,-1.08405933574651,-0.983479619023661
-1.057578549,-0.471322862816245,-0.792713706795081,-1.05312037329758,-1.13382924067806
-1.441528471,-0.696488331508159,-0.973394672150339,-0.750271836766545,-0.711291157905608
-0.376031211,-0.273496352678197,-0.286783976745662,-0.785114406395308,-0.878157142334436
-0.37548818,-0.129658139653048,-0.0308059716715824,-0.582819924060605,-0.445988007075488
-0.377118556,-0.25842308412347,-0.317868413064635,-0.574474122996042,-0.347520084999158
-0.203020939,-0.134251603895475,-0.0699260090717867,-0.494798989176522,-0.604596672567237
-0.931077072,-0.155837841246952,-0.464507879371133,-0.267906187504917,-0.23986480640198
-0.263049057,-0.187993173788786,-0.10193084439718,-0.352438852787736,-0.501743013559226
-0.127216614,-0.185406726977996,-0.0515290184510473,-0.510162618974298,-0.405880783068587
-0.387514149,-0.312818723224727,-0.306995943012192,-0.665815000512041,-0.531908023800331
-0.917869127,-0.409763018547833,-0.577972826327307,-0.543275808589631,-0.589342263969323
-0.711921463,-0.284304078937618,-0.468703312036861,-0.697210348531563,-1.150400550251
-1.206126471,-0.0916897226944668,-0.917465335334506,-1.07139559366395,-1.84146329516908
-1.809783945,-0.763054050012181,-1.61971136864017,-3.60728981028447,-5.28213367230391
-9.976731608,-4.26285423935052,-0.884791820147528,-2.57751519730676,-4.01655735744729
-7.091214601,-0.7403206073136,-0.525144467142205,-4.27598387042405,-5.35710680990145
-0.786429435,0.000606773377414493,-0.562491032358234,-5.35395395509394,-8.03129876091987
-10.15732716,-0.824709248192677,-1.50921952528277,-2.90834520841235,-1.18379275864883
-0.548296514,0.157144226603864,-0.37332926594511,-3.08376545324489,-4.8906941804271
-0.831635965,0.0708632224459902,-0.625589305040882,-1.60928677502763,-1.48308086251421
-1.231816994,-0.103292661558948,-1.08156838970332,-2.16449415821802,-0.88209652297393
-0.833884995,-0.527550648203016,-0.646976740118493,-0.750976415617662,-0.859721902477848
-0.601182572,-0.591799247671675,-0.754157672724587,-0.711483218693764,-0.494967409620869
-0.020489753,-0.150168230367474,-0.0340675521567667,-0.8050434866245,-0.604338876386846
-0.528817407,-0.565747415077662,-0.701866699950357,-0.687878367490747,-0.442472771142949
-0.772408311,-0.503317790166331,-0.653938826483032,-0.642233799474051,-0.614937369596719
-0.754525511,-0.441752910871448,-0.6422248852825,-0.610243374205095,-0.770169354964529
-0.870487919,-0.456592696214575,-0.516416747160232,-0.695262173294932,-0.621552688088287
-0.408733183,-0.269567583431157,-0.255164615004289,-0.872267516225298,-0.910951349281791
-0.933933129,-0.397385150131787,-0.694546835115379,-0.907610786216253,-0.823015608846359
-0.985513534,-0.296848188617255,-0.672319759326811,-0.923666492393373,-1.54258393305279
-2.459239562,-0.939161062095109,-1.81858132903253,-0.873673632099541,-0.915776848023887
-0.810004979,-0.329359196529057,-0.679871453085144,-1.27444919449951,-1.70325882926345
-1.154160063,-0.28855062839982,-0.79548275776496,-1.11292154396549,-1.14499362466667
-1.348353894,-0.204988337679888,-0.744631386933812,-1.26001664818952,-0.967677146248357
-0.607182607,-0.236430265815469,-0.930894017241549,-1.39411660301098,-1.60684019472826
-1.914782817,-0.631890467396067,-1.31868930077328,-1.22844620581406,-1.25602834100161
-1.829347192,-0.614575527825987,-1.37163487085135,-1.53000431117069,-1.67914154207875
-1.552996247,-0.623838925808319,-1.25769674506377,-1.38335506336048,-1.9199397506629
-2.212713635,-1.10665483371441,-1.80172820012884,-1.58469760859589,-1.27555305148787
-0.82225886,-0.294353176618647,-0.687085142342168,-1.71267761031325,-1.92612796675899
-1.768929987,-0.507809551724582,-1.07815454377667,-1.53192412205699,-1.27135478672556
-1.468585068,-0.692835933937702,-1.27426552336567,-1.59614626165126,-1.75321588792722
-1.957872939,-0.939118683360434,-1.60916468764197,-1.39093898422123,-1.36872728397418
-1.207424024,-0.602817188724768,-1.03323041860114,-1.48685285314036,-1.65946400587502
-1.547741059,-0.837120409321198,-1.38997739868037,-1.54562096760401,-1.03689767684494
-0.567831225,-0.24980653854084,-0.435901958636296,-1.68716852756128,-1.69492995462285
-1.878729028,-0.761742961832085,-1.51776847853224,-1.58363611395384,-1.29086457735286
-1.79481938,-0.673297464353352,-1.43282916473559,-1.66895392766294,-2.00749663673759
-2.415976291,-0.653701520181736,-1.28914080078152,-1.5682184036137,-1.75065299757648
-1.701726522,-0.788758993098786,-1.44845673324436,-1.88919697988497,-2.07292706372682
-1.884661069,-0.754058204124398,-1.58957713396631,-1.85912087129313,-1.64053747231406
-1.425485277,-0.646599280071219,-1.33963088557934,-1.95455631907379,-1.85168990275302
-1.812414412,-0.634565447162944,-1.35323056349702,-1.80568581523843,-1.71780005585659
-2.004745163,-0.289694459650119,-1.03543910343377,-1.64801735363598,-1.67973262859667
-1.788218471,-0.56753567059863,-1.40721605519604,-1.56236486060383,-1.23457338554534
-0.337828486,-0.655991284722903,-0.966989079319329,-1.54857649496027,-1.61906845837732
-1.574628766,-0.620519504294468,-1.3939061197202,-1.57219265297781,-0.560956110508349
-0.288939968,-0.12041230589982,-0.248486686016676,-1.61344245632447,-1.76823199909919
-2.185446815,-0.659320575126927,-1.59417971791566,-1.32939594861928,-1.08402336547158
-1.689201257,-0.82562153325582,-1.45249043786889,-1.49282607561826,-1.87437223280712
-1.907146325,-1.07918976161478,-1.60810714933469,-1.50081587178608,-1.53273522127217
-1.164030007,-0.371736314278888,-0.903326084123108,-1.54092638414817,-2.11083548146819
-2.650938125,-1.25570027971216,-2.10797227417199,-1.34965066243743,-0.93044068167387
-0.500074889,-0.275299054615,-1.065686842938,-1.31238365807186,-1.77013866792463
-1.196246125,-0.268835848156097,-0.857956951714276,-1.12967578270344,-0.660073043668496
-0.389892993,0.0423532646912678,0.519326861836754,-1.37127465944202,-1.22500643541688
-1.268907381,-0.380272722644118,-0.948880602471801,-1.07126357308099,-1.03722367409244
-1.793262067,-0.605751409336214,-1.37687603557298,-0.943718600029866,-0.738767427625092
-0.241527189,0.0528614798273049,0.00911959574741699,-1.02927038277372,-1.24371599335615
-0.798802159,-0.213140279403212,-0.592736457754249,-1.08412205136961,-0.600540478728232
-0.641250677,-0.129151875725358,-0.302223416161796,-1.15568847470679,-1.02792915970051
-1.174807781,-0.323066065410517,-0.615933677444588,-1.15351930972111,-1.36035370293796
-2.10767932,-0.937973507901443,-1.84415613449183,-1.16943793395156,-1.45474624322871
-1.917504028,-0.462959796128875,-1.59166477228851,-1.37971242087959,-1.58592085163786
-1.134833708,0.187827215164353,-0.616053469520519,-2.00363299241732,-1.79858471367346
-1.343242685,-0.671430321781972,-1.0581427044306,-2.11540686482459,-2.39987049175667
-3.984288151,-1.15754909792018,-2.43177460122014,-1.24033851996505,-1.19749600456407
-1.149563754,-0.214479831123654,-0.445624609435668,-1.41859734335,-2.08676771492093
-0.596302372,-0.330830125228895,-0.390213475049592,-1.36729202893591,-1.02570132217279
-0.437213004,0.0528268365599271,-0.146723254204928,-1.39309505829018,-0.916528913883576
-1.063664567,-0.554359406436555,-0.897671686933309,-0.917356388814303,-0.890375804961736
-1.318868465,-0.361967027005638,-0.951739526789488,-0.971120978887263,-1.08179055377491
-1.094258804,-0.393522702660343,-0.915543182720169,-1.22340200254851,-1.49071734023145
-1.719539341,-0.30614648540891,-1.24220443915502,-1.09950243853464,-1.40155505624141
-1.904951133,-0.686438031706706,-1.65867299491507,-1.42243349127666,-1.02701488846149
-0.130648081,0.351932540911144,0.523406618736121,-1.60613322504408,-1.97663084988286
-2.259872284,-0.350514229334405,-1.24651970463832,-1.15704843923712,-0.757159700284437
-1.195584532,-0.406365587115884,-1.26509280411555,-1.39463989792395,-1.34822606063262
-0.585896697,-0.0221073293535313,-0.934909862499179,-1.52843819478779,-1.3865961572457
-1.286381298,-0.727412948762948,-1.2731665953243,-1.62675547436853,-1.5694076242742
-2.599990297,-1.3651168762063,-2.13565349294362,-1.2821657379644,-1.37815441210147
-1.556897949,-0.699327554654806,-1.30255602888195,-1.57722206380405,-1.97933832057918
-1.499659419,-0.714952299534178,-1.25689940521638,-1.63956906055264,-1.82150694427012
-2.084664064,-0.745223351165211,-1.45796431685139,-1.49965635005252,-1.39424711365173
-1.290896076,-0.766015547734671,-1.12344791405406,-1.57837722864008,-1.54808203364372
-0.991167182,-0.638940827278488,-0.938936212367053,-1.61151188372063,-1.54028225059264
-1.687447705,-0.975196028257243,-1.37842867260884,-1.53773159426766,-1.35500461005269
-1.69011396,-0.716096307588456,-1.20683482157644,-1.46867735436418,-1.53392563719428
-1.496144868,-0.660739814801453,-1.27255361210085,-1.26993685790112,-1.5181347436686
-1.656466991,-0.335809692513119,-1.02013141686723,-1.27492287218632,-0.604130396792364
0.413065102,0.199215028087789,0.46358623967819,-1.18323460593831,-0.939872599206191
-0.070846647,-0.24921428796779,-0.480438535329107,-1.39294398459091,-0.557356731695167
-0.868681252,-0.153587057223845,-0.705647302554621,-1.15658626028974,-1.62882416254001
-3.62055819,-0.419008740090449,-0.92678327462066,-0.597950742149179,-0.825058969775886
-0.830607075,-0.220791816864569,-0.633374734019303,-1.02507390551561,-2.25820637580979
-1.519236635,-0.231397350974626,-1.27466049923621,-1.05889057190687,-0.711373738644774
-0.237714427,-0.000626228036731073,-0.206090843578034,-1.20045688678442,-0.855354886072006
-0.078121225,-0.13135939762177,-0.238789495791622,-0.768027929414321,-0.795336655547633
-1.384131746,-0.271429703257755,-0.901376097289499,-0.432152023164265,-0.0370973883597819
0.392320082,-0.0107370799885634,-0.0693233481312261,-0.735831499576816,-1.52441582055117
-2.322639238,-0.63975106998686,-1.40772939296991,-0.192679696611995,0.481528894749093
1.113507569,0.526356752307623,0.95603771669013,-0.911338207447602,-1.4346262089358
-0.99850731,-0.711450333703012,-2.16642811647878,-0.29059833378072,0.0956183425777516
-0.576945803,0.28165136526367,-0.280493917455409,0.0553280785544663,-0.283620518289333
0.364948233,0.032403402951058,-0.014398744265229,-0.383254370064286,-0.724184249251202
-0.849301307,-0.319006843908345,-0.891430113063662,-0.746215542078717,-0.301835785874706
-0.616921945,-0.0506598412667717,-0.334933483200918,-0.948166180008388,-1.34137293649153
-1.709988901,-0.40533794242053,-1.13200187618122,-0.752758372336158,-2.11525540838534
-4.099963227,-1.55870277815397,-2.34433704068454,-1.01513333216086,-1.16548147330105
-0.737867123,-0.166617426533083,-0.518539939344712,-1.34727011501139,-2.37899176594105
-1.008126168,-0.404929554345,-0.919210041064088,-1.58328961095906,-1.20476645485238
-1.180287952,-0.562599636379047,-0.973242658268782,-1.26927180123339,-1.25536941810977
-1.630626143,-0.635073084274783,-1.03570267876113,-0.923177016886546,-0.879306703289056
-0.510348229,-0.538594889373132,-1.07041670533902,-1.13771209705259,-1.33467499446421
-1.180834852,-0.462613960858746,-0.983507495100469,-0.951610250218375,-0.686031828915185
-0.653594732,-0.158746349152189,-0.359085027232793,-1.08442605846352,-1.04861825693225
-0.976016794,-0.188617004960884,-0.660886972570994,-1.05992327749718,-0.906519777543534
-1.016290978,-0.37991022834996,-0.740914053655769,-0.733701034801146,-1.22909908375457
-1.95708137,-1.14662345932135,-1.74045042727903,-0.576431991014085,-0.0252476427561644
1.330542753,0.744104491126437,1.0890060590139,-1.2940456971461,-1.49767933275531
-1.136813262,-0.649002971435343,-0.934692259658166,-0.87242017620232,-0.286528535727174
-1.519689551,-0.747116922648677,-1.27324332090623,-1.09002771139347,-0.886446827922522
-0.786780513,-0.3606048083608,-0.631025068732147,-1.20115149540297,-1.59762892885738
-1.839035407,-0.657971583327786,-1.45378841696488,-1.26615386342473,-1.15592858807467
-1.419646442,-0.610325776862697,-0.967665201670469,-1.45713521433479,-1.59346165149029
-1.474418117,-0.443214514086988,-0.950373580471592,-1.35746453615896,-1.52479896701197
-1.688008716,-0.689346426777064,-1.40763833197394,-1.20981923655159,-1.24809520158799
-1.172636233,-0.370730998468214,-0.664869734155633,-0.792159191928368,-0.917777587914008
-0.130364556,-0.0901438553614015,-0.197456352594294,-1.12482202472742,-0.853062451075231
-0.36433078,0.0905563817532922,-0.129567066353076,-0.947857518963186,-0.653368762162649
-1.015469118,-0.290209873425907,-0.773961103646328,-0.744178228732685,-0.664298578942886
-0.963777736,-0.411321456546956,-0.913775914580924,-0.813093293584784,-0.975296737573488
-0.946535392,-0.360692239611367,-0.652542485771635,-1.13917192889351,-1.2443389192368
-1.557283735,-0.763632862661218,-1.03401082570374,-1.26487005084809,-1.16859032167194
-1.37841135,-0.588341584292379,-0.931578685783957,-1.24636910919708,-1.45788090132421
-1.529848821,-0.770229403952975,-1.14660099919667,-1.26976502277931,-1.19360266399093
-0.932353443,-0.377265722041923,-0.63239750982874,-1.44242543080872,-1.43137396229568
-1.365025005,-0.78921729347739,-1.09696051419532,-1.26404497908072,-1.15400097122771
-1.375171732,-0.762421054453996,-1.14389714647371,-1.13792815588967,-1.0570530268513
-0.850796747,-0.41314557844241,-0.494272662499504,-0.875355701383804,-0.942330605203022
-0.544796695,-0.258537897097038,-0.232430893893406,-0.851744235399805,-0.649860130209445
-0.135752194,-0.17423292596058,-0.0282809482293117,-0.734163081369406,-1.1557137576215
-1.980916648,-1.08569622054047,-1.58181104389723,-0.570352196591911,-0.187514260436168
0.003319179,-0.0900097583169438,0.112389702561767,-0.735408866550917,-1.4315359667928
-1.178604126,-0.56975127356972,-0.878821910166469,-0.860270468388528,-0.615678219114658
-0.922464703,-0.378843963313719,-0.540007039416381,-1.12916466477512,-1.1631990076554
-1.249921908,-0.804709973170806,-1.20581632127052,-0.994507509034323,-1.21670181236062
-1.549164347,-0.628276894132604,-1.19652246659625,-1.09621972178128,-1.19007189216957
-1.251582365,-0.545520663551494,-1.12233582874992,-1.05285276236087,-1.12437325533949
-0.729286413,-0.0495989910005753,0.0405822345584005,-1.23515325029759,-1.08278535618801
-0.79340174,-0.415249217927939,-0.68325136400415,-1.31660417104509,-1.08206195211085
-1.357160062,-0.631892937745675,-1.31693178914097,-1.0109407964219,-1.05628001768132
-1.476337348,-0.673193578315397,-1.10312259811573,-0.771382990990994,-0.84086673499779
-0.362705408,-0.385561026033088,-0.364931130159964,-1.02851155184234,-1.05765291562448
-0.65000398,-0.399355534201755,-0.290636113043085,-1.16316520327199,-0.652458937049235
-0.60056205,-0.334875713004155,-0.328776964805107,-1.10662790542771,-1.21341944449312
-1.904911865,-0.907877941164237,-1.46349245887644,-0.785980973578682,-0.890268133963965
-1.233324851,-0.617607971739216,-0.885832878674632,-0.935223298482934,-1.27849492878968
-0.863190906,-0.603629307668945,-0.759111155805192,-1.0386585742883,-1.02988002873805
-0.750553995,-0.490674208300247,-0.616911111739231,-1.01512733886099,-0.854863448700976
-0.815410639,-0.559186108798299,-0.804507644951801,-0.947407779682518,-0.679266716006705
-0.500342381,-0.173539077901533,-0.255988508457681,-0.74772649858981,-0.924559156704972
-1.170836837,-0.629096019629941,-0.97231348391415,-0.751441388853896,-0.420717782567894
-0.072261622,-0.0275886223424485,0.225377524198411,-0.98246647345824,-1.3165682487073
-1.649075993,-0.711738064678994,-1.27846006178974,-0.807621801258626,-0.625276650319444
-0.944751146,-0.441801904446382,-0.675003830408445,-0.978653601115208,-1.46618758293011
-1.495152648,-0.734166913359316,-1.14411132490011,-0.934898572118414,-1.26318053265241
-1.666919972,-0.748935390489582,-1.27939925406657,-0.996881260067852,-1.01547134590526
-0.616111026,-0.273800976813183,-0.551192255379841,-1.00717946862362,-1.09387396267308
-0.477052297,-0.499464034633834,-0.857322949383995,-0.946326444320629,-0.890187923792744
-1.120883737,-0.339566910455721,-0.722415281882918,-0.668690851796342,-0.458081077590585
-0.330268957,-0.226519456681017,-0.467074651396651,-0.815723395329613,-0.898033056484627
-0.69795801,-0.182520558863748,-0.335112026496151,-0.83808152749245,-0.790966186651604
-1.189408059,-0.600880723908747,-0.868827773888498,-0.91669378571497,-0.78131762951486
-0.879093055,-0.393272319282825,-0.63960596211169,-0.877756097334214,-1.0780178758702
-1.117297189,-0.602804392770591,-0.779269763053556,-0.91241856105752,-0.778506162681167
-0.497684718,-0.37943993588636,-0.230532434300219,-1.08415945913118,-1.27749595836632
-1.592583931,-0.721505195010424,-1.1409993414625,-0.827766294283784,-0.674547363555506
-0.699483847,-0.46362889570484,-0.421857356919659,-1.01816128783618,-1.28232648165561
-1.222591952,-0.498599770925945,-0.889890298406467,-0.654274652211119,-0.684720364618494
-0.617756707,-0.425853643563117,-0.88356340210605,-0.839617522559564,-0.692425752396587
-0.195937519,-0.220470807016554,-0.115516403167873,-0.531361516973054,-0.5412541504427
-0.374919672,-0.239815010739,-0.174446454589638,-0.568459977509,-0.351229540040997
-0.267358682,-0.321705376975359,-0.281116351172243,-0.780878122729728,-0.859051549518951
-1.40992032,-0.521032721313656,-1.02451192733766,-0.679020365421773,-0.674921564359519
-1.127581087,-0.484483935806901,-0.777911985486889,-0.800680596383029,-0.987898405544676
-0.749413233,-0.407349531833593,-0.636150765090691,-0.80615253152062,-0.89961168497649
-0.665222742,-0.385954709526837,-0.442592032421661,-0.960274391514958,-0.701771507659847
-0.572200366,-0.417929932501188,-0.470571162591003,-0.840758672651183,-0.704887311473279
-0.650457574,-0.349341940616734,-0.502388682620429,-0.749907068993206,-0.861743632692391
-1.165495602,-0.751902714884871,-1.03389409552692,-0.708411825244906,-0.798499244861745
-0.991100041,-0.442304579841701,-0.685849611715265,-0.712022778036323,-0.921030057255678
-0.786822956,-0.474086414139464,-0.576324171307916,-0.725832834057415,-0.790656213028772
-0.584903982,-0.306072190611349,-0.292257218615755,-0.742138433409517,-0.672185673913809
-0.543199289,-0.479479305522088,-0.637202819087752,-0.630794752866811,-0.52025344215561
-0.408315678,-0.367519847068561,-0.194113249430885,-0.55827527400654,-0.521871709920171
-0.480224849,-0.34129539585655,-0.32333772445431,-0.520402385018611,-0.484511571697202
-0.408749575,-0.307740288241241,-0.263860607814101,-0.555208700476032,-0.875667917219465
-1.314435676,-0.648161491482891,-0.888636298166839,-0.63052302691382,-0.746865466028509
-1.106725688,-0.691869391777742,-1.92185876261005,-0.679941468721809,-1.03882657672732
-0.828650187,-0.42423242580522,-0.900278394914542,-1.59404437640221,-1.20300592249777
-0.423753337,-0.661707733189985,-0.668522395078431,-1.8362112783168,-3.52960156997302
-7.215303514,-3.85683514701548,-1.59678930028279,-0.595275623976156,-0.424620468717606
-0.371229982,-0.605806811919616,-0.841555161174878,-1.67250766843841,-3.24595990827322
-0.188769417,-0.818994474065196,-2.1169151233576,-1.72985238129902,-1.03794413097209
-0.855728866,-0.144265246294479,-0.569602291309833,-1.05835173262713,-0.513491491808621
-0.660383433,-0.326391386009417,-0.349055644731257,-0.741395646646257,-0.783862258962188
-0.805302718,-0.433750865176933,-0.481101888224259,-0.688777304196299,-0.684832159458164
-0.702620953,-0.518667291368048,-0.497033730017097,-0.678142371008826,-0.706764086331379
-0.675668507,-0.433145366856636,-0.435534610847438,-0.536752673845933,-0.535469926699712
-0.409713794,-0.300027860430871,-0.218033055429997,-0.505463589316236,-0.365967729146076
0.005108133,-0.284941654624428,-0.16269674777466,-0.518859954893355,-0.407603736022537
-0.353877976,-0.261659636412787,-0.0916581897857121,-0.397757682375607,-0.244753032580334
-0.402751595,-0.342815177415876,-0.310341261027209,-0.255487568511033,-0.435091821689378
-0.604070896,-0.318920552621479,-0.486079286376625,-0.372985113575808,-0.349300372699295
-0.233022921,-0.27007200867708,-0.086288144773118,-0.523031076609923,-0.658033839284612
-0.791634423,-0.460640501844765,-0.532427447190371,-0.448747919435696,-0.379763235687248
-0.470593168,-0.394674632611942,-0.394110629288669,-0.510208962429835,-0.60998000014399
-0.5470855,-0.34126485137842,-0.493175701525545,-0.356546569764696,-0.384857449653601
-0.345232961,-0.249311357573363,-0.268295482930949,-0.489332276946156,-0.167209408647956
0.270043976,-0.10623976044437,0.0959617748653386,-0.336574087749039,-0.263552423599264
-0.183990392,0.190508121039605,-0.0276665983202538,0.0263324263398781,0.0994835900871688
-0.009390928,0.0874664718225744,0.00398743820563537,-0.307274984326743,0.0465891562731125
0.481277734,0.276348473399952,0.376366878161176,-0.326672266005509,-0.632550335694928
-1.351006458,-0.274727809126475,-0.927375850486595,-0.283679697427027,-0.0947507734495965
-0.538199973,-0.229805001193686,-0.406445683740498,-0.568095736827213,-1.00065328101771
-0.959986163,-0.455810143417664,-0.818708466085362,-0.533329796469123,-0.635815423295671
-0.647712089,-0.210159924983901,-0.335193223806662,-0.77293164804778,-0.789151154723376
-0.71687437,-0.492023935576569,-0.612569342475532,-0.583878271088153,-0.542766123948494
-0.397296552,-0.395674179487425,-0.225321578683265,-0.687339725715561,-0.559131973971225
-0.346939165,-0.284707027172418,-0.222782400194721,-0.526395760311036,-0.592018438631359
-0.834204537,-0.383677624060745,-0.630863182930565,-0.439516154692735,-0.28216720972523
-0.198663269,-0.1775629821722,0.137283106083102,-0.37877866188738,-0.494684476106686
-0.171363053,-0.237937569783843,0.0130471752043343,-0.451682731661216,-0.409701831124349
-0.504449498,-0.356381979379162,-0.258171792446189,-0.325318726086253,-0.451685255697632
-0.795895473,-0.370562169054826,-0.618118760834224,-0.280033611132898,-0.357484466234182
-0.262912542,-0.260618953847162,-0.160014198437105,-0.33183990772205,-0.487701542576801
-0.232473344,-0.312047968650406,-0.0717464761787616,-0.443715022466357,-0.276764802581883
-0.184259742,-0.230409211590854,-0.0668978870282459,-0.333424161168395,-0.329702731679943
-0.432698756,-0.222165129370647,-0.29338024164222,-0.330006913467709,-0.242689078625252
-0.140923703,-0.235585257794958,-0.0793368255742912,-0.519495047722721,-0.771237831376608
-1.206685999,-0.596558955849703,-0.949387251531989,-0.482754107530668,-0.489374686180121
-0.84552026,-0.450523354114789,-0.653823989417676,-0.675397898754328,-0.795535308254863
-0.520894608,-0.375022052196257,-0.414438458262087,-0.737468388078684,-0.757354010813599
-0.579031649,-0.359502368694565,-0.312877210723487,-0.878494635240596,-0.773481959447612
-0.97270182,-0.581921680439486,-0.732010514787364,-0.6757406460796,-0.775406123674024
-1.036682555,-0.555987888702032,-0.708752712208958,-0.702237608890125,-0.761139568930343
-0.536983793,-0.356916316692654,-0.314071882587715,-0.833694616208912,-1.01656142937451
-1.090238251,-0.418923857238787,-0.911586723718209,-0.735765044333836,-0.598322964750665
-0.564351022,-0.478391049806077,-0.516294675981452,-0.866571585164674,-0.868308393606851
-0.686077694,-0.375844355405721,-0.461633973009177,-0.625515789982104,-0.767274610019166
-1.000459237,-0.467472907994749,-0.819216474677108,-0.501495576904513,-0.511414735861426
-0.437142919,-0.232898181011742,-0.232761628185592,-0.413408308760469,-0.386871241625924
0.249745858,-0.036250312834027,0.358243505328474,-0.529731495876937,-0.370468291602831
-0.191295021,-0.306551196079243,-0.179130802235153,-0.458551199789672,-0.145610604076902
-0.390690375,-0.248535337787495,-0.291154709890874,-0.310634072738569,-0.385723997233909
-0.663319312,-0.296543822765905,-0.462979854207181,-0.260119775301225,-0.394464635756499
-0.431263453,-0.291408392635769,-0.225167417915762,-0.377584332343964,-0.538254797777256
-0.473990162,-0.4090714871713,-0.283446089865173,-0.517977229903193,-0.418894565023818
-0.313333295,-0.386043227919395,-0.250631579827104,-0.563474380185309,-0.61059137680066
-0.776519193,-0.500626588061348,-0.648692344752727,-0.505713058532758,-0.466322102405531
-0.595926291,-0.372522445294163,-0.34975002398681,-0.489533695706695,-0.651955575709586
-0.606808447,-0.393544236393308,-0.414255626132508,-0.646028571771827,-0.564872548519466
-0.436266554,-0.389108434159947,-0.347702554974881,-0.730551295759733,-0.78985139172998
-1.033047393,-0.451197628538362,-0.534649353000375,-0.560033095692317,-0.543776257428241
-0.638673228,-0.448310356579124,-0.458895521856954,-0.616243414837183,-0.749337970071254
-0.540891176,-0.43298130234962,-0.404460572489098,-0.59512670482045,-0.647431204218435
-0.630949392,-0.48251565376556,-0.443161447464444,-0.71591289992518,-0.526490246835869
-0.431253915,-0.423625131306604,-0.30734085992731,-0.635803925076011,-0.723423263466029
-0.873282627,-0.490618099051217,-0.649541015277522,-0.54502743743168,-0.509382467491805
-0.56339521,-0.489474693168201,-0.451160430540557,-0.577977898601771,-0.672976693389229
-0.529502845,-0.406685497280845,-0.284467252746042,-0.588984569675869,-0.582414603688674
-0.555877641,-0.468818765285168,-0.358851427150162,-0.643596187454327,-0.576004350629768
-0.593986045,-0.53294814090234,-0.477424451548377,-0.583088132678854,-0.633296027587498
-0.747661137,-0.572184106840889,-0.562780881455759,-0.545502311736259,-0.552478554683675
-0.52519994,-0.5406713995255,-0.437793878082249,-0.604594727784293,-0.597302241290693
-0.431937556,-0.384214165967666,-0.236619666031181,-0.632375459535345,-0.623427940333985
-0.702314759,-0.539700511178062,-0.456732827459732,-0.594523851006014,-0.541589554560796
-0.632096098,-0.548762523588203,-0.496834067378507,-0.678820146560469,-0.650608599767143
-0.592162725,-0.539475248191564,-0.445495500475095,-0.718092340626964,-0.76302333011954
-0.920990861,-0.6045817230876,-0.655997847496995,-0.659012646219611,-0.653381641210043
-0.708653601,-0.522884413890921,-0.496880585858639,-0.66842813698098,-0.788073256954957
-0.732935894,-0.561845245665906,-0.552973419473791,-0.674842917474775,-0.634772446513678
-0.496482118,-0.406451845665109,-0.335724378838877,-0.699155104288655,-0.74740677565965
-0.877297203,-0.436337337199148,-0.703404874815388,-0.523510362850639,-0.319702026078724
-0.045865311,-0.231711080571468,0.0624993544516287,-0.581001235348582,-0.641027677505993
-0.435751842,-0.316900067273346,-0.297017423723317,-0.486694681292211,-0.368670891195499
-0.542647183,-0.331147880404425,-0.316390279893418,-0.494370875869117,-0.575163577362935
-0.756557652,-0.414615398513978,-0.510140707583104,-0.458086947095629,-0.635033175477354
-0.822859222,-0.471694164644517,-0.604192942196732,-0.633347509965677,-0.52803329738773
-0.23452595,-0.30817663477575,-0.136556416306058,-0.689986416411586,-0.855778441597603
-0.978183975,-0.427125513643676,-0.473153460704515,-0.571982381805227,-0.401861827775657
-0.476156904,-0.304819900317992,-0.350479375136508,-0.754824648869462,-0.701377085534043
-0.343322668,-0.229244260042852,-0.255778651738099,-0.655708771216683,-1.0395697421367
-1.685090809,-0.942610768792508,-1.42829187936589,-0.683188732414538,-0.55307234750247
-0.745995834,-0.451355032145306,-0.610615144271112,-0.677683620870513,-1.07658446055597
-0.727784982,-0.464203597297989,-0.60314194730763,-0.68908734630122,-0.58312414934395
-0.278396183,-0.288990795451719,-0.19613925755185,-0.766070863590804,-0.614514520183664
-0.46277691,-0.458221814751276,-0.378695161051061,-0.589266138660413,-0.469255211205378
-0.582856103,-0.381688239953857,-0.365832184292471,-0.586593787758341,-0.537470822554128
-0.593932619,-0.474344485165653,-0.440198230997883,-0.592612346617172,-0.69591071474904
-0.85862014,-0.609447953439883,-0.65592833459834,-0.595653977737602,-0.627059624745127
-0.674365835,-0.554595448503455,-0.543231692466745,-0.70692165874261,-0.714955807730283
-0.583318547,-0.476310986045184,-0.315510218471814,-0.741411537765967,-0.734258885027184
-0.772962092,-0.528246151605423,-0.617143956408016,-0.698332659834164,-0.685222541647887
-0.856721124,-0.554638090735715,-0.670670754160364,-0.656194186519454,-0.513471541529
-0.185934343,-0.339651035767745,-0.138620768305873,-0.704244262081725,-0.826321763566807
-0.84443216,-0.527205085286115,-0.535839951912909,-0.636035420295564,-0.457337672154117
-0.610899833,-0.392552006081136,-0.388978780282053,-0.569371417125214,-0.751508193344762
-0.792385711,-0.436039377741551,-0.526463726055329,-0.51334457947618,-0.546862900511529
-0.446905701,-0.431149667066956,-0.342583405633534,-0.748464024297456,-0.652614261980526
-0.462166556,-0.40567718649228,-0.316870424745861,-0.720879141800552,-0.727100978584884
-0.967483185,-0.491416510217073,-0.703149296587871,-0.579688951147487,-0.689219572060742
-1.051135842,-0.511010920097828,-0.67659341176755,-0.439924330088962,-0.505612495151197
-0.120414549,-0.15798573569998,0.119573362966807,-0.497350532377211,-0.568634139536986
-0.036978229,-0.131683305089346,0.113724618754242,-0.538963834600419,-0.389984335846154
-0.504363968,-0.315646597513114,-0.345593677180972,-0.464497231800299,-0.351114545059311
-0.62682499,-0.395774084972965,-0.48257646298997,-0.489415912620708,-0.551523356276962
-0.620236374,-0.403780473310814,-0.424220295103994,-0.542169809508055,-0.75483912742329
-0.918274011,-0.520609566906032,-0.74993830445105,-0.648297992970076,-0.743272106467193
-0.906580077,-0.466091127074343,-0.646126354084897,-0.76061946751672,-0.766431936947623
-0.627398221,-0.37325432021358,-0.410512718961751,-0.752333145074489,-0.872204208195111
-0.894958247,-0.375589343243425,-0.685558501782462,-0.621345344695535,-0.60777252151112
-0.610555956,-0.341805736044163,-0.382139963524532,-0.640805849721909,-0.523953996753757
-0.121815634,-0.304790857324523,-0.225919178633532,-0.598017291434353,-0.602101460026819
-0.607895768,-0.41066766696399,-0.536575468031658,-0.501293954722386,-0.231698252330138
-0.213031776,-0.210444920845665,-0.0163298003089765,-0.488416111475954,-0.545560695475306
-0.518386779,-0.35912527421284,-0.373818114724162,-0.572442745869852,-0.477237240996573
-0.626853164,-0.442731945323877,-0.474180072654275,-0.658837585124726,-0.768672014253957
-1.049151585,-0.557048482879127,-0.809492232696412,-0.702063456818921,-0.854047976099928
-1.153719785,-0.548399629451264,-0.860525357405713,-0.776066417181561,-0.899892714041116
-0.822816214,-0.570412071373885,-0.626532607122087,-0.853477713653862,-0.956732736526355
-0.777463025,-0.500452994502772,-0.522594431763036,-0.932673404066444,-0.849478555099766
-0.822543732,-0.596968092952297,-0.667999590809615,-0.876934892522427,-0.832708486323867
-0.875294655,-0.604060240329987,-0.603228555919665,-0.774919731585492,-0.843117090865695
-0.922111278,-0.619150546063252,-0.782487155542835,-0.790369942399969,-0.715250566993855
-0.513468178,-0.403392485784222,-0.329592010725155,-0.808479355728747,-0.881608292676375
-0.878508127,-0.653915520513912,-0.723080566978766,-0.766843431934946,-0.629181480694609
-0.658905965,-0.516336288067038,-0.428192483552774,-0.775920531580581,-0.832399042203596
-0.851439959,-0.549318890303725,-0.583757101817869,-0.744545037685778,-0.703766493603137
-0.673803016,-0.476614365932346,-0.476841189127281,-0.86257420594488,-0.912687445840408
-0.960446526,-0.726828890982784,-0.835250813345186,-0.791211013047284,-0.956604615047019
-1.267920095,-0.572632303752043,-0.965460699032594,-1.02188279018845,-0.922981130344725
-0.772687994,-0.373180556279637,-0.565554579923796,-1.12587193057138,-1.50214507052442
-1.973203657,-0.717110845624184,-1.45042990151634,-0.800040483219185,-0.789952504239554
-0.820056877,-0.372683176588465,-0.548733584418227,-0.868810590280277,-1.04753192030348
-0.209570392,-0.0824134841592174,0.0343905086850792,-0.955067959475103,-0.863069813042145
-0.761164402,-0.347735331491519,-0.507731189777454,-0.83921309200295,-0.533747476030276
-0.670254808,-0.21087580779866,-0.414733812102778,-0.882794865049214,-0.929629753072067
-0.985090747,-0.265520463874675,-0.621110176428622,-0.790947224225948,-1.42543569695486
-2.421086128,-0.294632206209793,-1.07953271168264,-0.857837882029679,-0.865296858828699
-0.734021785,-0.252774497558846,-0.465337256838339,-0.97100248788757,-1.66043068420958
-1.155856314,-0.340926396645559,-0.694727060429513,-1.02341144869036,-0.94222783340079
-0.841233221,-0.161941374052904,-0.526903549183939,-1.17730370754341,-1.28153760829707
-1.510914745,-0.963176441747243,-1.21432635765943,-0.921712451069483,-0.952562045012034
-1.052963696,-0.690152994847702,-1.08927856022182,-1.15770770887012,-1.12911677144732
-0.79588775,-0.466301695483251,-0.549119622825673,-0.952676275656771,-1.10318409063884
-1.172109338,-0.610448411016964,-0.731537791117362,-0.855164019939921,-0.763259393969074
-0.657712499,-0.553943780615525,-0.54150331399803,-0.923062903013399,-0.977467234093374
-0.821993093,-0.42230793020897,-0.410056825212703,-0.872336992880267,-0.808883905801738
-0.903102764,-0.490078223592255,-0.549283785349492,-0.848565680702619,-0.81290021887283
-0.829355002,-0.455213251867635,-0.603306985016766,-0.784164129411218,-0.821370788198277
-0.761542892,-0.46359156564565,-0.455947363342975,-0.811818882369316,-0.774740035314229
-0.690677937,-0.461349110128373,-0.398906159040052,-0.887083735383304,-0.800412907989034
-0.760347413,-0.409760585736299,-0.727808445259569,-0.8818498681821,-0.956539463587852
-1.23788113,-0.54273495418599,-0.836931548280987,-0.907876793526239,-0.902011981394613
-0.989816386,-0.524771373474695,-0.610558466845444,-1.12143851854287,-1.28580251381087
-1.437780601,-0.706157257154084,-1.08269094080844,-1.03186639160285,-1.12290868230834
-1.294549309,-0.755078508420525,-0.915781822528954,-1.11322596403087,-1.11835425420219
-0.796958385,-0.25895679653555,-0.499377169143112,-1.30020434831418,-1.2691315463509
-1.144309527,-0.453731176216949,-0.809963735719367,-1.19211215354299,-1.30009518653728
-1.911639449,-0.847202814827211,-1.22895162383581,-0.957329139796581,-0.891192915862946
-0.637398504,-0.197172847101719,-0.413254091450751,-1.05618937296687,-1.35163286494178
-0.854946863,-0.306157068164903,-0.617504472360852,-1.177515976765,-1.02521461742534
-1.249799392,-0.487392677652423,-0.939667310052767,-1.09788371182215,-1.01659056202222
-1.290759215,-0.374982734973393,-0.799522503283573,-0.727701241324283,-0.88750397752777
-0.619639133,-0.285732997054474,-0.398603526720937,-0.764940455646216,-0.833671595010984
-0.408020013,-0.202761282993826,-0.118780523742921,-0.768010722775279,-0.508922808316296
-0.232687801,-0.230993549530314,-0.162611157554994,-0.842306869378709,-0.567874774337887
-0.575337423,-0.223366818123052,-0.341373258563961,-0.723949197826099,-0.773771935386367
-1.289333382,-0.621261902086153,-1.0260104603503,-0.870364026762172,-0.883403792121381
-1.238666836,-0.706959047599738,-0.949860208764124,-1.03105723302681,-1.20456317344752
-1.212745599,-0.590565986428866,-0.90482264587876,-1.13142801437158,-1.29133706606784
-1.41267786,-0.820129656718207,-1.24977117109089,-1.2091934123822,-1.11654051933438
-0.971684423,-0.689131318184707,-0.966978061134611,-1.33930500709539,-1.33116064341672
-1.244798942,-0.539148510992205,-0.888695843088814,-1.24956829490737,-1.25367461748753
-1.539671297,-0.762150561518767,-1.16795391066075,-1.16149372752769,-1.15710623903751
-1.127341935,-0.590546155131487,-0.835741153370833,-1.12247313341815,-1.22171116350089
-0.96361207,-0.598989909916133,-0.750801886060277,-1.15879391359503,-1.03647327147251
-0.859958693,-0.689956099647469,-0.711571548840406,-1.1451401262122,-1.03201341373471
-1.059366398,-0.774669869855922,-0.880800834145208,-1.1156568085797,-0.997710741950428
-1.048970381,-0.717592680802667,-0.866180323767966,-1.16321324633577,-1.26088553967498
-1.537857424,-0.929840760800306,-1.13497752358283,-1.07445296858776,-1.13000387157629
-1.233543615,-0.743431919887439,-0.926508409235863,-1.19725510253205,-1.28207163021934
-1.099113759,-0.895198471479736,-1.05590858736812,-1.22369930342976,-1.18640631116127
-1.127738281,-0.805388730034165,-0.974816681832694,-1.15012127358627,-1.04896359201773
-1.014046151,-0.680133126328114,-0.78451159180079,-0.979077516067062,-0.935395519570821
-0.743148808,-0.435755011690865,-0.458628046918271,-0.916855548201706,-0.888501965861708
-0.755501857,-0.43632913080827,-0.675647309486811,-0.714234402592154,-0.739041921860318
-0.753837456,-0.456864837071996,-0.586532389409386,-0.805475491177283,-0.55014461507501
-0.152227562,-0.318690162590643,-0.234244367237511,-0.905553002584358,-1.08020428841083
-1.447738338,-0.81017804725897,-1.20912633469229,-0.63179425145822,-0.704712655604303
-1.316921029,-0.672540548896145,-1.22233711093392,-0.691519216686083,-0.791850857565171
-0.268594447,-0.0744159182900921,-0.0522171073626388,-0.741780451719309,-0.949674161957646
-0.555690228,-0.333885462112901,-0.438384080208346,-0.782853282614432,-0.604037992667925
-0.774151488,-0.381363385313857,-0.603571670617671,-0.828997408357788,-0.686003809812423
-0.734936604,-0.322964728298836,-0.285615347566074,-0.790876105857496,-1.07349908843796
-1.44266596,-0.660078410681485,-1.23355024080248,-0.687061003592796,-0.975196532481803
-1.394881963,-0.823452131443608,-1.4647414936531,-1.047191631368,-0.76600803142517
0.007632177,-0.0330186192653237,0.122211307945343,-0.943484457478843,-1.36638526672376
-1.452157466,-0.813377018647728,-1.22213005565114,-1.06585227770998,-0.474769391509561
-0.661558285,-0.334923142420364,-0.484300781011909,-0.941737171554975,-1.25293350743307
-1.238199006,-0.648277917764587,-0.839615208739565,-0.832113748747142,-1.00542284717676
-1.270628227,-0.612640031431983,-0.931483376544221,-1.11903003334981,-1.17852627834732
-1.044838339,-0.562953725741687,-0.961106269696675,-1.57950332068437,-1.63917312812613
-1.350307774,-0.518623121448708,-1.07997930810489,-2.03311256304045,-3.45712254192387
-6.631184156,-3.04532464663513,-2.46503529363127,-1.1687939810306,-1.32415635702981
-1.494844453,-0.279355018559797,-0.943889337607944,-1.47271128750549,-3.14486132597724
-0.739737659,-0.0873994060028906,-0.437688576142357,-1.38928158780727,-0.498415123009316
1.325930468,1.02158002637508,1.27668818316406,-1.18417802022827,-0.403340607986434
0.101918062,0.0845670995168532,0.2344781592401,-0.323327340002476,0.683165221652427
0.669170151,0.545011352854398,0.636020689683993,-0.348188992643175,-0.506500898435844
-1.305519158,-0.444224990503493,-0.7370771374778,-0.375489406529263,-0.156988877793522
-0.883364226,-0.502950525552553,-0.954129347278194,-0.518642118140758,-1.06825225975412
-1.28493417,-0.518406269610354,-0.97854554063006,-0.489031657072053,-0.53619161210299
-0.150901143,-0.180858914826469,-0.0941927494308128,-1.08503269136927,-0.748666206462626
0.01261069,0.218132990956308,0.218950342281764,-1.11886814212032,-1.09000842755098
-1.853619116,-0.814193613409859,-1.62191823368617,-1.05274677049812,-0.991220771123323
-2.07868846,-0.666489951091575,-1.4587496076508,-0.704319843582606,-1.3883930175821
-1.342082102,-0.284362615620371,-0.797273533945232,-0.897419682250262,-1.18525911542969
-0.392377406,0.252153642015128,0.353170382430782,-1.19339734689173,-0.830482644466476
-0.006170136,0.153219925737229,0.092515007781589,-1.32812794154919,-0.989449276160211
-1.341619288,-0.571015402489931,-1.02865537894364,-1.17087401488268,-1.00625662867021
-2.067904773,-0.948498249406853,-1.64449777538451,-0.973608406256445,-1.13340428682029
-1.100808733,-0.545120454131492,-0.861847320081918,-1.1599949830439,-1.55741417056974
-1.277378766,-0.626618977368305,-1.07248057853977,-1.08846239713532,-0.939838484842233
-0.681494952,-0.510065638061218,-0.302682903909428,-1.01683542639379,-0.885256722015051
-0.470416274,-0.408236405806013,-0.502610728446729,-0.923410140269172,-0.721816540332686
-0.669829063,-0.326167328646088,-0.495117259030525,-0.613259184544259,-0.606216204118693
-0.962789853,-0.221743513445236,-0.718265348299124,-0.397069862064009,0.0806367557851408
1.109269686,0.589113390521891,1.04918862735581,-0.802922218953557,-0.908353040020795
-0.849731174,-0.0600541485548458,-0.771483037119558,-0.688094336935971,-0.194190904571182
-1.141205889,-0.359886604177752,-0.894020189337915,-0.981405699233792,-1.04778283454336
-1.519378276,-0.333932834625965,-0.865709507760008,-0.97879477254323,-1.20545706697277
-1.367431717,-0.443172183944194,-1.05837529520463,-1.29346273649521,-1.35274619755185
-1.245474842,-0.458652122021083,-0.787586527283223,-1.36858326348182,-1.34397805462157
-1.282269393,-0.451701775754382,-0.957142959492962,-1.31974526523371,-1.35990997992304
-1.655250256,-0.833651886311347,-1.40386912771294,-0.965918586708326,-0.795793478798814
-0.332235842,-0.140840783788427,-0.254090339837768,-1.09081075158265,-0.898605324059459
-0.176019759,-0.214835130925457,-0.194189376293946,-1.23816704089939,-0.38480154184428
-0.223204679,-0.261069221136204,-0.345057307701453,-0.716750086804652,-0.227865283385074
