630
1.32201772,0.0696328924512765,1.31438223910454,-0.694966463256687,-0.737148995205551
-0.842812746,-0.0653317770806049,-0.307883590956548,1.13954608745016,0.533036010725884
-0.475986895,-0.578950716130856,-0.382380261681741,0.472598898624239,0.623325836968752
2.177556708,0.416748553508277,1.99651275142794,0.543007338687399,-0.479303955834416
-0.81091023,-0.43517501079571,-1.21391708368743,0.547070850097367,1.6199886167022
1.549273936,0.455069951518195,1.17823219171912,1.09236490387444,0.269765444147648
0.872945698,0.210133272330831,0.0861901443789917,1.11978128772299,1.36046211043359
1.735504146,0.407111344673027,1.77241269068116,0.902448189443479,0.439216353985629
-0.284704806,-0.610336892626825,-1.90084405929714,1.28476772428919,1.44203652159265
1.318314137,0.449251308164347,0.989393026224661,0.874970160950973,0.495586013550871
1.068443049,0.215484771575608,1.46644444096018,1.25347840183787,0.836962118271322
0.352493668,0.544894187508432,1.01074182899608,1.20188203795969,1.38351951814056
1.778220273,0.436295257017909,1.72124780665221,1.02690083638645,0.828181714754979
1.157582252,0.542802632260162,0.787429332436075,1.21891241918591,1.49503195892784
1.347007267,0.0529301720670117,0.147280941011506,1.15851020517632,1.49214238939481
1.909838217,0.24773833584464,1.22261473969111,1.39974426606732,1.12992935577453
0.786756231,0.532266153855577,1.43967597735769,1.50425814584175,1.78802295633565
1.807335828,0.661223958700898,1.20851841103688,1.42143424258908,1.19506083172667
1.443725221,0.379345215570281,0.797188062287206,1.49449830943054,1.57485545424871
1.476712544,0.718919720278315,1.32827182864757,1.26615852567128,1.46249234061823
1.473505267,0.789191983409408,1.30766780341806,1.55609108669975,1.38405026243194
1.155132995,0.653631899413322,1.15983845776703,1.66632182110256,1.76780356403818
2.099899197,0.918903489540783,1.78217510731902,1.42618458606407,1.5237412034976
1.959647162,0.60080433812573,1.4148645866511,1.35641707403682,1.5784232110477
1.195340999,0.429203437289323,1.75523450630775,1.60049441364223,1.56487881830653
1.064301909,0.640302691964474,1.0204239846727,1.81535713389821,1.53668681219588
1.76681537,0.594721050531459,1.65591998759955,1.52220996787552,1.42209244157611
1.917437914,0.418356500803078,1.63095910721308,1.19065188193479,1.21046475504971
0.802272516,0.180528953073078,-0.00056031974794925,0.940138553437957,1.1800344352631
0.534841502,0.19193738926655,0.99998270147573,1.30823505753342,0.567349729740042
-0.016817644,0.295946918014898,0.232693893279574,0.774121099350083,0.91683981774239
1.42762778,0.117201250338091,1.27504973534611,0.651192860742634,0.107700109943759
-0.069564015,0.254800183635452,0.401567649575851,0.771718400689298,1.275909850283
1.386086709,0.238667878527764,1.47236539936546,0.73220342933883,0.558219801848516
1.108314002,0.377232903952671,0.904687907117044,0.675256380691226,0.764665682342245
0.314303312,0.311366957153068,0.141889120169056,0.494781889017445,0.77846161486982
2.136933887,1.0652519101421,1.60257673685728,1.9768508107389,1.75166883851686
1.491028833,0.874243492816312,1.10853435805909,1.85822390709825,1.72555293609673
1.224800521,1.08199127189372,1.3409077497969,1.93887373658112,1.75322106638012
1.909964056,1.22315881324496,1.73601025959024,1.6468869074422,1.63052684309303
2.192613908,0.984091225995309,1.89081616461116,1.49223997895056,1.30240060895506
0.65808833,0.403023195480468,0.555200862247462,1.49303049945418,1.83536300090769
1.627599347,1.0345914228763,2.3177396173136,1.48581924303044,0.944114356460302
0.912993552,0.459345728499307,1.08197688648848,1.57707770328917,1.53266257439085
1.526753965,0.787736741260982,1.77838979780868,1.38021709728738,1.34202511364809
1.660281285,0.810164412280034,1.69144177821697,1.61576933437152,1.62240624424418
1.755804167,0.774781465197406,1.64339040424246,1.47372525643937,1.82808797793695
2.261523556,0.884869418889327,1.92147504004779,1.39613855119928,1.2198336308593
0.679591681,0.117417464377457,0.515728641526584,1.60384400692876,1.50891892132928
0.650107157,0.336342877975021,0.314279771686083,1.65759850042097,1.39412312218917
1.904008561,1.28832727052781,1.67095503284869,1.77175199494102,1.22658628027132
1.734426532,0.952419508741046,1.55708853568432,1.67512055835097,1.82949106111786
2.120566591,1.28408880796626,1.8103041203755,1.66480538186967,1.31572149606894
0.735596443,0.285244035394221,0.247608039406332,1.76413025268555,1.94364583404555
1.91703405,1.18584454951649,1.65558438871725,1.58085038767481,1.11865482338909
1.258720151,0.963800407023741,1.08928077912838,1.71397488007104,1.6609224283226
1.448875783,0.960192156088568,1.23129015788729,1.5887949631185,1.7361999567885
2.219735948,1.37817544378057,1.87068541553487,1.54257698790624,1.55012300840782
1.767361315,1.14945636573027,1.55402567206098,1.54800949429495,1.60458375735579
1.002514438,0.813465547139238,1.0220464246323,1.67737764473631,1.76031205527277
1.712306417,1.17762759099549,1.52202914037237,1.72344787449909,1.38763729571685
1.638029486,1.13350317999568,1.5010255956429,1.59070928299251,1.6731397993918
1.786298004,1.11518164522753,1.53990069355879,1.43574718960177,1.49715708976964
1.439542127,1.01414582351057,1.30803824536877,1.53544727186765,1.3310547212584
0.780446341,0.488509673085277,0.570555034012325,1.73717220457667,1.52756739564889
1.369333692,1.10364887007197,1.36774699887718,1.8364767993517,1.78682703667019
2.795843667,1.27994763119221,2.04582034534956,1.58511729417586,1.68353372462961
2.132127716,1.17455552968311,1.96221392929712,1.77379997901064,2.14502723325547
1.77637748,0.826246955010199,1.50004915159024,1.72320257402521,1.7958187888773
1.374512442,0.914430859373662,1.64184895656826,1.83065714973747,1.67059152529736
1.471168184,1.03286954780096,1.46102618548293,1.71353538051421,1.55896033360083
1.640701293,1.00226465500092,1.42011415292059,1.62851915543564,1.6636960178375
1.936013951,1.05891637345209,1.66139439223608,1.43991177108198,1.52245926545224
1.620856822,0.714101903252108,1.22749555191245,1.46227007569474,1.11928961503781
0.160568568,0.200886453689159,-0.0200949769018676,1.70320236777905,1.54512646461318
1.338654131,0.758328844042979,1.16176334290415,1.36858783697067,1.16445186696817
2.140260538,1.15334675593116,1.09029028561267,1.21418633637701,1.01118950736904
0.636343455,0.565619909793878,0.730054756730585,1.38604620537583,1.95204617105221
1.962912205,0.889566453245787,1.85251160751345,1.44653694733355,1.21042344462422
1.667362534,0.840644821621825,1.60066732097332,1.31837254434698,1.44071051160686
1.252751187,0.531997826917988,0.889470160453134,1.04296309834568,0.916706653705992
-0.016931356,0.232484434935848,-0.0662436791471561,1.59306449187694,1.19682329374264
0.854788686,0.647151848936432,1.35840660136711,1.65359347427804,1.25573943857444
2.360473969,0.968928875716761,1.91309329096416,1.58960050541516,1.44989271707733
2.212356542,0.907796786323687,1.854146550728,1.68438067953129,1.9437464012916
1.79863378,0.903017402666377,1.84165634704018,1.78650828508161,1.89611342653892
1.739287548,1.05205883935418,1.44583152382028,1.82238917845009,1.31370704738832
0.683256086,0.390616535285026,0.407241410871821,1.65721240562803,1.50544830616132
1.194446378,0.775237743272473,1.10102441043278,1.37876053388388,1.21662602471488
1.69631186,0.924645628073843,1.47674928425033,1.13827275420513,1.0609347044727
0.970003018,0.502252420147439,0.771299208211386,1.1254464103876,1.32508127488857
0.992773188,0.707253669710304,1.00355683066432,1.30075465349949,1.17735518016393
1.251382514,0.937716908818938,1.42616727728636,1.30041233515908,1.25067039827832
1.538351669,0.630013517617422,1.40732512686663,1.21628413599427,1.24034427712455
1.187541229,0.539389111053145,0.827360367599199,1.37340379788978,1.60161276650133
1.713325924,1.09187261003314,1.4595088531424,1.42907064689591,1.47344636491778
1.754777201,0.805430062104707,1.49143582127244,1.45758940374115,1.56240634593279
1.496376823,1.04369503543327,1.59090707322502,1.53224865753858,1.57430816278111
1.401135401,0.911592917171196,1.3701642963167,1.54011364876123,1.49921363370616
1.472950133,0.896554981412728,1.48932953445243,1.66745212174121,1.42312849298982
1.278253859,0.821194549000905,1.26987212151136,1.77259693695865,1.86232377230952
2.315879985,1.07192725046893,1.42161759152086,1.560049379717,1.62290805742083
1.969905334,0.961480310215861,1.53394724822511,1.64902919302163,1.96584986061983
1.816683926,0.728169272461461,1.39259270434276,1.71970589536773,1.74309149555235
1.452319525,1.10166067831143,1.52699155477219,1.85916866466279,1.76403412351182
1.746403055,0.895668070642411,1.5533251424521,1.63458148136533,1.42063772059026
1.338158452,0.797704514917573,0.899010161163422,1.60403820923905,1.49816291596596
1.165056486,0.948915705678617,1.09962906695765,1.64289876354511,1.68002332250884
2.036771696,1.13373594020077,1.53272435054744,1.46215377032157,1.3820295379394
1.583847444,1.00903714694615,1.38115464070745,1.55102307793155,1.68376001387725
1.4324682,0.937476535002178,1.35373399634929,1.59900757597971,1.61207146938728
1.641328752,1.04168076469626,1.34945305472158,1.56767888926663,1.38464162490615
1.288628737,0.97645354222577,1.10272190766879,1.54054663709262,1.51222949110023
1.372801337,0.929064893781446,1.07685277578357,1.44713031490756,1.47874221030214
1.826122696,1.09692124491098,1.60122624174588,1.29181766289411,0.909523460803826
0.335156752,0.202089860520156,-0.0942990659151846,1.47597955458347,1.43460935251919
0.953779069,0.650577609889269,0.829099531544166,1.28016871870088,1.27811504111151
2.247114206,1.01384822771902,1.87626731745129,1.20748098367313,0.772112778963181
0.501306022,0.426304707870554,0.358015393686774,1.28782358221755,1.77279476926444
1.49166267,0.909568826270535,1.38755559824871,1.43855072540021,1.14499579293033
1.646271908,0.970991540721218,1.43671282431191,1.41802326058177,1.21546877528844
1.045375206,0.714731362447886,0.930814583828272,1.24221385542259,1.35181154958008
1.081274261,0.615579013145078,0.703023742875036,1.28322346090365,1.15969926421272
1.207143328,0.671762510721146,0.98993526012591,1.23211752753621,1.09037803205221
1.053600305,0.69147763672254,1.08102544127236,1.29617631042645,1.25066542167751
1.222840418,0.739627286959344,1.26565618526569,1.39376831874596,1.44536695371894
1.866888596,0.84775575444771,1.67929613350922,1.31553872168008,1.36666550757065
1.562461797,0.826628864082341,1.52593723904201,1.45552215746776,1.56609903927122
1.355194956,0.711203298273257,1.24837377494679,1.4388135976695,1.50768907568066
1.479688216,0.571787247681768,1.2571844515915,1.51093741543852,1.2436886107758
0.986520719,0.496082599614023,0.723419416350099,1.57384639459823,1.59298084866159
1.691087625,0.830357899782351,1.47709788232594,1.54061162787432,1.46982885462505
1.905375175,0.928448325826596,1.75201692402174,1.54520588463913,1.67006912913289
1.80122301,0.708287260694058,1.68422704735885,1.487018458632,1.63903428977904
1.462326398,0.911762973733235,1.33821279680506,1.67999885545616,1.49206826474563
0.999845087,0.670716434376081,1.00624063723034,1.80661667957009,1.83858321252293
2.248897046,0.660297442708115,1.69450732089632,1.43576421157501,1.37548421826186
1.765947205,0.905814821352972,1.74233518823394,1.57975792039319,1.61285003642792
0.948042867,0.804508120363605,1.53845222551292,1.93812629485294,2.06178912137152
2.39368424,0.963192685009993,1.97221605704315,1.71896630489401,1.46171159440777
1.902661136,0.773170542010201,1.67903774035818,1.69227647959206,1.86012809910346
1.474286486,1.11419241851566,1.83806324735876,1.71228643599735,1.8760678728442
1.880714143,0.813062571504635,1.45549807873732,1.75731009013548,1.46150876002817
1.328126427,0.747850543519868,1.06926336116052,1.78911440740438,1.74517672440556
1.595476813,0.900346633218516,1.54881497397358,1.7225628510241,1.7145089118175
2.089420637,1.21430742379391,2.0669686085665,1.55317023357394,1.61500495402434
1.808782689,0.584189916383579,1.59190042107294,1.49343898160271,1.42507564323735
0.753070438,0.909677545556043,1.2079683415773,1.72566049187854,1.58315480128871
1.247602572,0.731423450357245,1.69728858820923,1.79379456912463,1.34700827700068
1.780170645,0.517394230584086,1.57579971264796,1.48868246651163,1.48198825212066
1.876385754,0.789952540003556,1.6834791773743,1.34843576091076,1.41708267223652
1.083054847,0.674788384137776,1.1324153984978,1.53011142544161,1.66027208007285
1.49439758,0.963631334720596,1.33543659644674,1.37946885357443,1.2703550514431
1.368540043,0.931839186574778,1.1896690566834,1.41511376759814,1.32373083567756
1.104953671,0.558761852267561,0.877501586212209,1.39644052742539,1.55137799504334
1.788820944,0.857468408507936,1.626099152408,1.2840869919019,1.2448338052675
1.400212295,0.884699299655897,1.45281573383441,1.48871271303882,1.35699245521957
0.845422485,0.564999634048538,0.860607205067831,1.51268481627666,1.73202135782142
2.1238892,1.04349668624681,1.91469096995987,1.55137133285902,1.18232695781107
1.340488858,0.963397900044694,1.2591507786286,1.64600116156119,1.93978901966612
1.969615256,1.24787793202729,1.90254350343964,1.63292295504956,1.58156443029387
1.814541557,1.19076693936643,1.66687433369976,1.61929692906976,1.57611119425813
1.698162072,1.10351591497014,1.53680029769958,1.46508075965562,0.312678458711223
-1.73815679,-0.866769649570011,-1.43649605682348,1.86384185825187,1.78297486601035
1.817290882,0.930395963481897,1.38542671026244,1.56928927674445,0.402662249058171
2.033057119,1.10675887874281,1.69450236776436,1.58369354902015,1.67177751641735
1.951402465,0.907619402220422,1.75352138382049,1.58303064236754,2.04343086830777
2.272741785,0.802452585375021,1.5002552064402,1.622765016601,1.71644816029173
1.641238008,0.697991359109802,1.50723299746786,1.67876218349984,1.40979855919885
0.403956058,0.356557477784289,0.649976358143182,1.95178101306063,1.70497046763654
1.567019745,1.0877638112178,1.89004718574698,1.83484995522791,1.46497106783115
2.390512536,1.00529737013705,1.99062561159467,1.67819792999049,1.69563043414282
1.963517786,0.678470148794867,1.69792108818632,1.7545725610723,2.12246231191351
2.072895842,0.826560368929088,1.60777617465092,1.88725547605224,1.79497317879716
1.543463334,0.987039917535266,1.55890462051504,1.99144294318739,1.93897427781425
1.868197595,0.706638648934443,1.50237986525516,1.78328772264975,1.56770570606379
1.444020167,0.826593689062343,1.53621791285179,1.84502141677474,1.8690564361615
1.93998266,0.906079205559305,1.73777195898978,1.73004288243213,1.61087213118063
1.714322953,0.878868896928657,1.61354334926261,1.77482794820915,1.81231604350189
1.988470293,1.17816842256292,1.79640502729808,1.40776245419292,1.06959234314822
1.38297786,0.4292839114169,1.33472120555179,1.34662195449025,-1.60705689214605
-6.494148108,-1.44301848060611,-2.16913496244043,1.84949952838803,1.91902596078885
2.447423191,-0.732396561726178,-1.46125143061906,0.244814179703607,-1.68497725351654
1.998635556,0.398474809008829,-0.52680931593317,-0.442286348287635,1.41412044054498
1.839691247,0.460388821853435,1.58342553509396,0.113479555120372,0.876541431891973
-0.502733279,-0.693139265797705,-0.944873094813513,1.96065173195351,1.88531033680328
1.971984889,0.764600612558688,1.72187409295228,1.30506000904952,0.748015464740866
1.794375348,0.770486250039072,1.54468711050027,1.56118001607371,1.2305216749078
0.761819579,0.142941975643326,0.762025191998121,0.657342534734121,1.41770660127865
1.935514685,0.529252899781436,1.59205119210723,0.984163052841685,-1.48693041893083
-4.865219498,-1.78904967374267,-0.257113453425528,1.2854174643098,1.71956902671711
1.902985789,0.576900151709445,1.86755270787063,0.0526966311333484,-1.80289954026447
0.140205191,-0.0534385525625675,0.320910046975305,0.768073501826007,0.997027749701008
0.834458543,0.161075395430329,0.657570333138783,0.694209424075957,0.962405010965796
1.632445275,0.72981418429058,1.3749694343015,1.38224959209975,1.25040213438499
1.726670801,0.985022615886007,1.64358008497148,1.50660263480565,1.69213387778307
1.918194332,0.80064252348762,1.71060452493162,1.52079474199191,1.69199157682794
1.755416299,0.869928372860652,1.56319897101596,1.61837151221201,1.60491470030342
1.337220967,0.846536508264633,1.41800725024246,1.67951340581552,1.5166384152573
1.230761489,0.684522395156347,1.03402361612611,1.53924182055803,1.40903158930479
1.408061393,0.551828334929183,1.0917510241167,1.65930254176146,1.35571404761975
1.305795516,0.733762262836017,1.40938158560873,1.63242507072042,1.84253377214287
2.46369129,0.866046623186838,1.75225185334047,1.35903804862433,1.34353305338525
1.375693926,0.536701404609052,1.32004578792117,1.42557906513518,1.81269803226735
1.507594099,0.552223114365445,1.15510464974154,1.40526005379328,0.930125361289941
0.184069734,0.319874963717002,0.233425788647261,1.18834306369732,1.3898559355908
1.576649095,0.469807017788657,1.25908724514558,0.853782823529238,-0.0384546415416478
-0.75115805,-0.30019932629237,-0.970119935445634,0.999749507747421,1.29557561780421
1.246739637,0.406301079241201,1.0402791400221,0.600480903573379,0.23132980591774
0.961941979,0.53865182007389,0.893055241601483,0.766179300779141,0.744785674780402
0.44683314,0.264867076566524,0.597024685518526,0.754686701661869,0.864925789288493
0.756010343,0.298189772071196,0.577103867047325,0.574276905791762,0.663237266427697
0.938038584,0.338685245695493,0.758509689061032,0.745164762236298,0.374928740472832
-0.28529154,0.264984906979315,-0.277102271034045,0.914330088617161,1.35643576050435
1.977514105,0.473537633153198,1.64788285906303,0.490264208147174,0.36747542194941
1.042048085,0.175404595136406,0.709720318240374,0.660678079589813,0.685388485089982
-0.50402462,-0.0362561877779187,-0.161656231819631,0.579146188557774,1.01553956213631
1.049333624,0.192313201976978,0.991452985133907,0.719767927725532,-0.11688305487868
-0.044782277,0.116033209507039,0.162362421115294,0.372012417972162,0.634928183057262
0.512807481,0.110805336580378,0.422148637694491,0.215941741890479,-0.0197060604610803
-0.288806497,-0.0290559978359112,-0.420819665280783,0.724187322877474,0.612046596161446
0.669468955,0.0714855898958166,0.861866775375876,0.565885931698252,0.597019662660261
1.606107076,0.530594892205188,1.3820002023728,0.206302149551114,0.293810319452019
0.314776882,0.178858444489332,0.335633073239654,0.462667794988422,-0.0176912131915194
-1.921084375,-0.937390472192341,-2.0830389674071,0.999402529443346,0.746119545725153
0.967592062,-0.114647704631464,0.546406393333486,0.201068358791224,-0.1631172876788
1.752649014,0.330410343239345,1.76945247827194,-0.0254231190691152,-0.55866108544627
-2.173964607,-0.138216649390189,-1.21250479282244,0.776684495879526,1.26281885969268
0.963048235,0.210404552520015,1.0560617657583,0.449745491909788,-0.37571483046002
1.137200427,-0.171902700146603,0.709672803352855,-0.0474523959787241,-0.0668207577687744
-0.434593926,-0.0373524362929297,-0.260732178907792,-0.521928868105606,-0.610147288345944
-2.53066872,-0.662435939468936,-0.694239053098642,0.531592342359558,-0.513516532713738
-1.254241884,0.125886655830126,-0.316524511715525,0.525211963792302,-0.255646047993415
1.609379027,0.060213964680614,1.4124667751836,0.642637144955781,0.315476831400442
2.149981362,0.411062712148789,1.51145624902471,0.59482246879232,1.23600328226571
1.299032894,0.46376734899357,1.20812347996441,1.37690728905181,1.69678216664251
1.360791381,0.195982767959805,0.872200514636251,1.28558609517878,1.48719021236937
1.87556299,0.679480050768341,1.74580240280202,1.26444427810979,0.60211776645836
-0.48811457,0.167394033848361,-0.282229621387894,1.44071631512311,1.73868708788206
1.789904641,0.677294813836385,1.76429575543158,1.16110982997451,0.448477489327841
1.055839905,0.547091973043089,1.21192987742918,0.925355131473126,1.23183324119268
1.17794453,0.216742394727495,0.852850388599753,0.669332335333498,0.437184182728051
-0.554222818,0.0872516424852605,-0.576799545070182,1.21896626340556,1.32842986777848
1.62573915,0.608423977509584,1.63828617457943,0.781749878132593,0.203497301571591
0.596996749,0.120331742190955,0.589469144350959,1.07217422478346,1.31975898294377
1.31955524,-0.0430769554058816,1.09949373047257,0.648022540795616,0.954801999526727
1.391844692,0.430036851731901,1.478345090924,1.12053532656888,0.675725654980552
-0.181020363,-0.0760278213995808,0.84337849343297,1.0505564561456,1.6088273648956
2.224481223,0.32958450161716,1.98066338677944,0.553304262966068,-0.109654817346553
-0.525913641,-0.325542828851943,-0.0142593655704451,1.20909202758372,1.53808923602413
1.100529475,0.275310459941766,0.962012350920798,0.951846714729556,0.72617132078045
1.736721359,0.492279551408584,1.4995133688489,0.951818812613754,0.916901797932999
1.095247988,0.488768852220958,1.37174708331585,1.00709238321611,0.77894136963677
-0.423591421,-0.193156631053103,-0.535644398801695,1.38096581044559,1.6035366189795
2.186935265,0.716506993181265,1.67776221626956,1.05616462313574,0.491425446336296
1.183032894,0.311705706776708,1.26060920705712,0.95524617848865,1.45418262921351
1.100598542,0.209855244035719,0.8091119354468,0.869356392131383,1.1116013258557
0.985104868,0.443039711696984,0.646719653712268,1.04551578078153,0.915644666568648
0.776571198,0.269357610038763,0.733923378557078,0.955624453076328,0.648910481745504
0.155749309,0.160749435788677,0.101755041919653,1.0294961889374,0.935659777339986
1.037769637,0.306767380649938,0.833704620692783,0.891384535778055,0.720621080281233
1.221690511,0.512940508195994,1.1925702441173,0.879382387359898,0.956532290424671
0.994469847,0.441083594033517,0.767252704112213,0.956724240566639,1.08024250856341
0.975343702,0.578978554068974,0.93094658145398,1.11283645361905,1.02749959889442
0.976591194,0.606807454339526,0.816197029044345,1.25873098292139,1.16836702989889
1.253845054,0.60177845136155,1.10636436951057,1.28192845148922,1.45039810063501
2.034724902,0.736040534313953,1.39349821803422,1.14805399578852,1.25192494593449
1.309670241,0.470036600612939,0.850027379082041,1.32782023742881,1.54942726420002
1.187342254,0.764889483324336,1.37006606009925,1.31726122138611,1.2937755889636
1.536687788,0.392591605990546,1.23628691284357,0.925155519461693,0.213843747479673
-1.089572573,-0.202774206480586,-0.798711016933667,1.02103812127273,1.19360985411596
1.10328052,0.1618459466655,1.08135288285911,0.402728315144392,-0.483584055168608
-0.374211742,0.0850991633471439,1.01884290509595,0.280745830102573,0.596059945694458
0.501110053,0.0376199152581798,0.430813686194118,0.0533704985533726,-0.317435148418418
-0.726250071,0.0730981907457074,-0.551508470669318,0.850547470426543,0.784168512494018
1.084842205,0.354651373256309,1.32119107499573,1.01143156602444,0.552458001777878
1.718666957,0.473251181533391,1.38079016356942,0.736698209068416,1.09213779031802
1.807575492,0.609907601393026,1.64759337625856,0.56646768367911,0.157742207222526
-1.2814091,-0.373800919395918,-1.38632387891746,0.922347377060836,0.28127582164988
-1.833907535,-1.01445845803461,-2.08410610093637,0.549558670432553,0.744530401673607
2.669990901,1.06896468089001,2.02873970581214,0.807691340210169,-0.69907210044502
-0.092504764,-0.645443814983451,-0.929412473823027,0.398304790219888,2.21842319225723
2.583951584,1.07087766622005,2.05385680286392,1.25714589979887,0.855730109320209
1.891452131,0.903612451521737,1.79263798940728,1.87472688312417,0.714444010851999
-1.235451833,-0.516672956174106,-1.3035670966532,1.33020020620318,1.80193165235774
1.722725431,0.615432796043977,1.83519903899889,1.73623794182253,0.27740251111499
1.369386081,0.333520988152768,1.34271749143615,1.29642356018582,1.17338325232414
0.970022846,0.285731319348298,0.951287662101276,1.11330868610975,1.25604863539428
1.111245668,0.319866620840757,1.3445806850918,1.31998640686929,1.18410666423214
1.504381046,0.298473162167804,1.40564760596155,0.867374800070015,0.749757422939292
0.489930848,-0.127660434258322,0.423602258506966,0.92533786059439,0.668765308147515
-0.314088311,0.29374415752675,0.228071983476464,0.930682874677457,0.852639715243328
1.242273111,0.0680746094469274,0.594442841318737,0.569365774875695,-0.0316233066864962
-0.107813134,0.0215307910765722,-0.0890586770884789,0.52576592665056,1.18381620429711
1.673558926,0.317672019589328,1.417080476614,0.159106534861569,-0.252684208122667
-0.822520904,0.188403834885343,-0.459321147566174,0.762577830422969,1.15298600236581
1.028006148,0.272966623206305,0.813507077750004,0.305049735567896,-0.241370413821162
-0.152204124,-0.300939705137131,-0.148186343001883,0.244719241499299,0.837862747752926
1.220681425,0.345990921023766,0.451079033702031,-0.0754533937302189,-0.548093959482218
-1.495525139,-0.460942926279581,-1.6993296284338,0.924328962158638,1.13344689018464
1.150982584,0.41672156969935,1.09448510758657,0.903749638479211,0.282844003714681
1.695995025,0.561173855591659,1.55990434005746,1.07795745323229,1.20577721141857
1.521358796,0.930694708692111,1.6134431990658,1.63343517746393,1.80619842494556
1.905391049,0.433492425312572,1.26808361849207,1.52027947350612,2.19554789842161
3.23171878,1.15484416167474,2.36441971689089,1.56936141146815,1.31121303993344
0.556977586,0.33517564743253,0.356924615744681,2.08571933117765,2.51285730024379
2.015993523,0.797730306702707,1.70528408789725,1.90512929071036,1.42207324118864
2.044915559,0.914050296508492,1.80443230430126,1.59571332926767,1.52253306934804
1.679347484,1.17441066631707,1.72376240646859,0.990864827869163,0.224520185217547
-1.904899756,-0.596629047066425,-1.56343667668175,1.52334295355483,1.03944668596314
0.009100047,0.351970483438229,0.150334308846139,1.2691604432378,0.458019688579083
2.395178969,0.680166769709566,1.31620925733183,1.04877068093359,0.702142637968348
1.58616052,0.861831484960156,1.37451663170948,1.51382376964464,1.84431828457659
1.608621095,0.796800644397493,1.47026995669993,1.73031114299218,1.8740324003492
2.204551378,0.86049378502333,1.30845243781657,1.61930038250013,1.55744500081499
1.531358601,1.09306048110012,1.44195515932993,1.58425566719872,1.72010276841546
1.338970878,0.841066109159072,1.19407817511276,1.61866496213085,1.42861353734242
1.141201541,0.795042105341941,0.940093145643492,1.73658344535464,1.58393734490162
1.691531508,1.02088974328421,1.5757276790886,1.73263804118744,1.75224079676967
2.380149251,0.992765939012745,1.8024367812125,1.66116424280596,1.82117800772407
2.228598524,0.893181632014595,1.75439422139814,1.79721751158539,1.57810820248204
0.752748326,0.258339509336512,0.637512528858188,1.83198858732572,1.95416446230718
1.740909195,0.708461773255709,1.69299061318084,1.92021095679098,1.13548978287267
1.180317213,0.675315206545416,1.33851026412183,1.7473320239429,1.78872332253341
1.998120885,0.795368512459972,1.80537562075869,1.35021202201671,1.46624789633606
1.734341403,0.422742600382612,0.85350732337912,1.63522244471858,1.64631469234438
1.396912323,0.199713838657911,-0.341016968437282,1.42800934750782,1.61121430898103
1.752215311,0.235825938066761,1.28067702169886,1.04146692430573,0.645544864062209
-0.058163947,0.392218987738818,1.55277963982589,0.920991123704092,0.486057926590665
-0.969138933,-0.108740910399226,-0.872381499312941,1.12970035468222,0.400102966565025
0.424112519,0.281490500022003,0.40607891640674,0.955630452456157,0.380847216307312
1.609506191,0.23923498868092,1.12882007900926,0.876119746638617,0.742681472083622
0.963478271,0.260193148887101,1.10619651182365,1.40120637917195,2.11875635413629
3.00099675,0.780532353692496,1.78402480803597,1.20219494840823,1.45568639580967
2.051072086,0.877683889220489,1.94219379229871,1.55072436231603,1.8139436433314
0.822544334,0.325767916183837,0.727774672608569,1.73672901039395,1.81899565551141
1.47401604,0.755986497387299,1.32875223629265,1.7590408650119,1.29631010857495
1.546041602,0.861803032181778,1.35847974589539,1.48982244003686,1.5593824825629
1.779623672,0.797039454845725,1.47734347234807,1.35982726025332,1.42868195793338
1.316626353,0.806377643812017,1.0409886418412,1.54335121208617,1.58121554967131
1.403830388,1.13680514672112,1.55354772391266,1.58002399859864,1.44944805918631
1.518050519,0.475115222741908,1.07116887429689,1.2993977350703,1.46109229293678
1.711529893,0.576397466569238,1.24203253459568,1.3327805174494,0.973636612976969
0.242953829,0.360123562519695,0.104176302798217,1.51990090814184,1.64146103841891
1.67422518,0.661713187543829,1.44319443146013,1.31911434746035,0.829121250118063
1.112114997,0.295391254737314,0.952890341781071,1.34760301463648,1.59426525934253
1.731850368,0.289519651168071,1.20442095630681,1.26890854409365,1.33317844815354
1.466547394,0.811527442791854,1.53908939964802,1.71432878430537,1.65959488802246
1.661458001,0.363331565124574,1.14907492209103,1.32193524957866,1.61183771099495
1.944052611,0.842031427716664,1.83838465198448,1.44432626491429,1.07667520111509
0.275103153,0.275562978173389,0.118645620059433,1.76140617626927,1.89287635411934
1.889078456,1.02268118196639,1.96861533833556,1.56606569744428,1.19918467419313
1.930170999,0.998890715459294,1.71828254429938,1.60499622552715,1.63913235730863
1.607119392,0.816547327118605,1.41685856046764,1.48803582500315,1.70884579518121
1.650435646,0.898017882703138,1.42877577721938,1.45125560347048,1.23014132128397
0.942933154,0.650857694437583,1.15327282375778,1.26075868127412,0.854664074367316
-0.157182399,0.338134716960343,0.265462699721967,1.31474231823274,1.16690170629045
1.350963901,0.536313148455859,1.61022126120635,1.01945610836769,0.466565056509802
0.957842724,0.477152373764365,1.91160705723181,1.08058016666318,0.893812090715178
0.361901068,0.311517773279871,0.320647395010941,1.23501824019012,1.5876138936247
2.250286788,0.608927922375097,1.80712217755085,1.54654971312377,1.14599732114108
1.847731154,0.49916761522149,1.68121145628361,1.75669743771321,1.87675066332969
1.832663784,0.812084801728862,1.72334475911654,1.61778526598367,1.64911329849836
1.457639571,0.756856680334454,1.2132736161722,1.5296718785649,1.55678970421291
1.400229124,0.868330987300895,1.35510814429625,1.54969768420182,1.04190527176482
0.365636257,0.460282230859936,0.377393030631108,1.57735297613013,1.5699913589157
1.770560313,1.14155562986373,1.68635005124756,1.3016570942911,0.986702747103086
1.505065918,0.932841448774017,1.24002887893269,1.18558030945154,1.36116247801572
1.191971514,0.662913426116144,0.98131174544885,1.18752200073534,1.17727940696355
0.706056505,0.129666099260064,0.197061419254263,1.46930182961559,1.4126531331174
1.598022697,0.838208590787283,1.57905042828395,1.43861208014884,1.14755272247628
1.477153286,0.813839196420275,1.38459953512854,1.35713731244648,1.5826239562689
1.803289831,1.0869638438931,1.76398672131094,1.49782311806637,1.25885697581472
0.86201482,0.460302183900977,0.724197992109923,1.79980355180786,1.90383228499186
2.066980518,1.44454357236276,1.83360390444895,1.6576914187917,1.4854664500423
2.022516939,1.31705667543123,1.80303622709028,1.7519688329897,1.80513320901703
1.751526203,1.21699213147902,1.60693991556091,1.79798523857285,1.71753684549777
1.548148947,0.945151765650103,1.17272574809102,1.43289175420902,1.27313029156189
0.92463099,-0.0702899803331159,0.468403812245383,0.52076894691538,0.693258079464016
0.503500298,-0.278150727348259,-0.617239261292088,-0.509693723370056,-1.57404535592739
-3.66121023,-0.683207502039712,1.35369368359307,-1.40737453733001,-3.24030718843574
-7.215303514,-1.55937520934937,-2.02069989272133,-2.6413203820794,-4.60740301100922
-6.49277741,-0.808864267233903,-0.534080301577487,-2.28287469827285,-5.52784690947624
-5.504516187,-1.28001456100075,0.247431935115307,-2.49642130357128,-2.55055269408338
1.345242582,0.236843211048384,1.57483481764693,-0.104255552702179,-1.95115857512654
1.767321715,0.225632821890744,1.7096162564431,0.874002724472302,0.983774747364864
1.711442303,0.549246656312429,1.43829553838455,1.29661200269677,1.49887979058173
1.441858336,0.951064469440981,1.36665423016671,1.62763490393959,1.59488024005409
1.429063636,1.07720839468715,1.23972721539722,1.7243650124098,1.69863262057664
1.902469477,1.33623830399318,1.76568427928735,1.68172305632586,1.72187099405551
2.014793414,1.10283197781315,1.59392518646234,1.75757442727845,1.89676882106319
1.963800403,1.40915844852631,2.00796017905927,1.76236265122899,1.96577620996878
2.04617761,1.12058218591519,1.69018091994775,1.90966345532582,1.66624758654852
1.197690738,0.798422219265965,1.02724332797149,2.02895905277651,2.17426987784876
2.396542564,1.20133835662651,2.00874873684412,1.82591441133487,1.58505322133016
1.859707175,1.08957474317544,1.55358813914021,1.81285229780023,2.00454676638643
1.825487785,1.1959409105204,1.67706576616837,1.78004643373498,1.69759075458367
1.442514861,0.963768746896661,1.29761311617814,1.86315287365036,1.76259637225705
1.728810268,0.888214307041161,1.59179344407128,1.58950455074288,1.47321233640346
1.71096565,1.00820890915931,1.56864635836188,1.57523018724883,0.814566911280271
-0.391662715,0.289057307222262,-0.0315918475091463,1.37450156730951,1.74528913709317
1.935756003,1.04017622216082,1.92794139260222,1.5274477536818,0.417243578826714
0.692570398,0.562375240436237,0.600055791572988,1.18346695622947,1.89239339047755
2.240907535,0.714826596328677,1.38546612619893,1.26040567977835,1.23707727254053
1.748477164,0.775102901780209,1.5353322919493,1.70361766179351,1.52911509247376
0.872035832,0.555179953095604,0.921247672050213,1.58487895057513,1.85233026238364
1.998332601,1.13002354972227,1.8974102051755,1.57947129876544,1.22274102894889
1.460909308,0.585848094247153,0.975927232657651,1.53005606603704,1.57113971190829
1.189765075,0.795719714853593,1.29027407331291,1.41181409815303,1.69615502614082
2.135485597,0.834278114052792,1.7811875812994,1.3953511757797,0.812035971893946
0.229487819,0.217591209807126,0.298500415695943,1.55587302076585,1.63381589466349
1.139744876,1.00541687754303,1.8663224471636,1.72954899109507,1.24034828659074
2.030969521,1.11207384710757,1.84741621456605,1.53410354431727,1.3853699063776
1.830743228,1.00056251765841,1.68385874961092,1.59901578231215,1.51343197224494
1.008233257,0.528872362149003,0.711871531252454,1.75407212538198,1.87632825378876
1.954165921,1.21737118063914,1.86970182287667,1.76051482540621,1.40953226799064
1.700295571,0.986491927418146,1.55433525391022,1.6041152131046,1.71903820370738
1.55930821,0.903121171894501,1.59325936603872,1.73588126036988,1.79863238364418
1.904630333,1.02779608390013,1.76452370723352,1.71112925300487,1.65290862311501
1.863521231,1.01232392790761,1.63800711513695,1.46410567240125,1.38965586992828
0.898609252,0.566544281204451,0.811561477508813,1.45679113046501,1.46152518482008
0.987017719,0.560806568092935,0.749821431884928,1.42957980023733,1.26019225549532
1.449419763,1.0028072384238,1.39893753861545,1.46924264090452,1.31487330543659
1.655773511,1.01122496026832,1.63583997241523,1.33627835171918,1.44695703474846
1.539132124,0.967970002380019,1.390205993848,1.39476281438124,1.48854638969641
1.40934234,0.750201203211674,1.27633038559788,1.36553254749754,1.32367869644307
1.274527799,0.838690634652903,1.256576144026,1.27055533117499,0.76069555922701
-0.051990009,0.120322254976126,-0.0531810203347641,1.30348228231857,1.09964456399156
0.724215288,0.338023074610535,0.610617227521982,1.11711326303374,1.02787680364217
2.033730306,1.00193873669205,1.84105255735126,1.30750053497824,0.907733684151976
1.022057431,0.82260429302732,1.17595995679747,1.46916910081944,1.94122631711353
2.028234535,1.0935016128292,1.74899551186155,1.71041695394695,1.68451543287402
2.379157907,1.25084114267759,2.0972712160917,1.63286837526878,1.62874800510455
1.410316735,0.681972121582345,1.13287151107049,1.71435548187744,1.69777193988491
0.926243474,0.797330034544057,0.775642689219964,1.77849108930426,1.77740881798859
2.114032053,1.27011805128057,1.75225154863377,1.57494450272854,1.21967958872774
1.387463201,1.01928578215233,1.34238002602801,1.52568662004095,1.77835070582799
1.650517677,0.991007575999161,1.49850745842237,1.44199316609058,1.41562277076887
1.377974047,1.06641988392463,1.41584373270851,1.67362545382478,1.43924189612382
1.140252755,0.841970066774935,0.928411555259132,1.40019514573198,1.65945990007449
2.050432456,1.42818603202579,1.76990366976307,1.43977669238022,1.12793900366408
0.967940024,0.84511321423889,0.826495660836953,1.54017175177309,1.79907451123365
1.655163129,1.1576170653767,1.42754855904891,1.55072646060363,1.45924496386248
1.914052769,1.4383840567803,1.89842345514776,1.58080570088965,1.38937888975751
1.218914649,0.968919558367284,1.13855624646856,1.36842908826314,1.49542390843575
1.06596682,0.850804906486824,0.904329700445712,1.46402592077371,1.39718123697208
1.487599118,1.18706266597927,1.5139597831042,1.47426286790409,1.26632038428388
1.412634264,1.00379361486731,1.2993742330909,1.27523117466458,1.47682305478757
1.571243551,1.14575207553947,1.36898036526968,1.42680523418448,1.33453560759644
1.145750835,0.986501545064986,1.08198931411021,1.62357698232157,1.7072432557089
1.882290808,1.31248996108825,1.6256308402754,1.4662508865843,1.49217584784936
1.880081707,1.17077577491481,1.56975518369753,1.43318725260132,1.49112262837691
1.172014255,0.896379156920997,1.05010619045341,1.47384720813095,1.61634668187272
1.288451249,1.01148617777105,1.11468668080345,1.66900149941351,1.54554427933006
1.761221419,0.957014151730782,1.40421126986326,1.58913156149864,1.70331997402953
2.242619789,1.2605621515688,1.77971835120867,1.38990216966248,1.55774579015165
1.485404522,1.13325785201559,1.41288946042683,1.38859378561203,1.62262547624573
1.087205288,0.763542536701833,0.979067653049047,1.23747641838391,1.33123451778527
1.092168315,0.856264525586626,1.05164683475583,1.23171220663722,1.07292639220813
0.870543328,0.789466236639966,0.859554109424499,1.2538426898122,1.3642159669501
1.681147678,1.21422084286946,1.6011466646717,1.18762431355327,1.10872792829712
1.304185847,0.954481819527906,1.24988418066252,1.20013366188759,1.46120117812117
1.450983709,0.935134464394418,1.23253533096903,1.29142364712412,1.0859951965854
0.618147725,0.533461882822864,0.476819928015153,1.59939519168976,1.72855531145116
2.046541809,1.47444929750384,2.00981867478586,1.62299722023661,1.31257673160622
1.867507896,1.43015529783294,1.83516801141717,1.65019822921667,1.91558080095429
2.131695929,1.24925587959922,1.78394260296883,1.51327951139893,1.49394806281818
1.115430352,0.94564931718481,1.15373349546539,1.69305827817725,1.62863421384621
1.098239943,0.679236546559718,0.924191430461487,1.35071444504037,1.40408488969531
1.701206,1.06451482521044,1.56622628874158,1.33454860295657,0.895495127670799
0.553904177,0.643742497306173,0.754329476878654,1.33524729267931,1.4651717783023
1.258802634,0.854681123447836,1.17996407229836,1.10010905260364,1.17637035386191
1.910608405,1.22288847260912,1.82697015856985,1.06223688806666,0.641060097876435
-0.016590205,0.0212618636529531,-0.0403072803592528,1.02228973524355,1.29863400573884
0.737838822,0.549154383886187,0.693693011756168,1.15130650973104,0.693138713842951
1.01001656,0.610221564494184,0.925291102201387,1.02171742776339,1.23899061878951
1.878077676,0.887311590373306,1.48184501944415,1.11832558737363,1.19944308479666
1.335335309,1.02210338692204,1.42119197345424,1.47613973235358,1.88845926429681
2.140012337,1.10212688745062,1.80065315334657,1.43554279778687,1.42364399157182
1.462120668,0.886041112937295,1.23344036447071,1.53707947589859,1.70935693157732
1.422035182,0.84800064055899,1.2683382591639,1.50250962087811,1.37841854903316
1.117613011,0.974150630276862,1.07754953345055,1.49955815958544,1.58625007871422
1.788009975,1.08119330505678,1.56067095685607,1.48023363439172,1.28926502143943
1.254883505,0.796704090957574,1.07736000702428,1.60895282374006,2.0001733806255
2.403120908,0.599132154748995,0.672246148515249,1.37874329755529,1.53674710943815
1.805740741,1.04164775225108,1.74061345066243,1.71928263828631,1.84636756152284
1.385701464,0.907560124249708,1.38805116659483,1.69471246118348,1.84895781750771
1.900812293,0.860141792074606,1.70410091610364,1.69125025703256,1.43275255614147
1.366169106,0.98307986643171,1.29620506009916,1.62067906444296,1.73652333614901
1.688991248,1.12257304752743,1.4259953438037,1.41123835622111,1.39473108060783
1.434852859,0.91584547662962,1.3561967117899,1.38989972459124,1.27030355280592
1.050756385,0.791274522397751,1.0195571629439,1.36725347941257,0.721743161432845
-0.385198849,-0.016651462888483,-0.0339930567609036,1.62663888416905,1.56921650287202
2.021410682,1.11037326318592,1.76710017914257,1.39727329998606,0.942966314708066
2.111985163,0.958341673083173,1.85009554976057,1.42678926154233,1.68443123336384
1.699803565,1.10275037678458,1.79821679200473,1.59071684065176,1.79092584035742
1.508907479,0.828228481352025,1.33407079270803,1.74416282119898,1.70931005051919
1.752926515,0.861669706484904,1.66010769440806,1.53527294208774,1.36061270761862
1.309183888,0.600308773815632,1.12389815677901,1.42630535761274,1.07103630762316
0.191717722,0.212336730814804,0.142367367489059,1.57129160593357,1.54281104580894
1.719561828,1.02144840052422,1.72549079706052,1.48817211188044,1.02750350796995
1.7073393,1.03882484049967,1.59628803304303,1.45377832434829,1.54266906538631
1.540076818,0.79278111018096,1.36398662260683,1.3348790163214,1.70400064219637
1.915387374,1.01026033689224,1.72235295974714,1.63100621131935,1.11748661092393
0.414372987,0.445466274462745,0.383167882835999,1.75026410144463,2.00430228123142
2.24579682,1.43680055663539,1.93059277008218,1.56569785459524,1.10706724450583
1.560318413,1.14387115350044,1.47483424628614,1.67542272040439,1.85614789358747
1.730070472,1.05792564739263,1.56705340964719,1.58105250481382,1.60684571052247
1.608403977,0.936172879690044,1.33233631148863,1.65459347144301,1.58972163740294
1.448110098,1.09867820370529,1.2194289430547,1.58223748055997,1.59171821464634
1.570830954,1.10406550617922,1.45924033563745,1.58813823581883,1.48377010376759
1.479455833,0.97853484937915,1.26167160895745,1.55790978790693,1.56287949090564
1.60702206,0.700235974784257,1.29205834176791,1.37412634519478,1.42368117666648
1.529720565,0.88370405613298,1.44102762955299,1.51213292800339,0.981872899949889
0.10615525,0.453783335855117,0.433948748936314,1.6230980247267,1.71605566303534
1.920475319,1.05608019442959,1.80552977790343,1.57325764458839,1.03040689853205
1.715671947,0.893798812577094,1.51193881835064,1.59419831096744,1.77854681507436
1.919169411,1.07511012196164,1.7102477857596,1.62325886055471,1.67241664925654
1.622948819,1.14361720752402,1.61845816713494,1.76884002931657,1.79360568919018
1.75851139,1.15895536669041,1.75878124160532,1.61683226984903,1.51335619449116
1.470221989,0.873891855996311,1.36575098504416,1.53805421783796,1.25320620640566
0.72695009,0.43015578737432,0.40053116069767,1.35946271254833,1.23677773796583
0.853527191,0.649552603688502,0.85165885438569,1.42187190911924,1.21170200113851
1.546455183,0.924996645719192,1.31133185225922,1.25155874464061,1.30737287394416
1.812065673,1.0316532120526,1.69088139151199,1.53409293119748,1.46192306384066
1.400053799,0.910893265036168,1.23624633774643,1.57113789261648,1.85006865232248
1.958229025,1.20333147132936,1.77473847585964,1.79752604260382,1.6568826708592
1.921650693,0.837754064828513,1.77520808986423,1.69241717437069,1.69737456601961
1.80170133,0.798751440211705,1.64425771094076,1.70126076624207,0.893196559282272
-0.476359745,0.642173069317208,0.845206311459253,1.88257933255635,1.82744800107088
1.83483297,0.87113259142823,1.71621877089188,1.7306159177243,0.855370726964598
1.903192229,0.77680542735265,1.72714643587492,1.50339883433447,1.52077719061772
1.787430442,0.869381203395533,1.67233889816005,1.17271543268303,0.865793349501318
-0.049590906,-0.0115596777211889,-0.0276600556337071,1.20508185001067,0.648928055664543
-0.912828047,-0.585705609256079,-1.02339688912681,1.28818047910393,1.0380247676393
1.824334728,1.03794358908244,1.70612757082855,1.47745395202084,0.622861559374105
2.020795029,1.22331042711807,1.66452024828388,1.47341374957192,1.61933637077264
1.779488422,1.23303321546792,1.57844256301035,1.76254383407505,1.92248201923984
1.936504602,1.34488003283108,1.7351055782731,1.81019100916413,1.78572330050644
1.779126698,1.29187590378203,1.62277937380472,1.86551513964956,1.81359203878103
1.675972597,1.15340813649038,1.44639713381325,1.85096912727761,1.85359915491227
1.920440785,1.09739191021056,1.73055245052723,1.80898371838501,1.76356115115272
1.84691262,1.17802181514591,1.71879617673446,1.80292478876529,1.81892766997654
1.71392361,1.18793524181957,1.7030169251037,1.89190107412398,1.90802976897757
1.939425774,1.09296662413395,1.56348718200721,1.8400902020862,1.91624484080703
2.187516095,1.08479374794279,1.52177609344016,1.77636637926736,1.74859381113328
1.536155063,1.11346447564378,1.29963221593029,1.94539536171945,2.01536682098559
1.896506188,1.19097228687604,1.7042962253513,1.82006713027463,1.7236381531534
1.877480571,1.09387850354163,1.68870668708437,1.6824232463413,1.67421176610806
1.568890062,1.09270168226599,1.4039364697396,1.67026164346827,1.46617939087955
0.902400658,0.467875877265898,0.763144678484684,1.79343486830618,1.77757432690343
1.988705834,0.998465798515924,1.80458471031358,1.65803387522604,1.33816956490685
1.663573632,1.10179982678728,1.75085503361875,1.62918029446515,1.76478612541334
1.679529842,0.591726549515356,1.24468807529876,1.53853458444691,1.71248232190048
1.741919726,0.733613669843351,1.66762175777662,1.81708178836893,1.68727631380995
1.628538746,0.922486261594049,1.76981531439377,1.87579887794204,1.89700426661364
2.067523,0.944526005296782,1.68117913946982,1.80972928209877,1.83467758291542
2.01924208,1.07819360216602,1.94679948241313,1.84173976914824,2.03109736467244
2.17371073,1.13563891129783,1.8337340243727,1.79632235184007,1.70997663733951
1.328199263,0.738327755269414,1.29138299574927,1.90343971069498,1.98834920945243
1.879888095,0.869136686936511,1.5386692181428,1.60797637304975,1.4875543880768
1.571065194,0.974137582420138,1.63488391813558,1.62045720334975,1.53415493618446
1.267483911,0.683446545788063,1.12382402459543,1.43639683467591,1.38828488876354
1.220371459,0.465212008584959,0.680983474292798,1.4056109881993,1.09782317527752
0.857217785,0.106709548475722,0.777975879936157,0.485655161202627,1.11281938325268
1.643012959,0.182281800748134,1.38373319158941,-0.228214388541604,-0.896242835809458
-3.472784431,0.266771643547742,1.56814973845462,1.57880041614492,1.58629859247817
1.603847985,0.304059791762112,1.41939273344105,0.429502903965742,-0.442112006259317
1.872289412,0.278088537055774,1.60467517371965,0.356373856954604,1.29896436965735
1.656943604,0.38038006439293,1.54858673732459,0.709452264818457,1.64900526819918
1.572487121,0.933112156404658,1.41504873673619,1.59661555366474,1.58989006592501
1.534766875,0.84870779883615,1.354257294404,1.54971077641957,1.48211303171278
1.399248259,0.787744227139499,1.26795731858721,1.44553627783159,1.3980879802067
1.331818373,0.768202488832019,1.25967781248112,1.42954576681864,1.1145816286918
0.65093717,0.376933708194764,0.46666338460645,1.5620899898197,1.52299922674556
1.643580684,0.644690173563975,1.46643917381799,1.53677578187461,1.39019717306118
2.045851833,0.786450365991973,1.70381994814167,1.61554413105483,1.70930583775448
1.921202285,0.967398729353605,1.63465488201743,1.66302891865529,1.90039474573564
1.919172286,0.928246686704113,1.55277732335304,1.67954763540076,1.64381859332664
1.400322208,0.765666414429567,1.40470518613333,1.67507068395958,1.52525276533581
1.373264517,0.611813017432032,1.04498981358925,1.46062045415161,0.614941706572351
-0.624356982,-0.3062870161678,-0.648861581561944,1.72363749566198,1.63551597696003
1.831803616,0.645630638613504,1.77545225767956,1.51325369769451,0.921806538865663
2.245493694,0.887932023820771,1.93910308766503,1.49308157093849,1.61249821737732
1.760988213,0.749815221782892,1.57697736049002,1.52696692523102,1.79905407817403
1.519739665,0.759842820281341,1.57378511238629,1.76367737265946,1.47982320460715
1.160765715,0.614174191332719,1.09424340100442,1.71194174521917,1.30199530189791
0.885815003,0.547316690259192,0.619468960758144,1.41688571374092,1.56654148469152
2.021000366,0.886937991281326,1.82598391337133,1.5805842475588,1.11406286195487
1.147356799,0.755377353549263,0.969915928948938,1.54682670730416,1.98498800870994
2.121245907,1.27660070307359,1.73882085330427,1.81338912363852,1.65553075876322
2.109963696,1.30782937353426,1.6359274173668,1.8706309683907,1.87403919038718
1.762414429,1.14434034693387,1.35568169002052,1.74658425723366,1.90909172492474
1.886791562,0.882261735154389,1.46546330248574,1.73428717711809,1.31330563426297
0.853680155,0.300829606681963,-0.123575801276945,1.45652208089762,1.23457617538167
0.565336959,0.166424318738867,0.902542880543674,1.57310641379382,0.880530922456038
0.436450935,0.802089706830484,1.34525687623778,1.77618135402177,1.5931622961195
2.700840735,0.62033007723877,1.93567050440247,0.906209362191741,1.09572416407899
1.871778815,0.947809572179047,2.09977485741911,1.37340229499275,1.63221678777334
0.801571788,0.132008274607246,0.77280582462167,1.74518558019161,1.69822895476276
1.450941049,1.18608500492669,1.87362931347868,1.48639983920348,1.21109331483788
1.84602072,0.381391061812281,1.43419660672747,1.06589594764743,0.288779491751298
-1.247959126,-0.437918559389116,-1.02601033172842,1.70459081279654,1.75190411680158
1.61399519,0.50246837124045,1.52890118136515,1.66581058975067,0.788669868505276
2.472753869,0.334429933425926,1.62014878901642,1.30909214706696,1.52665452277211
2.095599881,0.547298305707229,1.29418267302482,1.07722678481456,1.20978919102608
-0.095479493,0.222366152486302,0.743814537614158,1.74384667336368,1.76508601636366
1.373804484,0.298056983142858,0.690717004299747,1.69203595514267,0.910773403716748
1.437413128,0.606243913563498,1.86890054608137,1.77141244926298,1.80947103138235
2.323309291,0.725233256347345,1.92014256742416,1.33828434919255,2.16971193063478
3.621870051,0.589171765763016,1.61996573333919,1.07876151218741,0.620680667122231
-1.258418092,-0.185733339477485,-0.767102492443301,1.69219809080083,2.12342934863603
0.723294546,-0.0150483246996574,0.302208265052251,1.22355326842429,0.47270887678946
1.467437145,0.516230229400546,1.28508503632364,1.50229379628145,1.12173182313232
1.625299948,0.720462072951739,1.28064953827271,1.28979004493823,1.76688603738486
2.300977486,0.5293653648551,1.61037030322344,1.37756025711218,1.62626380170787
1.744757738,0.444115999171152,1.40312723074737,1.65725117071011,1.72647786285498
1.176095214,0.681104173412881,1.60726701810482,1.86004176624852,1.7743699853636
1.78342631,0.771521010892541,1.53137548458375,1.50287065026817,1.37130601554349
1.726323241,0.960261852413943,1.74965149796895,1.46242125387842,0.865703335544761
-0.373378638,0.0543040904436967,-0.334648095963172,1.75349575065698,2.00252465901696
2.384658548,1.46811999941413,1.48059157711665,1.57870622538991,0.819312642996265
1.692415479,0.927669366822379,1.35964394590785,1.74489322635548,1.87271619625397
1.708758537,0.769921884624829,1.25126366048845,1.70379546000725,1.78679331983558
1.859838293,0.921262946348051,1.47031754270723,1.80528493389389,1.69496801517654
1.713135518,0.905768238624439,1.46099867385108,1.68364527436756,1.65272749121333
1.463829382,0.711288709891428,1.1360385338841,1.71206500188415,1.61024228580161
1.437428541,0.826458260424258,1.53437994305407,1.68221185163405,1.64132568530679
1.702267034,0.80170854279761,1.41346640048694,1.57174381051252,1.84470107693826
2.312082325,1.07055303077641,1.71369042528291,1.56110933065099,1.66403608673131
