630
-0.389494218,-0.00333889729251114,-0.429825018714234,0.694154551809718,0.265338332188151
0.070543798,0.0489920810149538,-0.462204612734081,0.241921099271817,0.561035613140402
1.599844842,-0.27393192963396,0.0717351566330763,0.203040682001427,0.0357357917789835
-0.102502669,0.0035192515886425,-0.3615155887894,0.124412219115379,1.17467438955952
1.22301215,0.00218785805373767,0.697051280572074,0.300500151604743,-0.127215256462128
-0.400674294,-0.0678092170780514,-0.457191775724594,0.169897303405313,0.42556380090737
-0.223866196,-0.171265857064231,-0.581305228187227,0.180631656077046,-0.143579102249388
-0.322020395,-0.0904066562417344,-0.319293358193599,-0.062081428091539,0.452940402895981
1.423524029,0.123177243908885,0.813194861589469,-0.425588082453608,-0.44204559745899
-0.581418643,-0.0918222079152474,-0.62094451367809,-0.135437058122454,0.304438541454899
-0.63478087,-0.320291886038689,-0.545996408998641,-0.308919113365784,-0.212084260872079
0.004267478,-0.0189256405693303,-0.246883657761363,-0.499191562149697,-0.654341192711836
-0.782773853,-0.117498698438184,-0.54190255589068,-0.251873157052389,-0.228210696724345
-0.606352608,0.0408042941993189,-0.391987538464423,-0.167023014674845,0.139191056128801
1.225342095,0.0828808843481606,0.246274554521472,-0.62149613727465,-0.592739003321316
-0.462231013,-0.301876501789371,-0.518255472929114,-0.559360255581361,-0.11000416621292
-1.241119593,-0.277435938366078,-0.804867089575381,-0.284668586323445,-0.505623959419895
-0.780440471,0.08606799382938,-0.618052445435171,-0.4789032937436,-0.870719426492689
-0.606101071,-0.545569598807151,-0.604996807747008,-0.827286258377314,-0.859068137025903
-0.90913446,-0.458683455069824,-0.670165295762495,-0.897861467592864,-0.713313254612286
-0.774810054,-0.459730107047371,-0.686660987038449,-0.764846777216548,-0.863472871485844
-0.937513322,-0.43312897882805,-0.81229553401151,-0.657481464692185,-0.59855890342067
-0.396392828,-0.288517462876414,-0.404313328074215,-0.817765083479456,-0.695239863711998
-0.425501077,-0.197708744271562,-0.344627040111661,-0.669902092398708,-0.615861377146865
-0.854689213,-0.526242658727253,-0.744137519205068,-0.480345578831662,-0.319825158140622
-0.165295701,-0.304029637362008,-0.520642137954246,-0.592611545239211,-0.617041322722345
-0.357079891,-0.244303030881019,-0.455469487787711,-0.723023611996232,-0.593745729287726
-0.937241361,-0.42625884467054,-0.74398447887268,-0.504599080227446,-0.610134835731661
-0.921043109,-0.465026800483708,-0.660354465138665,-0.590292328485411,-0.740688670980002
-0.571296132,-0.597296270304247,-0.488348229636279,-0.98423438620422,-0.94747281320431
-0.877881031,-0.598533996358581,-0.732862445984944,-1.08470356606677,-1.10624647252945
-1.664293348,-0.650286823053471,-0.801409309961536,-0.735905603560755,-1.00522366744287
-1.29190313,-0.487154107845402,-0.729319171352714,-0.774869557773009,-1.01261762969603
-0.507625237,-0.322216612362168,-0.487648758538834,-0.930160314901373,-0.84146064863143
-0.431102764,-0.169888949637383,-0.407419045983293,-0.621227567618225,-0.272798912231511
0.097768671,0.0465197170585121,0.201552704595614,-0.105393292855115,-0.223394956775715
-0.712978879,-0.519188748341771,-0.644398620302107,-0.718592664225405,-0.721191505433349
-0.719924677,-0.631396596605618,-0.654934592391997,-0.716786526075719,-0.741181539322275
-0.787734775,-0.576404416677871,-0.661762268497132,-0.708792944717468,-0.691118802851355
-0.643235096,-0.541419723033087,-0.590333955577089,-0.745195966866015,-0.777263615206486
-0.786412042,-0.503780791286764,-0.699299774522049,-0.740784947977046,-0.693860799793143
-0.643493629,-0.557100777478905,-0.567189905552647,-0.82539587127269,-0.975334207588202
-1.234730539,-0.784592727448237,-0.644825088424842,-0.758762474682749,-0.774924892696027
-0.905223394,-0.592146574320775,-0.793558043049956,-0.79147142061254,-0.968615328501525
-0.795982237,-0.417987612924921,-0.687389685619653,-0.844300584944411,-0.84345045124174
-0.731930949,-0.397884763552084,-0.716157789922238,-0.879096688650817,-0.818865386797573
-0.837141759,-0.304889372307872,-0.653877491849109,-0.801103912206046,-0.733366719361944
-0.688211001,-0.210254062379897,-0.450277625531254,-0.814204576399884,-0.868149607132339
-0.934276136,-0.853276660270644,-0.258808210797047,-0.762584581304416,-0.750309776212078
-0.804128487,-0.322594997334326,-0.655359718761994,-0.76869649539198,-0.812537777929612
-0.73110801,-0.276840436542476,-0.637494247097638,-0.765855116134911,-0.753411286723362
-0.66393884,-0.275152936728935,-0.613295981840846,-0.790721321008592,-0.785168054494111
-0.874062653,-0.297704602522108,-0.707573916881481,-0.797466202564027,-0.61510698070609
-0.438539073,-0.280504436506225,-0.608493902262333,-0.876228286152694,-1.02722809817985
-1.276819742,-0.358017335251299,-0.564699572343576,-0.767466953162547,-0.665598473774831
-0.834845147,-0.388441184316144,-0.717182326616115,-0.853697780405915,-0.98740266408545
-0.848164033,-0.362054315961386,-0.724710827604376,-0.862890570095528,-0.75388977548243
-0.577802941,-0.350111713716643,-0.536741841858643,-0.970240052148831,-0.870031580317523
-0.895088322,-0.61724163949065,-0.654642267329686,-0.745686141161771,-0.728769542590455
-0.873508178,-0.594702803176181,-0.738896168445777,-0.747449562204507,-0.746595490644192
-0.639959125,-0.513877368912781,-0.603809473878551,-0.687624991086582,-0.753667416658598
-0.636621437,-0.463681215786575,-0.637653869988779,-0.820322527553552,-0.656292262457287
-0.540517116,-0.363969534477049,-0.4675243670102,-0.811403480143477,-0.916519221248333
-1.241556163,-0.756278205423884,-0.989867136851922,-0.702850479031837,-0.729180837872729
-0.891257459,-0.546811760875693,-0.683122621610637,-0.872195270153568,-1.0526493126208
-0.990097689,-0.480523257682841,-0.808557603653937,-0.834307688727753,-0.880793267391388
-0.889094833,-0.36213224442599,-0.683918428169336,-0.83319172537134,-0.748655480857436
-0.487316124,-0.318442901525326,-0.50344186169646,-0.786908867631854,-0.792229196013094
-0.705684204,-0.518781994075785,-0.639271311113733,-0.682907705454106,-0.547391920297028
-0.525094641,-0.424684803957011,-0.521824819865363,-0.684542445180076,-0.670554422901525
-0.651721384,-0.512885473764478,-0.652465766928136,-0.629666282289439,-0.623965200532151
-0.706648298,-0.492789825904989,-0.626741025833842,-0.680498708851587,-0.646897925208545
-0.599321425,-0.371225312658285,-0.596666391598663,-0.728651787894652,-0.841814163169548
-1.015227811,-0.619919812109251,-0.742844603220585,-0.650441945820654,-0.72217583085958
-0.881996357,-0.578704574146456,-0.670925654098183,-0.713270199243846,-0.746833850029059
-0.517992115,-0.53462320752358,-0.524487570050834,-0.749230847315091,-0.774346422330303
-0.671942262,-0.481838536919724,-0.643679231554281,-0.684749283723601,-0.568994745193015
-0.571614427,-0.502745902068874,-0.565529690443792,-0.631359031463337,-0.588260607346239
-0.500328958,-0.28783333464561,-0.431901031447509,-0.618347461145467,-0.605439650787553
-0.589208198,-0.417373984073868,-0.626915297133166,-0.619998552786309,-0.675094910596219
-0.87444252,-0.392673360108372,-0.508212803629544,-0.573715463919876,-0.602159814218081
-0.637344631,-0.296004683393347,-0.503177876858675,-0.633159311262008,-0.697628000708287
-0.563984288,-0.374212100771158,-0.453900705458212,-0.637267994060014,-0.619528860247462
-0.565221817,-0.271301514499644,-0.483664072474431,-0.668301525628428,-0.597626295800136
-0.616193265,-0.355809203352083,-0.596790138907263,-0.517523969419131,-0.59089575759678
-0.692755748,-0.301250798852086,-0.574675700088735,-0.50003158242205,-0.389790856140064
-0.064234347,-0.102116994589288,-0.252556464098275,-0.645908722157129,-0.727270279646381
-0.797006548,-0.44706663417233,-0.196211017027178,-0.558308475186369,-0.40134471563528
-0.648162197,-0.41654862856002,-0.495481257573703,-0.607427071471412,-0.667672513764981
-0.626252909,-0.298337293434808,-0.540324521822541,-0.587531406891494,-0.668324298524418
-0.677171918,-0.522152501123905,-0.512493978150631,-0.692720103264859,-0.665255774506423
-0.708912132,-0.467229669839664,-0.650215165250058,-0.636691209961909,-0.659124931801518
-0.660776748,-0.511112595352095,-0.602109605273096,-0.67053451736574,-0.639518697092994
-0.53533092,-0.474598297734527,-0.607413510692003,-0.714466725862094,-0.736466754057831
-0.823586024,-0.666819302990851,-0.712937067857075,-0.671264605084843,-0.630056326491893
-0.707678099,-0.538853940110844,-0.61450736461928,-0.665661073835871,-0.736636687429936
-0.69731894,-0.591921338929564,-0.666227570098332,-0.676962018066,-0.683584063361147
-0.633944073,-0.603250496968542,-0.637832107945591,-0.721258297627404,-0.714580377013243
-0.736224321,-0.60738333805552,-0.656735875640337,-0.681885003551912,-0.66460685390236
-0.687423612,-0.574915017395019,-0.614407329669202,-0.66781504301482,-0.697752055517875
-0.685404222,-0.58379086168071,-0.630592188783041,-0.653516585579318,-0.648054663472216
-0.598521705,-0.567565890108769,-0.558771828284968,-0.677779071199527,-0.65891939750306
-0.623891851,-0.553147914379874,-0.570585353130562,-0.665534966842981,-0.642672573249122
-0.671958732,-0.600880335140004,-0.614443379370715,-0.672642225434977,-0.652598733079375
-0.683463296,-0.52262352368474,-0.651971150221804,-0.639844482271154,-0.672869525980095
-0.700745029,-0.51752410729873,-0.601735636492969,-0.659178342278104,-0.625776753533495
-0.546883067,-0.515854825897922,-0.574009405074992,-0.691447463447875,-0.702524817874026
-0.711406173,-0.574327363495452,-0.615274055485328,-0.661763912427936,-0.626878061020765
-0.680378365,-0.502243192028809,-0.591971769123768,-0.707422270661705,-0.698156178628243
-0.693901687,-0.512182201175489,-0.593885083132545,-0.695945398495151,-0.728769061655262
-0.786144474,-0.571403772209703,-0.630799113287603,-0.722030590876343,-0.704269787253484
-0.697011409,-0.550700204774864,-0.586503818877945,-0.734607524488528,-0.799325889114095
-0.858193268,-0.571543831543446,-0.670507585129515,-0.676799470983904,-0.677873452748686
-0.673373241,-0.335788633402018,-0.655883586184199,-0.7317601949079,-0.668270186139865
-0.468490134,-0.251179857586694,-0.505046503444744,-0.739909462041737,-0.690939665399594
-0.674628827,-0.271187141912484,-0.0472585932533039,-0.670457957219525,-0.620480596763557
-0.771806581,-0.394902033582243,-0.562987140082914,-0.674464896461886,-0.598024646666376
-0.478396128,-0.21392220741913,-0.416489869258741,-0.69082272451618,-0.845103452139477
-0.981236558,-0.386812145205342,-0.601162988041001,-0.661458897898457,-0.602235394003095
-0.695349867,-0.338884145910679,-0.616348239303659,-0.68501867815976,-0.768641530397413
-0.586634393,-0.211973123504794,-0.563510328484321,-0.65887285263231,-0.786039829982194
-0.988797315,-0.0794494250326207,-0.600444316508907,-0.458382986235685,-0.316279698227894
-0.006281261,-0.140266517378052,-0.37506276995343,-0.539347348631956,-0.530670089618868
-0.067897732,-0.115292809698143,-0.49974692258838,-0.537415458949316,-0.312548514242988
-0.455949629,-0.289513530947591,-0.446061584708353,-0.449770947260894,-0.347915113852174
-0.61898417,-0.329065931317,-0.58870765807717,-0.413067236614557,-0.500720517267311
-0.586952804,-0.310063663055212,-0.566372842146414,-0.564565113136538,-0.636546246061805
-0.692727818,-0.303984215632463,-0.602265944574216,-0.559265141421027,-0.620756445257368
-0.725107881,-0.391659670673854,-0.638738152581692,-0.630069068167937,-0.466280497700081
-0.160305713,-0.325456397831075,-0.686294854013781,-0.624857204103089,-0.757066248364712
-0.886377148,-0.539549657693946,-0.762093120428923,-0.518736999719352,-0.264535665840942
-0.244235983,-0.256359754644029,-0.303339272032934,-0.550038741199087,-0.653555046283632
-0.551772693,-0.247477930965086,-0.616905629748497,-0.366142975978776,-0.323253845164158
-0.308851682,-0.316273289597134,-0.384348224176762,-0.494749375346074,-0.452084740655788
-0.36323128,-0.418732804925306,-0.479373598453263,-0.443468035752629,-0.428482602215215
-0.513662486,-0.418791760758978,-0.510512553834426,-0.421927427617319,-0.447162411596381
-0.553108299,-0.323283864776384,-0.47004532843743,-0.474997849599755,-0.4599082749278
-0.358791388,-0.301614531606164,-0.388658359986751,-0.521745032280395,-0.686244250732413
-0.892484245,-0.436945275920747,-0.756605053695156,-0.531254594058833,-0.426976356870108
-0.431711167,-0.36822372141269,-0.448856879082408,-0.604852906557073,-0.743298042608622
-0.701398017,-0.424143346249628,-0.627540092944069,-0.613197777954281,-0.490640080119354
-0.450331308,-0.313453457868689,-0.392761329493255,-0.677527074312991,-0.698318556399512
-0.741551238,-0.496711167227306,-0.571695853764389,-0.613361221284985,-0.56402725376424
-0.633285735,-0.517898257432402,-0.595657118803517,-0.66638870690313,-0.706513945948879
-0.727741055,-0.525576239680811,-0.704058219855668,-0.609194924033804,-0.627083557344927
-0.606697444,-0.425010397112282,-0.535177169230301,-0.723549209806892,-0.673442932577635
-0.563589366,-0.403213920321744,-0.524457932606632,-0.647424842284515,-0.820440068203952
-1.13419755,-0.368769689176898,-0.695028449913856,-0.464168522342736,-0.465644303613319
-0.422585223,-0.321464496287696,-0.441287308334178,-0.458122422393423,-0.523711967885231
0.078001048,-0.267214248382163,-0.124637089233504,-0.5702853150151,-0.471042911565665
-0.382412173,-0.10463950335905,-0.316566851340222,-0.469552548170654,-0.340124628491268
-0.674425824,-0.352126192497951,-0.531671101299947,-0.534880726619792,-0.482765629398696
-0.600539307,-0.336641952829034,-0.622625351726587,-0.620490303558853,-0.738998995092912
-0.877679677,-0.510235397574409,-0.745130279803902,-0.604733264173076,-0.667418332856663
-0.770586247,-0.587064430354131,-0.647542556531592,-0.629669280411771,-0.671821535768687
-0.517125646,-0.373245534765816,-0.503082523041935,-0.596141819259562,-0.615184695025919
-0.443859378,-0.3690446884757,-0.44755916606606,-0.598222761304746,-0.520183552401908
-0.503936196,-0.379955639360904,-0.449660498372898,-0.530187185427209,-0.414930919696995
-0.347607045,-0.243730116260966,-0.348173097271195,-0.518161900924063,-0.494049286521714
-0.462060284,-0.357670067172855,-0.474725813165075,-0.53939072792849,-0.511397311935661
-0.657669894,-0.338769028840736,-0.595574309029563,-0.504017105163711,-0.536445065572795
-0.682441795,-0.337933383536899,-0.50462142061878,-0.426207367466864,-0.461550273385714
-0.364245509,-0.270721181229516,-0.374490837883419,-0.588071200875017,-0.294498133233643
0.21705927,0.176106257108148,0.320124293809795,-0.534996514603695,-0.536900328134355
-0.745851277,-0.343305263905397,-0.631247216747389,-0.284732189401638,-0.0351186267173456
-0.229278688,-0.147148370949928,-0.199790884528028,-0.392485868888404,-0.302083878077117
0.097770473,-0.285793917851939,-0.357816720158103,-0.27421963366182,-0.382772757038314
-0.632139343,-0.064327374371732,-0.45300423895849,0.0292468776250785,0.216626931138606
0.242048312,0.0324829838918258,-0.0503614041145898,0.049485932244751,0.358924163673464
1.539954313,0.255653129714552,0.739490654279527,-0.194904004288512,-0.136536389352756
-0.396104052,0.0187176594154938,-0.373354206173325,-0.0242529867364973,0.455991356586066
-0.407017722,-0.0691834889293941,-0.382080599790435,-0.146527609509886,-0.302393696773349
-0.452157452,-0.165777312053633,-0.459466379849659,-0.0785873818982771,-0.459848915065742
-0.694435724,-0.0805478759360055,-0.486053208896816,-0.177529139312074,-0.0956810531307028
0.316905427,0.0467521057031589,-0.139280155566635,-0.514925714919068,-0.39956974433245
-0.0323471,-0.236432871289764,-0.362906661964735,-0.507879366580879,-0.29941293494464
-0.810168966,-0.225893205989039,-0.684119047029631,-0.353623855634185,-0.270901639788703
-0.524993235,-0.2392898402759,-0.53639390412528,-0.331829193953412,-0.65889328283454
-0.72085562,-0.39632028683774,-0.65115127614194,-0.396967134027272,-0.328499798088736
-0.001067349,-0.181105723839055,-0.20040793305828,-0.631274633712671,-0.702711450630588
-0.590683638,-0.155156112975764,-0.541540173964081,-0.772463276993864,-0.746575020404573
-0.118310697,-0.102429550954822,0.165213486482746,-1.76850710394223,-4.55031302360773
-9.976731608,-6.24517147061318,-1.34039116980307,-0.417476539591363,-0.428820412425872
-0.691871056,-0.645671613000008,-0.618841592867693,-1.99342221768378,-4.55827965963211
-0.571329867,-0.308457310049609,-0.482357789782266,-1.56525634946061,-1.34334016720017
-0.867556378,-0.675804148077581,-0.41140652432247,-1.82049594759811,-0.666072297737585
-0.524764475,-0.311388883406037,-0.576088705984381,-0.729622951015797,-0.82877235626827
-0.819807085,-0.413200895187427,-0.553162283973241,-0.625167808140055,-0.648732419353954
-0.740631171,-0.612459412230185,-0.688913099479489,-0.703496540044789,-0.704540470679164
-0.606707677,-0.455300065117796,-0.465315726006402,-0.722939534872435,-0.743619213264479
-0.745141974,-0.636826944000463,-0.687126413110745,-0.916663586051446,-0.670382722293878
-0.558345763,-0.262792486546759,-0.558519030322762,-0.87699959684268,-1.15852162651692
-1.752564893,-1.06611334893426,-0.935271394554906,-0.653367313814704,-0.624425477613468
-0.67055227,-0.501555775101039,-0.636616114456878,-0.8540259673331,-1.10578259810816
-0.67765696,-0.465039365636476,-0.58364228271939,-0.662826467075704,-0.597583448696166
-0.371401114,-0.318204346023693,-0.484227876117689,-0.705700807557077,-0.591603856254135
-0.460062466,-0.305475450300431,-0.474847695511793,-0.539498850434852,-0.527315662059231
-0.656115584,-0.45462209544105,-0.598438689874284,-0.556298860727933,-0.482745864998956
-0.406661719,-0.259897284842007,-0.308258022600349,-0.586040824765395,-0.865358118635293
-1.194226825,-0.916092289245702,-0.908340311220741,-0.538220789993276,-0.519119701511202
-0.610379005,-0.379260940555921,-0.506532990096751,-0.62764907605595,-0.80696948579904
-0.531136138,-0.314516191358969,-0.452377067129323,-0.54892384318323,-0.611683474388835
-0.581232164,-0.277462103765643,-0.580231893865693,-0.530631358504075,-0.437742068114873
-0.351989917,-0.0775885944879231,-0.251363756397048,-0.514796315001248,-0.364209593865857
-0.04591938,-0.218288304363936,-0.174097227968384,-0.376574005434259,-0.567127470145486
-0.952918648,-0.169870537549145,-0.597119275023272,-0.0817535202389195,0.156605021936298
0.482393624,-0.0306414517332357,-0.309427775416714,-0.439695766058738,-0.412420182086993
0.108694705,-0.277693991712743,-0.140064364918742,-0.275498952258608,-0.165864383941933
-0.769774252,-0.0439993908909219,-0.698764230431985,-0.10964812424906,0.188394851409787
0.366673258,0.197112988881562,-0.320162486969224,-0.25352223327593,-0.551464640971103
-0.521142371,-0.099498153696289,-0.207536572410514,-0.145919304422654,0.0219468355504646
-0.177233194,-0.136409731260426,-0.391683981943913,-0.238241407247668,-0.278743492884197
-0.163555445,-0.178794440968079,-0.288275300166342,-0.179644211916224,-0.132961689834697
0.01240398,0.0640670885256118,-0.102349397893777,-0.274218818299179,-0.299847636691987
-0.482580424,-0.0725085947897797,-0.3967662693161,-0.126510746271047,-0.0695633175660208
-0.092034904,-0.162816741136266,-0.191402654461951,-0.355731032516247,-0.35930718068308
-0.204375837,-0.374779260457356,-0.533874948619116,-0.519541132156986,-0.511397234586489
-0.763017558,-0.378719022384791,-0.669870770809322,-0.466199681559556,-0.877774781880702
-1.763302153,-0.578886455200047,-0.729974769729975,-0.445282409183099,-0.545271567100297
-0.326587246,-0.409565397010522,-0.27979315664824,-0.785269107600544,-1.25058202842903
-0.983001929,-0.534279971848223,-0.391844271016163,-0.691002473922556,-0.475456805352904
-0.460066493,-0.313423731928124,-0.198698556029535,-0.584431971794657,-0.59707486499075
-0.30620027,-0.0875896104023872,-0.477653409967166,-0.380007963276787,-0.332600898282014
-0.20718959,-0.181898768468832,-0.346758036131465,-0.487072002786933,-0.0398393537203606
0.368081783,-0.221376294603911,0.206511471959415,-0.259765333466063,-0.290647038726556
-0.462407154,-0.288930192215396,-0.464154866137586,-0.00244516501248436,0.268330657153923
0.247119709,-0.0844457111026953,-0.15493117331742,-0.122524092162538,-0.0160901318420394
0.43249648,0.159992098161531,0.449310829573068,-0.225481022729038,-0.0835712389922857
-0.297136607,-0.168906644367871,-0.368034548760513,-0.246370321968837,-0.0444402503007714
-0.510612656,-0.315890840877377,-0.265049796172841,0.0245553505223167,-0.250889797877644
-0.652743034,-0.275608103822445,-0.582180448482665,-0.122903886798823,0.59154626448196
2.039568652,0.283284546005144,0.700438253281274,-0.537470944253796,-0.603928508436686
-0.548730824,-0.111187439253609,-0.395603530296337,-0.517641171990369,0.429691251061287
-0.729349353,-0.314021310936932,-0.551965459566352,-0.515756266735461,-0.646242594808329
-1.169678979,-0.448671456921058,-0.712922826750572,-0.287987787456502,-0.585601779821362
-0.555244368,-0.409638289478334,-0.550307737072752,-0.572249354315489,-0.699974949483464
-0.275886472,-0.445315966028081,-0.31887858632149,-0.727131940927054,-0.561859948913934
-0.390618047,-0.0456052544178889,-0.466007369186958,-0.565181532683088,-0.684528856055515
-1.20086845,-0.170359888485593,-0.583316819782644,-0.262877981748389,-0.25157369829149
-0.163050457,0.006371712456355,-0.208407340600485,-0.262115878828901,-0.482449403065136
0.0966614,0.0346543683247268,-0.374323083221814,-0.200748323369948,-0.0470124743023467
0.185105569,-0.145926301796974,-0.16939153000537,-0.160922291626388,0.181257713461981
0.440170534,0.319081366867175,-0.0191491709628758,-0.0285244763388479,-0.0811797067208043
-0.358422592,0.0771445975394049,-0.373468986711686,0.110701039761519,0.130446822458169
-0.149249187,-0.201063956502022,-0.495129503962647,-0.133893842121106,-0.158901546450861
0.019216824,-0.397293821525005,-0.421531930176532,-0.121596035640838,-0.379681429121336
-0.758186853,-0.0699787676908818,-0.671311902663362,-0.141025862845895,0.158259145366747
0.502597714,-0.249315239957554,0.055807726892803,-0.60322462149355,-0.664631800418933
-0.618317972,-0.180100407209829,-0.440967541687399,-0.379010398324419,-0.361291386758935
-1.144834518,-0.564077050160708,-0.815405285576407,-0.314344525044572,-0.504366711916646
-0.576768314,-0.240504147811202,-0.497870712434201,-0.349281059079713,-0.663858287035575
-0.28185454,-0.227112401699332,-0.289388081743693,-0.584016817094717,-0.468582145003684
-0.197144638,0.0245147881635086,-0.133131044556022,-0.891886550096205,-0.576895763073236
-0.578504855,-0.190661880140271,-0.242671398265298,-0.777994265546577,-1.19404538374949
-2.414149319,0.0246339065576663,-0.689159347064509,-0.348413381861028,-0.654981216827798
-0.96319371,-0.0828441741835387,-0.623388841074968,-0.30416399176659,-0.954649688676944
0.237464976,-0.0953576200477683,0.0266748728087416,-0.815842747021563,-0.503883654720674
0.315844111,0.276613361897027,0.386777492720659,-0.788857695969098,-0.444121124566674
-1.005069594,-0.317799850366398,-0.651954469965444,-0.323885317084973,-0.0801120144077016
-0.417226252,-0.524145897988926,-0.319883126950282,-0.352053102195541,-0.669281842226367
-0.551756452,-0.218285530838678,-0.488073703693736,-0.414922429234137,-0.425594656268315
-0.41866922,-0.119115805491223,-0.398747777550385,-0.414934891935499,-0.332931416181948
-0.09040635,-0.0526098003352564,-0.0653514316201623,-0.46589071521727,-0.38045562654338
-0.239054829,-0.234951519267033,-0.456719217160362,-0.457125508526052,-0.473652276450255
-0.870074359,-0.322248104764209,-0.641761860035498,-0.342428490616423,-0.329930988849786
-0.417519467,-0.352066897406873,-0.449294650410872,-0.396648233500478,-0.654827866816949
-0.572662301,-0.201470508069911,-0.340009310511404,-0.381419706668997,-0.400953873225001
-0.348311414,-0.220057064470864,-0.28495158032898,-0.541927840832422,-0.395368987560602
-0.178516493,-0.0142518849991231,-0.171004573932539,-0.460492550249385,-0.462093939753139
-0.556460759,-0.00832820816119566,-0.298930389839496,-0.500743448953401,-0.342586749653524
-0.378663114,-0.302613225435775,-0.488122789232794,-0.588552172446014,-0.767640144403026
-1.057909906,-0.259439996316336,-0.703445019932682,-0.668772359730902,-0.638006595901563
-0.817545398,-0.186576500984214,-1.49505645269717,-0.682508007720078,-1.09137103864416
-1.407226862,-0.474292830849107,-0.596529426849236,-0.639359965240295,-0.511401183862239
-0.066736493,-0.210058030934202,-0.0665317663561934,-1.02548648338176,-1.08493513771605
-0.841570817,-0.125617383784448,-0.663650925700064,-0.787559595205521,-0.569120411971252
-0.972609255,-0.212943691022008,-0.608972162625921,-0.625410566167578,-0.565210066922288
-0.539361472,-0.235237222053551,-0.535957745290455,-0.445472444841476,-0.197685441632729
0.377034884,0.366232727353574,0.478050359409406,-0.135982489488975,0.446486917234156
1.880453412,0.615228657879178,1.15407390589903,-0.44228664076509,-0.23842920201949
-0.679634048,0.0111409023852539,-0.32719868231252,-0.11891359838079,0.383710830467974
-0.941372014,-0.502162010178522,-0.709532555234325,0.299612521532508,-0.384669088692641
-0.45663483,-0.0899512157341487,-0.436270377805659,-0.264044768166761,-0.586625036866729
-0.361024058,-0.106317976833643,-0.552939022608633,-0.562816474444205,-0.312059969061274
-0.014940348,-0.152479981741646,0.17478552076826,-0.61280895777985,-0.511465673407999
-0.678032138,-0.247125042002704,-0.46349592074251,-0.393398843630621,-0.242992342869499
-0.44754978,-0.213834600173489,-0.413666559546631,-0.246634341603568,-0.410357751076559
-0.297473673,-0.446972976833341,-0.88455119990647,-0.300650949537091,-0.170843602461806
0.219285812,-0.0612517253518316,-0.0218540037977001,-0.489957442056302,-0.360663370558899
-0.390410306,-0.121118738235284,-0.444200478650611,-0.200987370651909,-0.152338144451289
-0.512200432,-0.39853849282333,-0.296374281526218,-0.192035039775858,-0.179682822362537
0.065826892,-0.167138392811905,0.0787800221637958,-0.407729002369922,-0.588351001212049
-0.663619297,-0.415839069398877,-0.513473733004583,-0.536557293720313,-0.443025165726749
-0.911046535,-0.283450161472371,-0.409810411230459,-0.370380883332121,-0.600911215377203
-0.754228404,-0.181980806655553,-0.615796662308259,-0.403635619281285,-0.410144271159469
0.14496834,0.250019171070875,0.0862649763837973,-0.374972613608024,-0.665518779223965
-0.858136186,-0.259903117080637,-0.702766147978139,-0.148592177521922,0.565337345795134
1.343471044,0.134801848915076,0.626549513017375,-0.299767088524235,-0.427975121892799
-0.134274957,0.190334787680889,-0.0599917275745286,-0.0997613250466223,0.47127706042181
0.078523993,-0.10515880255857,0.148561788454022,-0.195953764499786,-0.503140369344358
-1.149580656,-0.230959579431363,-0.579151380153093,-0.0389134493279435,-0.196670715053169
-0.47682102,-0.169908618822504,-0.482690415797731,-0.587600735274917,-0.686388433355303
-0.357156652,-0.28495877404316,-0.462532035920938,-0.669592524650315,-0.618224850609836
-0.702594878,-0.286918218890966,-0.363643046248928,-0.622958434346591,-0.489878387700902
-0.600053885,-0.151006175221866,-0.423539496692015,-0.500387860001229,-0.60559147029829
-0.551955245,-0.329024836303517,-0.466893490308604,-0.594852742173349,-0.593729857557345
-0.544318251,-0.287303770428783,-0.524702662908315,-0.709569436613426,-0.668200338214599
-0.815492152,-0.262446678095002,-0.554087536006007,-0.488140744751262,-0.54944910023343
-0.735908646,-0.103784256119033,-0.478621107779487,-0.541079551018053,-0.143059039466162
0.709682578,0.33106606858073,0.662044503812096,-0.646851401231282,-0.751640154239431
-0.849613506,-0.308729558678474,-0.61019006393728,-0.305989652014758,0.114980349709756
-0.23734304,-0.224394766169261,-0.291411594809028,-0.493908300053507,-0.525418387938309
-0.365085061,-0.319743728982259,-0.44046701964283,-0.460508424704572,-0.456653103897081
-0.617010923,-0.398274542068948,-0.577528076666295,-0.553762167047541,-0.477077796813597
-0.538715995,-0.440099934068599,-0.512927591555762,-0.591318671155559,-0.759176266896696
-0.993658875,-0.304019049468382,-0.6475112513738,-0.560949441888552,-0.592319797711081
-0.644663602,-0.429574041084667,-0.519698034091949,-0.629532760422943,-0.769855253124367
-0.654161553,-0.325931760641603,-0.405040725693616,-0.596476073388401,-0.534643950849345
-0.381237438,-0.26314656444117,-0.410550374807234,-0.650105363688344,-0.523859416667691
-0.346974264,-0.128244744637697,-0.440705057553907,-0.564801628745185,-0.523845086524739
-0.667448289,-0.2777477302956,-0.608803391915784,-0.443550400187399,-0.370796659490123
-0.352603163,-0.300699660320298,0.0312530459733892,-0.449381423134246,-0.588933700515819
-0.589154208,-0.273781907643843,-0.616928771586729,-0.500408867527681,-0.383166407699029
-0.304929556,-0.214858419395571,-0.447435433185794,-0.697268009798433,-0.66103858721984
-0.723514731,-0.0645310842547458,-0.544773532198511,-0.515537249294412,-0.66241547473254
-1.106390206,-0.575912739247163,-0.724312744828377,-0.500563454821132,-0.470663216875588
-0.213152834,-0.306359012149241,-0.220292016298275,-0.78891105872372,-0.832459787386599
-0.561869165,-0.282617841126914,-0.580391441768023,-0.525265131856267,-0.658241921081051
-1.333296633,-0.0341513856397606,-0.629822566341948,-0.30508549332856,0.249499209933296
1.310275837,0.262661476308279,0.51691931406013,-0.560700666942283,-0.895260956142272
-0.613331951,-0.215147636900565,-0.501769830530379,-0.277902588839017,0.277412917212091
-0.360474283,-0.239037171908655,-0.409332810499962,-0.438746565829758,-0.426647183602172
-0.389605685,-0.259486057119298,-0.441235166548285,-0.351174884958401,-0.65069636520248
-0.999439694,-0.369360611056522,-0.733538182560173,-0.438495441675942,-0.486909266550488
-0.633643858,-0.269572022793415,-0.482814059708454,-0.544258326715737,-0.618739651036887
-0.26073968,-0.403656516385995,-0.36895423599659,-0.733728810786566,-0.699065885086879
-0.685244915,-0.430979493800339,-0.598641783090638,-0.751396417645856,-0.630858122097736
-0.970267907,-0.401416968872601,-0.584562853797891,-0.614673364838061,-0.695747253026814
-0.799588446,-0.299936610101286,-0.669545480528916,-0.583053120557214,-0.729493030991571
-0.579764445,-0.36872690862108,-0.294795591436799,-0.674740089268332,-0.564769790564645
-0.297112804,-0.0687854966953366,-0.456586061847078,-0.605814901302542,-0.505924045243474
-0.463489893,-0.476396657855598,-0.577276745905659,-0.466473863872567,-0.180552691298599
0.113745145,-0.0649156302356215,-0.709370683693263,-0.584930348385202,-0.599457093492442
-0.754661895,-0.472399146524448,-0.507749421794143,-0.404450975426998,-0.357804501013511
-0.785692898,-0.299612308002588,-0.589896473643374,-0.313724636852054,-0.577312988831828
-0.554969324,-0.480521522106416,-0.530326884934675,-0.48894270349156,-0.534620746669994
-0.202627612,-0.437258960617455,-0.311325763553945,-0.915378946445935,-0.738589920975433
-0.794744695,-0.392389050159497,-0.617375030219579,-0.752380311260637,-0.847979847883653
-1.628557842,-0.851088987966463,-1.04111722395193,-0.385972517044403,-0.528857443087214
-0.422398866,-0.298133755593248,-0.407697582680542,-0.679176020284131,-0.692666997243583
0.235906398,-0.0293274822759712,-0.0524323824583197,-0.757274766830331,-0.605994783057613
-0.664896841,-0.310184240806796,-0.567196253286058,-0.607925796047374,-0.156995658397963
-0.396801683,-0.342338174393586,-0.399704073239342,-0.46330339422066,-0.573704722135434
-0.601010042,-0.323849497649703,-0.502518744045087,-0.487616482941036,-0.504120516931222
-0.586499111,-0.337846650843064,-0.532301115165144,-0.571194965365714,-0.587555993446435
-0.61911611,-0.269156247921461,-0.759795426500364,-0.536079118386751,-0.542768444719091
-0.501204254,-0.298547394523912,-0.330934077272183,-0.556715333402744,-0.55672147278992
-0.534899412,-0.250607692916464,-0.486313280143249,-0.514818960457066,-0.408348113615078
-0.293472021,-0.311893847912112,-0.363282451999634,-0.490234801060817,-0.430041573559698
-0.294570637,-0.286738066123648,-0.392531080454883,-0.451024627737273,-0.422394642957218
-0.524496502,-0.364546144523688,-0.483175807053253,-0.461579826944497,-0.38216737469585
-0.445751402,-0.346506678015886,-0.426127081119418,-0.50530587477212,-0.531071454504843
-0.564423884,-0.398113296136661,-0.519599080616512,-0.517596381274697,-0.53162153693582
-0.617046618,-0.471216052748155,-0.528041487926132,-0.550760770236927,-0.561339776745647
-0.55809099,-0.467945437382591,-0.533152806644076,-0.620695342596461,-0.638873304500823
-0.662337785,-0.461000086415153,-0.554722818534957,-0.633467576350346,-0.642931271705867
-0.725828718,-0.474399949386315,-0.613838673037739,-0.629231305058666,-0.668934870574133
-0.694716402,-0.322729436368202,-0.602381975802384,-0.645725206596883,-0.688937323390065
-0.693714604,-0.316734343715927,-0.571445783325676,-0.619033993078651,-0.595716782428908
-0.540731502,-0.497979357730959,-0.485748975608174,-0.6149780491114,-0.461108317697762
-0.152894838,-0.236398040871764,-0.192394317024146,-0.679503731053452,-0.608480867000656
-0.638483546,-0.377125942313996,-0.595520858441543,-0.597667326206706,-0.475570483530268
-0.754270119,-0.313391459088996,-0.641995681536702,-0.557547979742679,-0.605850099008865
-0.619437785,-0.528778841720798,-0.62547140901856,-0.616029701242186,-0.731335448069381
-0.747010711,-0.467081081246666,-0.644648535185455,-0.705316390282544,-0.652304358226744
-0.639207136,-0.437214172585489,-0.557209336322156,-0.776080252340014,-0.784025574509911
-0.845999783,-0.40951828935777,-0.625137189293923,-0.670963682467976,-0.721972264925526
-0.824443713,-0.561203108934545,-0.593055846830558,-0.726368825116715,-0.709358250656935
-0.57362271,-0.568438722402699,-0.613421677023769,-0.745454365551669,-0.791992480275171
-0.77080681,-0.462441565948362,-0.619251476805528,-0.788929267466027,-0.657038424168862
-0.635862582,-0.725724667907597,-0.832384816800865,-0.772958435263183,-0.915165946184368
-1.161432609,-0.945018822147512,-4.07632170046431,-0.665252973529725,-0.647070978412884
-0.632040279,-0.573919456809984,-0.928867860720581,-0.755602442681049,-0.890544228133168
-0.707256081,-0.761607540076243,-1.2010513449772,-0.738797485864075,-0.666034177527186
-0.612812284,-0.342140222519308,-0.524994016295906,-0.784064180876334,-0.723729336343368
-0.72872574,-0.496313545426535,-0.60940388871463,-0.701459935205526,-0.719586905775293
-0.84348946,-0.561752258050567,-0.685570817387726,-0.693818822224387,-0.674675140559321
-0.611425313,-0.561448951851026,-0.628107791972788,-0.753101446555023,-0.799305151445033
-0.796188439,-0.610498940186164,-0.683389257894763,-0.670844010940186,-0.647954739298208
-0.67015202,-0.503854784173903,-0.58886723034924,-0.678197752434471,-0.663188613807009
-0.542191781,-0.463633231989671,-0.587246982362122,-0.669631474095577,-0.650344313331477
-0.605468063,-0.466054103814078,-0.530519931935712,-0.686620930431994,-0.616593137840608
-0.647145752,-0.557646075400051,-0.587916827756435,-0.623748736084521,-0.697645715177268
-0.838174495,-0.586870376767199,-0.708164316435932,-0.60419566540427,-0.598810764013346
-0.539768514,-0.43029477300212,-0.476428566682222,-0.676165851960686,-0.733787781642529
-0.655984388,-0.596732352252355,-0.60763769603554,-0.661544225657207,-0.628501955244845
-0.685721474,-0.553012683232795,-0.598609156748031,-0.665610062669951,-0.635822549889109
-0.610420748,-0.574258497927876,-0.595045451359983,-0.660530096677344,-0.700445516390347
-0.739406993,-0.55324082491747,-0.639749650857267,-0.64496360775676,-0.619702334243642
-0.626666937,-0.504150199851583,-0.661981818968063,-0.591956254536285,-0.647348671487246
-0.604800099,-0.329336220567071,-0.436457158576614,-0.672190619332261,-0.517262088254895
-0.330315673,-0.252713637329206,-0.406689748059616,-0.548471062325041,-0.68126811229676
-0.852766143,-0.37247708015765,-0.700487292932127,-0.529733622067897,-0.277694925324985
-0.06046527,-0.119339260171568,-0.0637934227145129,-0.716778905389766,-0.829557849614111
-0.855065208,-0.456901636224018,-0.675137507365518,-0.477270536222009,-0.589501473337667
-1.104357461,-0.724625665506641,-0.751394706883261,-0.644999895098508,-0.615399328549516
-0.426363523,-0.339859269764887,-0.430975319063843,-0.672985507826936,-0.913491792298094
-0.78601036,-0.638091947553499,-0.715816289606762,-0.772817563532854,-0.61781338298141
-0.744665462,-0.470972823881541,-0.620606692483358,-0.687883116853568,-0.648122851655596
-0.544685661,-0.386943457972052,-0.492351782714022,-0.600195242916147,-0.662954422581335
-0.566650018,-0.488927772120638,-0.508062575980951,-0.712341312551191,-0.618458439299111
-0.648224546,-0.438325241798789,-0.620655148229676,-0.690723780733585,-0.65468261633106
-0.731995265,-0.493229270623362,-0.651728951797727,-0.682870749066793,-0.71590196288789
-0.811958166,-0.572802666538501,-0.646683778432221,-0.675348646830096,-0.710300732049288
-0.711257335,-0.61283139904992,-0.6334145879835,-0.728456291206249,-0.726934210823566
-0.639337375,-0.52754066930779,-0.579288960990749,-0.749486765085635,-0.737425751876873
-0.762852314,-0.559911618227998,-0.643500418608078,-0.701294271610219,-0.666621931949798
-0.695641403,-0.483754106248165,-0.627185757959947,-0.663160691604256,-0.672701537998542
-0.602755036,-0.373036651708043,-0.520463576325093,-0.605798013607866,-0.641024236168918
-0.634864824,-0.451557450819373,-0.693061090346203,-0.60816515450071,-0.439543821881913
-0.175597496,-0.390509246577237,-0.401706177927527,-0.705391009794403,-0.689701575107504
-0.74596148,-0.455136433485663,-0.638491908294371,-0.521085914124051,-0.498817123187373
-0.763431782,-0.441626069066361,-0.672457636792637,-0.632209631795337,-0.684016808691015
-0.684902954,-0.388843671740523,-0.654037766816664,-0.711579050239081,-0.758739603605849
-0.747613796,-0.60341360505193,-0.600611702383969,-0.777472238365665,-0.788892239457266
-0.920374724,-0.653530740863411,-0.729878198999473,-0.694644522491472,-0.705994815185705
-0.751071527,-0.558328372777374,-0.614555270351409,-0.720884333181972,-0.559654030740802
-0.1357948,-0.130329753246592,-0.0285342690374888,-0.763975068722546,-0.754865407305093
-0.754378357,-0.533854684734344,-0.651785799220818,-0.630090296637205,-0.435973131220353
-0.638652968,-0.3992447042783,-0.547431812345273,-0.620576757761427,-0.664124875854812
-0.662601761,-0.511807423276199,-0.600642572126324,-0.583571288369081,-0.61917223087724
-0.581047109,-0.414220184801847,-0.529071247543571,-0.690688665880744,-0.664006840339083
-0.644081422,-0.383570768711116,-0.553266282615615,-0.673533880634714,-0.698877216926544
-0.823265618,-0.578189234696207,-0.737760355581831,-0.622604501727898,-0.668501366939061
-0.725909901,-0.575553398554655,-0.665409260596438,-0.674817301228687,-0.676160846342037
-0.526519646,-0.477390789599862,-0.510485192561174,-0.78244375680055,-0.733284278522487
-0.705966958,-0.445661339004274,-0.646590952800736,-0.674046597450402,-0.712835323677847
-0.965602802,-0.544382072339583,-0.749599395529736,-0.610787415227338,-0.498229335952144
-0.216390397,-0.367521035634818,-0.425650668704078,-0.73055402188012,-0.890938394067551
-0.916192881,-0.539370734767592,-0.726144800711646,-0.523346813173644,-0.427044541219495
-0.567678641,-0.379080547661889,-0.552897882231246,-0.598501881379104,-0.577484788278675
-0.282595527,-0.362230268669133,-0.506746326830869,-0.645801635596128,-0.595495551525783
-0.566862615,-0.389763236377873,-0.546740526809229,-0.648072101135939,-0.507471524995325
-0.669518359,-0.455631201481828,-0.569234659327983,-0.582543853716053,-0.648004116587105
-0.775920028,-0.474081613841897,-0.644453028982874,-0.592958587350118,-0.674393913859431
-0.691455035,-0.544432084090617,-0.598268947467036,-0.705107260850764,-0.752460688984872
-0.759921011,-0.519596228558199,-0.644795376888282,-0.679540858149194,-0.691092815068181
-0.691993968,-0.482966338299843,-0.645035683460575,-0.725979372619389,-0.684634725897193
-0.595333586,-0.497547971770337,-0.589286555731015,-0.727382420231992,-0.724096032657419
-0.751645051,-0.529835393917269,-0.635650177903227,-0.701145683590843,-0.666959468316628
-0.723041842,-0.484565523986505,-0.632417945760358,-0.690085484895787,-0.725800544165736
-0.726016709,-0.477248229633566,-0.610683151582217,-0.712911286337437,-0.708480312869722
-0.671115576,-0.626435661556765,-0.652003360830321,-0.75070801565302,-0.770682833396319
-0.842947185,-0.680383948852592,-0.676534179167096,-0.672560873304202,-0.670039305833297
-0.69225938,-0.619353228309171,-0.636635239540198,-0.694184044875931,-0.650361471434643
-0.434241223,-0.417968430434993,-0.4151186626193,-0.736322340523725,-0.732957317370623
-0.756668033,-0.672423831254983,-0.661332279660612,-0.709739304161875,-0.609767694181125
-0.748294189,-0.584888052555377,-0.670330128743182,-0.684964106732266,-0.716342447213464
-0.735904672,-0.549048067483702,-0.667802530989663,-0.677920862925173,-0.680403698638234
-0.619599189,-0.545048920906445,-0.586417938882436,-0.724757498620802,-0.671561144864282
-0.58354991,-0.502287515336913,-0.577094883329052,-0.721871220427176,-0.685639106029516
-0.729302502,-0.560182034801078,-0.656323884645038,-0.699172826825354,-0.676313123414462
-0.756693695,-0.537921491550062,-0.674167803685736,-0.686708260817032,-0.747091106802899
-0.801076769,-0.602658330946499,-0.663389123885898,-0.694336694002248,-0.723484830684215
-0.71012154,-0.52296244997721,-0.633258802386451,-0.658770809267381,-0.70954699925049
-0.63888428,-0.542828558315601,-0.578803654912633,-0.679768297411284,-0.637016856247188
-0.511162534,-0.44130569632194,-0.517886304778125,-0.733395190681916,-0.715547366322825
-0.779057508,-0.599325375322029,-0.543093966803439,-0.639829460263056,-0.657548844841176
-0.830970015,-0.519680668706564,-0.651308252062006,-0.672395005838095,-0.626174332758196
-0.454936124,-0.357300911235884,-0.549228858084159,-0.711424891847956,-0.820958166249499
-0.850359934,-0.459721473987389,-0.594268144554255,-0.697070329300253,-0.5928944033881
-0.699622175,-0.399103766245449,-0.658657513887206,-0.66259591974794,-0.672212088595234
-0.576565287,-0.297042703244197,-0.568515565618799,-0.602680964271514,-0.541051188018917
-0.302178732,-0.351428879108048,-0.404328406459938,-0.724338062244378,-0.667602968965703
-0.747108154,-0.542506579453057,-0.647136889609982,-0.642289922775739,-0.516255994425383
-0.697699383,-0.535786169644318,-0.631628696878518,-0.658514333806247,-0.653734269873444
-0.618973533,-0.493602335450677,-0.589592777746242,-0.62301250588176,-0.662457946557255
-0.635198629,-0.567350513170318,-0.585339314233323,-0.685678681400101,-0.611655979128442
-0.552432992,-0.505779514717562,-0.51165203418726,-0.716341692523722,-0.727987282267122
-0.830815716,-0.650314714308373,-0.680133950390359,-0.674615931268701,-0.666621392437921
-0.780247105,-0.676879000568955,-0.698843025032111,-0.713537286333712,-0.746385526337566
-0.693787571,-0.617706677689943,-0.64377229730604,-0.754522301892092,-0.764710121676516
-0.748039442,-0.575292484618553,-0.645882029264822,-0.759240576732191,-0.725904942590487
-0.743071428,-0.612456651989686,-0.648272716893623,-0.754220756782447,-0.748269628733295
-0.741076342,-0.607178451549839,-0.65515539194896,-0.727060928501137,-0.787202732677313
-0.867693603,-0.493555730245829,-0.686263272222852,-0.671917240508601,-0.683872439810284
-0.636251658,-0.587349184596159,-0.64137154671924,-0.735754840991274,-0.70971274483415
-0.542363979,-0.445942191902739,-0.504036745291239,-0.731418846455184,-0.699533183247757
-0.745460607,-0.528169625065281,-0.630074454605863,-0.709962710598173,-0.604936118059794
-0.610566877,-0.475272649304697,-0.599868375853989,-0.732364835196143,-0.791124410899948
-0.879353398,-0.510386325744313,-0.74456815715084,-0.640153989202972,-0.70317143909695
-0.882695926,-0.570355698723128,-0.747414020739981,-0.671841447567676,-0.518714762866383
-0.11609899,-0.375783113422677,-0.304494960395264,-0.710588162399427,-0.762699062993407
-0.684420757,-0.357396281892482,-0.61165606345032,-0.602294184463706,-0.338769321679565
-0.421551816,-0.282530572093917,-0.456148284947227,-0.65996420239009,-0.604984875864162
-0.566197051,-0.349296852368411,-0.494773379399412,-0.587963765338843,-0.600098217990955
-0.772017329,-0.508152763242272,-0.63219986589909,-0.587850555492319,-0.585174251966181
-0.640080825,-0.437395255681578,-0.580306655543979,-0.541349063492518,-0.627302786046597
-0.602146892,-0.466559365219728,-0.570672841780818,-0.52665659573227,-0.341464558977518
0.04181078,-0.192270732204722,-0.200552835406043,-0.614572921330861,-0.517118890799353
-0.396067033,-0.322194260106935,-0.389997220434601,-0.536336497052967,-0.319743796864659
-0.610773667,-0.323412152855237,-0.492329463618551,-0.357714246014856,-0.387211868295063
-0.485588363,-0.335119243588657,-0.479501437977534,-0.368330778641166,-0.340955219646384
-0.024459998,-0.259185646387401,-0.369203908132809,-0.512186256465045,-0.550066176859174
-0.617934414,-0.465895080928964,-0.569528529518175,-0.509449586885222,-0.302765844166815
-0.450660175,-0.292468198467904,-0.468271716862091,-0.544463569988103,-0.693040288548124
-0.870855401,-0.469276282410599,-0.730816441208459,-0.548979446392698,-0.586113951080042
-0.707630359,-0.48621811102346,-0.593464213371809,-0.683696513314654,-0.760661040988197
-0.749604789,-0.520280138484825,-0.587512872801849,-0.647840619772293,-0.609179997602337
-0.473719624,-0.384789823236643,-0.394452110154079,-0.744513496235276,-0.681935111554532
-0.59913802,-0.487478599295483,-0.572631628691727,-0.624132519645603,-0.620380822829041
-0.763087746,-0.464067851326153,-0.655951742839007,-0.5886135559069,-0.551973857646594
-0.493195236,-0.475726682458562,-0.500072087405783,-0.639583707199157,-0.695928362960007
-0.661894901,-0.490062128566558,-0.594046336621696,-0.589600833522018,-0.573710228805107
-0.636031877,-0.520064533035896,-0.572972410846815,-0.611815344059559,-0.578059920208988
-0.500053915,-0.419605749241276,-0.522697329146909,-0.613348013010479,-0.615251848814322
-0.581389718,-0.532870159892975,-0.536822818816952,-0.633695419779708,-0.591591445762697
-0.663258372,-0.48464587755308,-0.570155302570836,-0.620357548387192,-0.615581117753149
-0.645704263,-0.48546308422047,-0.574403100584048,-0.655266752486466,-0.691543036641602
-0.725319508,-0.457818551100207,-0.613339787291546,-0.677964991752482,-0.712931943591568
-0.780178101,-0.652596243430058,-0.603429571971596,-0.692542497997168,-0.744851729451522
-0.800372395,-0.56200632432781,-0.653031822842316,-0.604705289945208,-0.704757052266849
-0.724184475,-0.522147945951671,-0.66688631346356,-0.620697824430443,-0.477081994976328
-0.075189017,-0.192747322145976,-0.174253216558994,-0.774277279566202,-0.682234614948361
-0.58016298,-0.413133665580116,-0.52614360079342,-0.602163640560483,-0.541664501464526
-0.978853355,-0.591932924116403,-0.784090005562652,-0.489339468755323,-0.516848162850277
-0.530648579,-0.320256264213883,-0.512323213817179,-0.525961889744428,-0.666294167201455
-0.391502707,-0.310841898806207,-0.49332439012075,-0.600080178179308,-0.593456485462953
-0.622099148,-0.309050955093927,-0.494155564217862,-0.554718134896104,-0.445810065652584
-0.441536821,-0.204187128096547,-0.299657275385109,-0.548798734022812,-0.613911117578998
-0.647640223,-0.387037238618283,-0.567758421684064,-0.544559202469851,-0.516561235495824
-0.543449135,-0.351886132287648,-0.480195212294523,-0.643280387959275,-0.667041449342764
-0.74235409,-0.28116134734934,-0.62836146073202,-0.534434237425311,-0.55416079556729
-0.689364373,-0.378821552074802,-0.390643650708624,-0.357210086421098,-0.248496648231752
0.319197867,-0.0890256963270692,0.064078983044399,-0.583773905941342,-0.526911636808018
-0.322493164,-0.200409880702976,-0.334355643481441,-0.666616591270868,-0.205013547464683
-0.52732865,-0.247899957506606,-0.481303738328688,-0.569138487373961,-0.555163038451517
-0.909996355,-0.417892673544796,-0.700640055042955,-0.498066181230802,-0.535559334542381
-0.578500109,-0.380019068245894,-0.530478589044684,-0.597718596681327,-0.735821226914693
-0.639440463,-0.417950071589108,-0.619563337101888,-0.615838391893843,-0.581873599980993
-0.541144757,-0.406944507992018,-0.531925553577411,-0.671718610096551,-0.601998232976708
-0.546932171,-0.447681295930395,-0.529331189416997,-0.565628580455442,-0.620088262336873
-0.756529713,-0.478723964206622,-0.656629482354427,-0.467266960358327,-0.412904076385563
-0.232502928,-0.256315487165521,-0.290423438108593,-0.654711410637432,-0.629275813583386
-0.450192232,-0.277858975675547,-0.374554047453457,-0.604733096567826,-0.655288468523802
-1.112358134,-0.395788574714077,-0.752335980741389,-0.410275779154225,-0.409852413406711
-0.427550547,-0.270744208703087,-0.41987696744526,-0.538905433842118,-0.597177758580297
-0.114577019,-0.213742867062302,-0.202191796208273,-0.60506773031973,-0.547806538468837
-0.568348808,-0.244560163553054,-0.485327549716045,-0.59547543892132,-0.412663247183495
-0.617916314,-0.278928126769814,-0.483888456548357,-0.474358520787825,-0.672980417292786
-0.919571072,-0.592651441764905,-0.762617798186955,-0.360269864739887,-0.484099612312444
-0.460187093,-0.174580099738284,-0.418330707875249,-0.467650359155751,-0.353998621748702
0.241654447,-0.0871407632813552,-0.177934685914084,-0.510923235435186,-0.399606408121392
-0.263209901,-0.261437538860091,-0.313230603961685,-0.454994343507196,-0.114954160849743
-0.346623319,-0.241541989444943,-0.325776967392681,-0.344638477042419,-0.310384733183957
-0.370724267,-0.197237738246453,-0.430438807008356,-0.422001361446453,-0.499347269511768
-0.687235338,-0.356525472176378,-0.573534598451802,-0.404955465669417,-0.479295930070027
-0.617886334,-0.414127722393126,-0.522034856269671,-0.445696075184318,-0.551094648730968
-0.479127151,-0.275732768693087,-0.383610625273717,-0.465023194432454,-0.49782783660481
-0.395418101,-0.292420695683497,-0.378681123672394,-0.391159841988818,-0.378591187764102
-0.249089797,-0.218099637149613,-0.206272907955501,-0.45504112230338,-0.355675621398242
-0.235308848,-0.241633437355215,-0.343984476097966,-0.442678518482566,-0.470643529468688
-0.68596733,-0.294497540812661,-0.250684477719033,-0.41052656294521,-0.403269079853959
-0.520437787,-0.340916101448634,-0.610790149273185,-0.507788186450536,-0.7201457988957
-0.906101895,-0.284891442877282,-0.177287685362402,-0.454216650494358,-0.437152326158582
-0.29957135,-0.297623728691112,-0.352967637070354,-0.714354580457645,-0.70666731332983
-0.523359394,-0.242664253078447,-0.487775418479516,-0.566037580711366,-0.584365078034316
-0.86423703,-0.30656963800777,-0.674621826187875,-0.493949368132574,-0.424055326608986
-0.309678004,-0.297436630437875,-0.386670017325382,-0.550394549492739,-0.680520561983084
-0.556346028,-0.324102129910244,-0.403522339903403,-0.559688100888536,-0.453118250185431
-0.509405031,-0.403254924245949,-0.567915470800363,-0.573638524830638,-0.560467551167763
-0.623672886,-0.306609813778734,-0.477199803051245,-0.402312830082627,-0.457048295520194
-0.43242539,-0.309433242810104,-0.481005949448285,-0.518429384155335,-0.416639247048587
-0.101808269,-0.309963974410121,-0.323579554921774,-0.615815533263915,-0.695177948301507
-0.971015829,-0.424736829937112,-0.693455218164522,-0.470689270024741,-0.432272781437154
-0.753422525,-0.375206116993472,-0.582031293956159,-0.438766289400487,-0.653690874926382
-0.458986479,-0.269529859409836,-0.474419664308493,-0.587598027973292,-0.612290244556014
-0.409594894,-0.404632942449222,-0.374040606760445,-0.676090872089865,-0.614955832788082
-0.745566152,-0.38208870966492,-0.640959109546117,-0.547693008491167,-0.514885118697746
-0.645753317,-0.451014503988803,-0.669537621307,-0.489918007981314,-0.538418000692024
-0.433748626,-0.305858087710675,-0.428313758129909,-0.504601026484457,-0.362690228652876
-0.018968829,-0.120641317395477,-0.0495972832058372,-0.524364364973427,-0.41932711554538
-0.360053221,-0.241241465509734,-0.373717633737257,-0.440515551637542,-0.262706728467095
-0.436974588,-0.258046376761756,-0.361043012308522,-0.406663839135276,-0.385818328008346
-0.459821498,-0.270635711794445,-0.453783738069674,-0.354614678661666,-0.415818450832064
-0.451766361,-0.281418312447129,-0.513513350102901,-0.365687078299249,-0.321469531281576
-0.208200835,-0.24217645344962,-0.399763253283527,-0.417251274475748,-0.266838063455488
0.025501464,-0.139789431694018,-0.334790011710331,-0.572292364695807,-0.466881484212784
-0.670105106,-0.172485670622846,-0.583157770533656,-0.418833654530619,-0.405496896623995
-0.864327607,-0.185645919843779,-0.583546311670819,-0.244832044721033,-0.490223774367756
-0.432362313,-0.179558535569393,-0.422728940929448,-0.504842261310492,-0.547134715285239
-0.176586442,-0.411211287223515,-0.431398446933235,-0.684270769095587,-0.657790851971565
-0.817838288,-0.398624038222347,-0.593146741017475,-0.595513481588736,-0.544584118113096
-0.900777902,-0.484468067658873,-0.583372997374162,-0.506627935123666,-0.697079259804379
-0.723842869,-0.4511501813543,-0.608667232702785,-0.684677958965215,-0.604407642335812
-0.206238805,-0.336224041013516,-0.383357369717873,-0.827289637950872,-0.901791227547888
-1.145683705,-0.275629494272178,-0.761822282608661,-0.647949984431727,-0.420978200440724
-0.550811854,-0.263701519376704,-0.544065286094886,-0.615782230790589,-0.796708152345851
-0.662965234,0.00477377075155731,-0.601770708991501,-0.569552887043972,-0.353293148948667
0.035809049,0.14368573530558,0.232491131448296,-0.706669832038855,-0.716135122482178
-0.836462689,-0.0149946595473684,-0.707648629903963,-0.382215164133522,-0.249520148475473
-0.504468125,-0.31479267496859,-0.472417414045917,-0.269290210442732,-0.368090670036803
0.023603251,-0.12157215495988,0.0398606805627907,-0.424871046162634,-0.385299134416186
-0.157777392,-0.179512372960401,-0.132996773381276,-0.560640672147286,-0.362287038640911
-0.660011707,-0.308148563691686,-0.525852092492094,-0.383807904304196,-0.415240769933942
-0.703973199,-0.0911857289880642,-0.593562911733743,-0.394179329830239,-0.587674114494634
-0.579461749,-0.308491166343117,-0.341543386330579,-0.726488249634254,-0.677024384902782
-0.582608184,-0.415513688084342,-0.569911352213234,-0.729156998623486,-0.874622907933172
-1.306332968,-0.258430020344811,-0.689494627684233,-0.465377338449034,-0.436990930131144
-0.317081102,0.0219748235550128,-0.456761299095086,-0.562501073563358,-0.665355332140253
-0.135743,0.0247645036647662,-0.249413581165192,-0.536095990221766,-0.282085865421571
-0.052000748,-0.148988835416593,-0.138579411875795,-0.568128437537947,-0.327143701999583
-0.44757391,-0.314780008950469,-0.334446314473966,-0.274015747937162,-0.339533417225798
-0.668612016,-0.231393830599714,-0.600489150205976,-0.35981220527663,-0.32611081006707
-0.159720454,-0.193112051437216,-0.238857912393663,-0.491978190912868,-0.73125039842789
-1.006584448,-0.359474576141601,-0.649227053245944,-0.307066459401818,-0.0479377010815318
0.242021062,-0.0550257013856734,0.150686050657736,-0.551735839129723,-0.684552720158888
-0.47355357,-0.305165139644523,-0.487740095311426,-0.439504332119683,-0.218747569974578
-0.47540678,-0.178622557682267,-0.484202728942507,-0.512746244015961,-0.547914438934078
-0.75259133,-0.0129183338063337,-0.55707919232551,-0.32061407108426,-0.44611075912246
-0.415825894,0.214983283233147,0.129046344730124,-0.514748797586596,-0.607744994262001
-0.524426984,-0.20471953219566,-0.523815481584112,-0.486704297822972,-0.431829180268153
-0.38738006,-0.188609234536309,-0.380134423998318,-0.493550384252966,-0.505965572716801
-0.521904286,-0.249022969413797,-0.473174207523644,-0.453594393169627,-0.381735097529612
-0.301871403,-0.362938663244803,-0.367777487106964,-0.59312962737302,-0.586911306774435
-0.659579308,-0.33148718387696,-0.421929693324018,-0.436790925076409,-0.528049963487327
-0.830905526,-0.631782486084016,-0.621241785143873,-0.50037060240334,-0.363509551075922
-0.016950808,-0.116603508055977,-0.290162452339876,-0.645849660980127,-0.743652849973806
-0.770921982,-0.330580612450143,-0.675893118839234,-0.595011327414147,-0.135278161103397
-0.136706652,-0.137093475603769,-0.237062012740835,-0.618074987788928,-0.675409336979205
