630
-1.092523201,-0.315518380640587,-0.942482945048786,-0.472581923444128,-0.751346421708438
-0.887366723,-0.382336928188442,-1.25856010904787,-0.684568606181809,-0.491516071155453
0.132218582,-0.506447809336567,-0.313944453805103,-0.457120618965638,-0.765665471498096
-0.857522332,-0.0682986642002165,-0.468340128602126,-0.581011934067301,0.351185892556369
0.983727164,0.135699595542263,0.673230550713795,-0.61295320325318,-0.744381290672862
-0.714535824,-0.312619515767635,-0.792713445670066,-0.632917849429193,-0.133214370170342
-1.018657423,-0.368598789403637,-1.08031048384721,-0.441170209920173,-0.672403620877041
-1.000121033,-0.128286855469017,-0.66465376274104,-0.609146161596988,-0.457875742989783
0.218403687,-0.083546507213824,-0.217141368782019,-1.00889501972509,-1.03181999246331
-1.052707849,-0.273344854327121,-0.89504534687746,-0.933141118782345,-0.573697292383161
-1.250706863,-0.430105107997208,-1.06448225548086,-0.649518840095949,-0.848707746658851
-0.917507732,-0.280932386815048,-0.900482389540417,-0.802727818682271,-0.692151846024123
-0.003470182,0.0449535101265873,-0.0362928846367465,-1.27582488957117,-1.0955138627802
-1.080744181,-0.0943290880070059,-0.839261907369269,-0.802603187861021,-1.11683743953858
-2.502826406,-0.755894865320703,-1.27642350988486,-0.565260578715796,-0.335000372589196
0.462231013,-0.108757968840559,0.00563370579474704,-0.613358344654105,-1.54192167988639
-1.07352655,-0.159511900134697,-0.748105491020161,-0.67565421998705,0.350707987056099
0.940342748,0.568959038536522,0.39347901111493,-0.920652502664431,-0.954667209582576
-0.990090569,-0.475662842770631,-0.987832527879361,-0.495014886227276,-0.211899683512201
-1.050468133,-0.40471950388754,-0.839926471337416,-0.900269277207744,-1.01954333669896
-1.44618199,-0.519173427914298,-1.1303787292485,-0.712709908648737,-0.728041784064793
-0.383748976,-0.327174787933063,-0.48553426079652,-1.00093544868389,-1.10939301770829
-0.899582402,-0.313378720065744,-0.594040566071382,-0.933356306543836,-0.513675148489555
-0.402078999,-0.332829049368361,-0.57504206695333,-0.964461452366869,-0.930708917780383
-0.989318063,-0.56014149837101,-0.796998818043854,-0.72105376426586,-0.820113658432489
-1.232970992,-0.613273431485928,-1.13736154587269,-0.773685385169674,-0.868078967526618
-0.837611193,-0.34244914503938,-0.741885291076825,-0.860991520017064,-0.969125561015277
-0.657418973,-0.544103901284847,-0.79519195678779,-1.0290967349153,-1.09403264548971
-1.339024234,-0.66323163776622,-0.963975411882825,-0.975966562721435,-0.880112763053889
-1.07749471,-0.64854636624123,-1.04443658273756,-0.994837797047485,-1.12809332660585
-0.982150425,-0.603151354738252,-0.990756962836929,-0.970878940631125,-1.14870450262415
-1.274940317,-0.750335553923844,-1.26490429839882,-1.13344575644659,-0.871738038243615
-0.632701277,-0.503858868185513,-0.827400403199145,-1.15917930215463,-1.30207065557813
-1.407420773,-0.423059489608839,-0.993058099097832,-1.05781490724161,-0.941607783376475
-1.210721555,-0.361164532266624,-0.858891552398857,-1.01563401489414,-1.08979090353332
-0.866794728,-0.429387514466366,-1.41747186771431,-0.94585212862414,-1.07263551356024
-0.606833147,-0.508668108717795,-0.489138739378383,-0.701454390038783,-0.862186328865269
-1.076718761,-0.774512676583986,-0.930211663836287,-0.742239234846882,-0.76110003158824
-0.919870931,-0.6493608108465,-0.731238862687752,-0.803653323883038,-0.915482251707423
-0.824196376,-0.611951241364455,-0.699289111545531,-0.842596863984875,-0.875275388194544
-0.799861369,-0.555672349126434,-0.592741605431898,-0.952435616231865,-0.878929305771242
-0.834551531,-0.575172918147128,-0.743487976562557,-0.880222605865378,-1.09618595369916
-1.508335602,-0.86340647633577,-1.03952623638913,-0.745453015717481,-0.762566847068733
-0.709415415,-0.602898654782541,-0.623670942396125,-0.826970093162009,-1.00967741093013
-0.578613875,-0.438179435974399,-0.421956135253018,-0.903734817645948,-0.809983830125472
-0.796426867,-0.473739073942652,-0.606737014150851,-0.769414440466141,-0.736938770458376
-0.951074232,-0.4342681215005,-0.725160208726978,-0.657220591750997,-0.556368579648538
-0.151895627,-0.136616049236194,-0.181966990699248,-0.887276832463252,-1.17724970861701
-1.538502009,-1.19797838090559,-1.59983240530492,-0.663161004959744,-0.543457390890267
-0.872172157,-0.479773770126027,-0.766680530175202,-0.806929691282631,-0.933843297661398
-0.470463443,-0.289227290359975,-0.407070207715465,-0.702698591771401,-0.871478777135458
-0.842656624,-0.354078835419655,-0.679324634349217,-0.630220654808785,-0.547857050334755
-0.625768464,-0.35647000329203,-0.520783589191133,-0.653757737014128,-0.473463502452115
-0.048244719,-0.142258166154984,-0.182666274215159,-0.745637395777829,-0.687542232812271
-0.672694177,-0.423574269448954,-0.661150691037748,-0.77029548047637,-0.575168277521082
-1.040330219,-0.504652120253025,-0.89160284675872,-0.707251672601256,-0.720971238476732
-0.841337764,-0.437936954771237,-0.696995547523911,-0.89720430510465,-0.934032275069046
-0.853388312,-0.430022015685812,-0.626851143167011,-0.92419824018629,-0.995525069637256
-1.174824088,-0.724934739042554,-0.898890790366144,-0.914007845008606,-0.864988434010137
-0.865360414,-0.5916736224067,-0.701725423826167,-0.912212200664724,-1.02968057737204
-0.950391655,-0.453218477220679,-0.803565439746046,-0.927056210798763,-0.867802410096815
-0.805114098,-0.401841736298407,-0.677194752211325,-0.979360529915479,-0.96050068657403
-0.992182104,-0.355220950463137,-0.404850701596787,-0.899402743105031,-0.859914650239219
-0.865843265,-0.58348915255876,-0.809197404165968,-0.894460040135305,-1.01026223134208
-1.135132748,-0.492663517356367,-0.956988738102181,-0.734181343848612,-0.735184339208717
-0.647034966,-0.23653507459544,-0.381660448427356,-0.714843402397229,-0.679793545954708
-0.220841737,-0.182196055981137,-0.112611714659149,-0.744245276404234,-0.606865459657448
-0.42987218,-0.280252901284271,-0.226804365186128,-0.693617724050988,-0.59352217277337
-0.890795948,-0.613085203535094,-0.748819043605203,-0.735073974244579,-0.654774256171028
-0.875157734,-0.630126973070119,-0.732941631418198,-0.810253953322645,-0.929579954330202
-1.070422787,-0.767422491648532,-0.895669798511509,-0.78494722708772,-0.868936477623929
-0.933220011,-0.604413782455801,-0.730096937845585,-0.814671093908329,-0.779865547965238
-0.495784169,-0.383415853923786,-0.403190431512211,-0.887623794113557,-0.802798436962223
-0.612955169,-0.51550090615278,-0.587711155173593,-0.868147743941385,-0.732976323445559
-0.883127122,-0.602054074174316,-0.794680752401596,-0.796747408672931,-0.807668253671766
-1.025827521,-0.693827473452336,-0.925394790199203,-0.704236222987612,-0.880122347656136
-0.941171653,-0.574169223072229,-0.722297899780542,-0.790822130344079,-0.894902065952287
-0.817203973,-0.631844400962994,-0.704213880851028,-0.81599544845267,-0.798342944822493
-0.646370925,-0.327137856681251,-0.481107712714619,-0.827444747868548,-0.743718141672685
-0.599998733,-0.410756816312047,-0.485544105977835,-0.795046742861184,-0.805288667032
-0.950526944,-0.432589016188117,-0.341605882587316,-0.80658642612397,-0.731066724695433
-0.7715861,-0.311514134454565,-0.647662277375275,-0.857584059398285,-1.09997758623361
-1.40996072,-0.573949475097281,-1.09180350434986,-0.705454546098563,-0.734872325944504
-0.67826618,-0.20379827022715,-0.271380234139243,-0.846082054975157,-1.00012378318041
-0.667100798,-0.307996052444583,-0.458710137717633,-0.805933794357028,-0.774031102618079
-0.783154497,-0.258651083090258,-0.588556762165935,-0.829229130215224,-0.702737156578341
-0.64755166,-0.116574597016557,-0.178640620448119,-0.832133660955907,-0.95711354000268
-1.149557648,-0.597824683858888,-1.33488242554104,-0.852163730969413,-0.895939206191796
-1.170129814,-0.426943154390243,-1.00908537714583,-1.04442972105494,-0.977119822146278
-0.744924102,-0.315310156938716,-0.761186658312464,-1.09088353564409,-1.39179555403121
-1.77014112,-0.713857779580115,-1.19629716626177,-0.955453395307252,-0.812378224894326
-0.827393269,-0.459487391791487,-0.720416503407983,-1.05904191263851,-1.19570194001393
-0.801118712,-0.490763487122423,-0.69608668297304,-0.904772883052148,-0.756168699787715
-0.512139689,-0.288474940405131,-0.435629357123803,-0.972710992932305,-0.844465575503238
-0.88176714,-0.707977670354607,-0.814576794687513,-0.780756901091067,-0.667410673659299
-0.755082373,-0.589825909380406,-0.681015784287198,-0.793224380443256,-0.86420832456808
-0.907892204,-0.687950565413816,-0.759229181168973,-0.746778828605874,-0.794629136033073
-0.831071559,-0.681051221118613,-0.723915586311908,-0.792717750838672,-0.830330455886936
-0.795312436,-0.635067738572488,-0.677822162104769,-0.75117752909384,-0.746136808810568
-0.659996992,-0.564793102916642,-0.573488372574899,-0.751077605852085,-0.707135741279554
-0.592849637,-0.53897975036794,-0.525526136631435,-0.737656324026663,-0.702036248907122
-0.713437873,-0.557560152695813,-0.62423158501739,-0.72160710310858,-0.691040319733746
-0.756634798,-0.534399697562352,-0.608081084317353,-0.682486484924608,-0.791530658482576
-0.932925819,-0.681493280169461,-0.782167646967463,-0.737202791094539,-0.683029007682259
-0.570245698,-0.504943527160636,-0.51789009082084,-0.854981238377152,-0.898030867240026
-0.862603642,-0.621339209048553,-0.713044423290648,-0.867398446415186,-0.835910981588223
-1.047034787,-0.702278274222717,-0.825070959938596,-0.904002402134254,-0.951026824519026
-1.103195079,-0.73979953308717,-0.887349758121852,-0.867802988263165,-0.967069395432234
-0.923481949,-0.646993627491368,-0.726817270326042,-0.971911795579198,-0.99569235633581
-0.883882538,-0.644523590090091,-0.742460642706784,-1.01024242454946,-0.975106884160654
-1.002820337,-0.693661719634042,-0.841134490094708,-0.971903758529457,-0.94485363697386
-0.997242738,-0.651680042209791,-0.752160783582089,-0.944123151046686,-0.988163850813504
-0.994754443,-0.69964320571879,-0.855638515067777,-0.969804088435475,-0.978888961429835
-0.930447806,-0.320365943731058,-0.816782951253641,-1.03820123871523,-1.068447652471
-1.079424787,-0.224014544739746,-0.842610864587677,-1.05919107134286,-1.2183838318552
-1.550639392,-0.691956531112415,-0.892593654352366,-1.01242921259738,-1.12448673992355
-1.26097025,-0.48807488584515,-1.1199546273885,-1.0769590746342,-1.13354852785673
-0.707487231,-0.211890682717409,-0.609059589671684,-1.15817790913362,-1.27614581955258
-1.320190681,-0.457431111484826,-1.13560717189773,-1.08036647322346,-0.853418534256555
-0.943874019,-0.616309329079101,-0.803759902106972,-0.852744286154392,-0.98479378118121
-0.829093825,-0.444435114852763,-0.681870946235683,-0.764864165404235,-0.572102403945848
-0.136181666,-0.0591837092863594,0.03443698681954,-0.805596596001704,-0.559811188058245
-0.167799408,-0.200210079288153,-0.480014791033816,-0.821325782809177,-0.535464095180551
-0.76319662,-0.413076577361089,-0.705897631368857,-0.659169508705178,-0.684857131530746
-1.28012919,-0.638214243033559,-1.04389616213709,-0.576617017312776,-0.679273165376501
-0.622766151,-0.436328083481218,-0.595078289381778,-0.95723553420548,-1.1070038980657
-1.014860332,-0.565884205038533,-0.772506723940844,-0.911005148462242,-0.893543139438365
-1.125409546,-0.587115228600644,-0.965562206466258,-0.927849470129577,-0.893384118415918
-0.778783756,-0.505684755405473,-0.671046140664466,-0.973922711195937,-1.07083055585863
-1.020194422,-0.628084645832969,-0.772314515855117,-0.986513839816278,-0.988611260382513
-1.217170542,-0.711383563793307,-1.06713581422389,-0.835212985890908,-0.880200407916271
-0.815086831,-0.403029433838443,-0.610137663330868,-0.803069206125084,-0.846078636123905
-0.457439777,-0.256141138577215,-0.375202392526131,-0.884357394512952,-0.835243113749002
-0.788189493,-0.523290782594611,-0.736800403295788,-0.870539255242628,-0.693566589230474
-0.793980844,-0.531280925350611,-0.675187906165036,-0.849852760981894,-1.01695628709286
-1.405701866,-0.784371311470439,-1.15173289442667,-0.66976317688775,-0.697359882474931
-0.613734943,-0.370388626232204,-0.477382950942937,-0.724608931663731,-0.943213860310093
-0.646891536,-0.431446144182108,-0.565456425522105,-0.738206342805203,-0.438202161726946
-0.083928982,-0.0851692517629088,-0.0437922520172052,-0.711137268245327,-0.617269145604709
-0.566620907,-0.394182989764284,-0.43748016048652,-0.58134202479212,-0.402564576900526
-0.560959726,-0.387641336470564,-0.464601296601922,-0.64152041442948,-0.781482101999155
-1.077242641,-0.540760423572798,-0.777114159748279,-0.631009655979184,-0.743649973019626
-0.908044278,-0.582161357642962,-0.812937427803778,-0.829525592810411,-1.04137686768657
-1.109032515,-0.620957869045757,-0.908906716515513,-0.842316077648513,-0.932346996881474
-0.989218764,-0.548886355703802,-0.717174693122722,-0.863448426602245,-0.881238010730909
-0.69600104,-0.490835586243258,-0.624405360293012,-0.862757257135901,-0.801180049125703
-0.574740351,-0.441095017776162,-0.545602572447214,-0.928701285946925,-0.740579013387656
-0.69337583,-0.324168763778518,-0.454068898159015,-0.867780220899525,-0.799079595226417
-0.974276214,-0.517478413901327,-0.776836380934058,-0.822099598820728,-0.907087836169707
-1.156162258,-0.57541366864525,-0.851690162057023,-0.891510585462226,-0.972076480465341
-0.971990352,-0.39145754852579,-0.622796710990406,-1.08876920537665,-1.18753754019411
-1.280120355,-0.672132884258389,-0.970291519127292,-1.08013463864567,-1.04624236681996
-1.092647905,-0.547141133981165,-0.907938039653194,-1.16528478697631,-1.18264582423464
-1.114217462,-0.624405963640351,-0.882303520482306,-1.11313026231029,-1.16000966486337
-1.27917317,-0.76987936511182,-1.04586973337622,-1.03823243269801,-0.95154634761384
-0.775117691,-0.586542504851667,-0.756506864830474,-1.04288190597246,-1.06050565567812
-0.819461707,-0.57647873355456,-0.741330691772532,-0.976000265730173,-0.990256599018569
-1.212276328,-0.787872252740308,-1.06315691040465,-0.917075521997018,-0.755298005857609
-0.644105362,-0.363018258905636,-0.455038256425863,-0.848462675768162,-1.04201307406589
-0.972668311,-0.679851460030156,-0.879604874304752,-0.825865986719995,-0.704553088620412
-0.665307351,-0.436344351436335,-0.557994484472142,-0.884802408470842,-0.877746786813931
-0.823116913,-0.444437410613104,-0.6852960962326,-0.722422157573083,-0.756092175328537
-0.907431045,-0.475391939712744,-0.911738461058965,-0.804278442108498,-0.519911988048993
-0.08917939,-0.0516327922909721,-0.137398877465355,-1.00473585018562,-0.974661907263467
-0.996969935,-0.368530263321805,-0.747453778033562,-0.809906357407464,-0.80415363833988
-1.596890239,-0.383592949659861,-0.856194772237677,-0.769709870601791,-0.577160297867446
-0.137840338,-0.347802814793977,-0.342049481802046,-1.06684718566796,-1.27228710833409
-1.034437291,-0.465901778138692,-0.898591803182589,-1.06461790191293,-0.757021051482818
-1.135901312,-0.504208194231989,-0.875619238848394,-1.00154301418676,-1.15841460058622
-1.49279193,-0.838326925587413,-1.16913113395419,-0.716023788233352,-0.944412897427893
-0.869823086,-0.489090353262489,-0.660238591289025,-0.82791401492687,-0.865011373187152
-0.240771047,-0.181962285250769,-0.223480370874649,-0.813257645802553,-0.779602238173248
-0.63398247,-0.335512925384273,-0.504611863418376,-0.645277653460707,-0.393334817500566
-0.392507148,-0.17638153386375,-0.183266277437236,-0.557566978576297,-0.646241559460916
-0.767714556,-0.264226147455123,-0.436972625268961,-0.398683498035208,-0.374073443303441
-0.296006479,-0.23768111543705,-0.28207713340466,-0.587051596091706,-0.605766787539717
-0.448605956,-0.285773504077742,-0.363803120061495,-0.557292192858259,-0.560848335724146
-0.780656097,-0.370323745046247,-0.562494113907919,-0.599558378291115,-0.550209139875248
-0.645257414,-0.47361343829238,-0.62298941307146,-0.704963595608616,-0.75364983433441
-0.696978584,-0.209664935337442,-0.710516640828331,-0.740363124419594,-0.948999854376746
-1.07107632,-0.14860500960955,-0.91099737784527,-1.04883995915426,-1.44474097008683
-1.075887902,-0.199438539478492,-0.760328766491202,-1.94312445317846,-4.78655873232613
-9.976731608,-5.27264248409125,-1.07794958340333,-0.790162912473437,-0.793926303133978
-0.480414486,-0.687319985063141,-0.676662238341915,-2.32509353185237,-4.69675681878968
-0.744226355,-0.169028952573754,-0.640976999806363,-1.68817309024573,-1.25262143405424
-0.825258048,-0.618316707846848,-1.48705393180696,-1.84940944126799,-0.775129753834495
-0.609479817,-0.318616888550384,-0.512898115316577,-0.927802870480136,-0.897105053181571
-0.873037044,-0.461574297522745,-0.780476417317535,-0.917402313858133,-1.0466805755928
-1.551569333,-0.730504948962924,-1.35609082215012,-0.805517899940501,-0.856460824875869
-0.911413762,-0.613177212937703,-0.777180880496364,-0.900202129193204,-1.05643801244102
-0.664038085,-0.658329144700105,-0.710118125864908,-1.23178073381825,-0.841832788076511
-0.468703095,-0.269693504561551,-0.356119389520376,-1.18298036221698,-1.33611875729763
-2.174704436,-1.07867208394594,-1.46100325696735,-0.7811908662844,-0.621094551358294
-0.714455736,-0.479581413255963,-0.654699442934509,-1.07400315036088,-1.3941310330799
-0.912308326,-0.475171752282051,-0.789064581385165,-0.793948487061275,-0.742800313352809
-0.59710279,-0.372354100317625,-0.655342709785457,-0.877328328452057,-0.728842294146126
-0.473370058,-0.264543959761879,-0.35434923783821,-0.889122027715194,-0.807006420650121
-0.907474315,-0.434835169693114,-0.79221962818091,-0.884658245630264,-0.911511758131067
-1.303027189,-0.32801891024523,-0.726268706921994,-0.750556092181592,-1.14467788092238
-1.577840796,-0.916975317912356,-1.51517980425244,-0.851529267951198,-0.95762171787804
-0.657204851,-0.33231524334868,-0.692899503343141,-0.925153121149872,-1.17023011551033
-0.879732858,-0.257670027114412,-0.773221518956644,-0.975248395533652,-0.614952016253311
-0.269670779,-0.159580621881344,-0.64993935874668,-1.18215000452768,-1.14356027997904
-1.331695186,-0.188086897944016,-0.299972261843961,-0.988091778313086,-1.14357542984693
-2.080756479,-0.610543150049033,-1.22280065817546,-1.02433038503654,-1.1242109948008
-0.970684091,-0.478104085758753,-0.762227605771814,-1.35270843472599,-1.76512699848178
-1.612750811,-0.651978251355432,-1.63262258949835,-1.33031361404057,-1.26808274538317
-1.504257076,-1.00929018938462,-1.50497891054914,-1.31720214597383,-1.23739209072226
-0.860931729,-0.33891782363948,-0.721285888201638,-1.33599887928761,-1.43651109973814
-1.376175367,-0.479159112959937,-0.521995822871419,-1.31567088213294,-1.12488943446644
-1.263256929,-0.674978419741111,-1.09695474579617,-1.31336740074823,-1.38281466664103
-1.495405073,-0.742642855529425,-1.36471577400624,-1.09540037501611,-1.2390628237676
-1.30363311,-0.52450275969839,-1.1197202434237,-1.06431808883775,-1.06165656335821
-0.6960011,-0.571694878487146,-1.03024127387638,-1.23099746839956,-0.897091670357216
-0.321212838,-0.148682826677675,-0.291278478560083,-1.2562713534307,-1.0417514026626
-1.274036892,-0.68028493310707,-1.45423547712132,-1.06018694605907,-0.895340830919297
-1.407580952,-0.626304232347229,-1.04787173938857,-0.948744854948284,-1.24637456152953
-1.385828795,-0.677113430071749,-1.19104243629176,-1.21066669435931,-1.2607101605774
-1.046785722,-0.801904935063472,-1.32296097623705,-1.43996584055178,-1.57168591458218
-1.881853729,-0.753296740356184,-1.46239553588687,-1.24996357435659,-1.08388746647216
-1.054541153,-0.699969965381189,-1.43420038726128,-1.26125301550049,-1.46264711390853
-1.264667086,-0.523427538131755,-0.858491134575027,-1.32659296104216,-0.867343262641368
-0.335087088,-0.26635350102189,-0.542049031444712,-1.50836027773889,-1.58757018787026
-2.201757126,-0.548657072531334,-1.57843080680356,-0.888203577338464,-0.417712646748248
-0.247068594,-0.607576600372313,-0.912025702178599,-1.23976738733702,-1.48244414562334
-1.006295744,-0.542437071688409,-1.03960418975783,-1.09459151625132,-0.807665386847488
-1.15575987,-0.203185848853587,-0.571463481993783,-1.25929705045484,-0.903837850688138
-0.773135301,-0.359357200019755,-0.665028692826248,-1.15873196458212,-1.29427680557135
-1.493823762,-0.541258873451183,-1.31717443539435,-1.05302856790433,-1.06876516581941
-1.491568832,-0.57181247540564,-1.5693123920226,-0.94074826465825,-0.844160513822804
-0.386873809,-0.262091863551828,-0.840758918799201,-1.07155557293004,-0.625089821089456
0.445999042,-0.219180689174659,-0.463150364316675,-1.12613157437345,-0.783297188304084
-0.994743563,-0.121437453949836,-0.491758876628088,-0.867171596525032,-0.420587045790927
-1.064666126,-0.334438391361933,-0.930015250269791,-0.868123808504408,-1.17661213669642
-1.65983017,-0.52141004257669,-0.847466022366085,-0.886792165093591,-0.983336283335698
-0.929216253,-0.416042917011646,-0.942025601069444,-1.00309002928058,-1.28810929938743
-1.129643256,-0.539121933220943,-1.07134120160013,-0.881977204491023,-0.683720221015785
-0.307127167,-0.0170488140279931,-0.285492749190983,-0.847843659089831,-0.82991810852212
-0.561217532,-0.192857901624035,-0.300715593439983,-0.759641780529781,-0.443418268940753
-0.367471925,-0.130458134740357,-0.26673767970198,-0.877999526528732,-0.758418178355643
-0.855081613,-0.330913026940521,-0.78122091128732,-0.880297716611396,-1.02602754345529
-1.758502906,-0.830915844295658,-1.47436886330461,-0.730767408475295,-0.938773916641477
-1.222497921,-0.373561549868317,-1.25274600585297,-0.809430580983698,-0.981428814010573
-0.413880529,0.0657337715194173,0.0520712791534998,-0.910511362378974,-0.635378723680014
0.122911095,-0.242196986333585,-0.466424891293711,-0.780012562882204,-0.58622507818984
-0.743050523,-0.462360460680533,-0.771715603810576,-0.266488091092056,0.0217309943725169
0.095726385,-0.0396401506171712,-0.482125516870218,-0.426767976496884,-0.517096670026506
-0.289632581,-0.333726451320845,-1.28138013534473,-0.706762277270338,-0.539350318960506
-0.96406382,-0.151403271797167,-0.60787910572818,-0.681578415296857,-0.945847232547593
-1.763755395,-0.555160658542737,-1.0933647430917,-0.693681981012873,-0.909328727421539
-0.917528588,-0.27438750733456,-0.798414972735239,-1.06503784302148,-1.42086564041554
-1.264200512,-0.347540979085833,-0.856794708421353,-1.1204107652586,-0.976506852273115
-0.87619839,-0.336410799200784,-0.813460594963171,-0.931549959246883,-1.22813195054892
-1.541872772,-0.774986612912351,-1.24853036157688,-0.851791009975065,-0.189157071641727
0.874774106,0.62975049231482,1.01026148237677,-1.22444741883261,-1.36849088694851
-1.292952485,-0.437508214723294,-0.932937717317659,-0.978139251634764,-0.363531859579053
-1.216233661,-0.576762818036422,-0.975225220314588,-1.15920852064284,-1.24174231370769
-1.452413256,-0.197902742515277,-0.767625468513189,-1.19248248086695,-1.35610177711649
-1.367217995,-0.768777168271569,-1.45388496207566,-1.51535896121155,-1.91715494674969
-2.599990297,-1.26103909819235,-1.70454974512352,-1.37317652327267,-1.39239656442751
-1.41956757,-0.650578475591874,-1.30847708353788,-1.47721453741615,-1.88860853747467
-1.407003117,-0.661186693755,-1.14447355552825,-1.42155617698191,-1.33413817865836
-1.063604114,-0.639644613328552,-0.797293194734669,-1.49302728292801,-1.36608983675975
-1.322770053,-0.635585990900733,-0.994924677181995,-1.2840640804982,-1.14754747219495
-1.182897485,-0.510292750514761,-1.1455789753861,-1.13342820018457,-1.21539835607383
-1.258991673,-0.635074090516518,-1.1863739875307,-0.982468055140272,-0.827768537826241
-0.35601351,-0.456632242852366,-0.922740468862507,-1.10461115707007,-1.13759913246109
-1.113533717,-0.568851179377139,-1.10943721426314,-0.788983798193758,-0.507136183892472
-0.651792776,-0.22324137938377,-0.735316194651157,-0.730512351228652,-0.410830084137798
0.355278792,0.238102764211242,0.411362749384322,-0.778415575692275,-0.699376627760149
-0.635176836,-0.471385018546843,-0.672757075317876,-0.640367545024892,-0.408193289099715
-1.101067319,-0.429917708637431,-0.907617994141822,-0.607111450846415,-0.510231662155397
-0.359910656,-0.219317608302972,-0.633912258572342,-0.903763239282109,-1.18660503951892
-1.331717128,-0.506020590734447,-1.19147343844964,-0.874321862917357,-0.990842416927566
-1.691966381,-0.402789179728185,-0.938927074550939,-0.846181944725218,-0.885537691924076
-0.534085662,-0.0715982573998851,-0.356776441669848,-0.897097510384693,-1.19705158973127
-0.839803172,-0.160861711694815,-0.462049433760311,-0.692353802729768,-0.554606593512382
-0.637812143,-0.200791438802316,-0.566889549159524,-0.51156445275782,0.0230328740424341
0.797377829,0.367496300252544,0.473076287393455,0.0206472938958736,0.289243018075621
1.377757945,0.469828067049253,0.620092999926808,-0.121023057594078,0.529647486876613
0.722111176,0.333391734777197,0.749817708385966,-0.171332565985077,0.186545599011489
-0.933209829,-0.524359627239747,-0.903941258327817,0.386093169512245,0.0956299034253563
-0.566008442,-0.122308993272756,-0.489398078270465,-0.383536352114159,-0.770921501922349
-0.914332669,-0.12518342431529,-0.319763222511475,-0.325574591376899,-0.597009311041828
-0.642434953,-0.290931091916193,-0.722160518800554,-0.75558336061233,-0.652280043402341
-0.315735995,-0.119560555018244,-0.347321231539797,-0.915485281950112,-0.909938287773288
-0.9183489,-0.400700583609125,-0.845627240553258,-0.795699149879221,-1.3962578118057
-2.70313033,-1.24837733718296,-1.60416976893384,-0.919995509389236,-0.834349210948467
-0.693417297,-0.202171168793123,-0.990134391664082,-1.05050715427061,-2.02245087394131
-1.806298349,-0.338289652117288,-0.95287251888446,-0.972120590249954,-0.763938492659621
-0.489930848,-0.480461418427538,-0.473251199984568,-1.21427179861285,-1.36752857825712
-1.122818694,-0.507971537107055,-1.07073337726306,-1.01395444586694,-0.675059698544304
-0.620303561,-0.551387460673617,-1.01712983256125,-0.999230240986484,-1.04300512346597
-1.153242865,-0.417364410885121,-0.876097459821874,-0.473016022179096,-0.512581391091114
-0.43974818,-0.189254227077577,-0.406134888202,-0.670420417527306,-0.428413563969151
0.428703167,0.0712716866695544,0.158778310323683,-0.896800725954669,-0.728841029129297
-0.893281695,-0.186435056625218,-0.837632970371212,-0.37213724882156,-0.398776863461588
-1.403393928,-0.574522516244032,-0.925518993272329,-0.122174823828337,0.0125759975667407
0.973493436,0.453938927215356,0.994905932231413,-0.620813078417158,-0.936240265322235
-0.505052046,-0.399872079969311,-0.341063633737723,-0.705660753899361,-0.159604901602231
-0.926674163,-0.553802655163079,-0.860239334889453,-1.01798705712267,-0.714259872403396
-0.982054993,-0.386003313547726,-0.809889340168224,-0.983242566402577,-1.28348123231375
-1.78945582,-0.569925429759794,-1.21239485934644,-0.921626033379828,-1.17341444578119
-1.489038528,-0.617751945898512,-1.16198868599189,-1.20632281463626,-1.23468227267027
-0.694348067,-0.423206825881634,-0.855925187193262,-1.3337584693681,-1.47099561037084
-1.504191046,-0.625133301391419,-1.11078578492722,-1.24165289570062,-0.901325989661781
-0.984476837,-0.328402840166724,-0.694018958643481,-1.02211152886286,-1.1949908639151
-1.112380776,-0.220876695066493,-0.653697156657758,-0.759760333647301,-0.667498039908246
-0.407813296,0.0600144296483842,-0.137851208443012,-0.906330356513224,-0.355928455145969
0.593669886,0.222290475213747,0.184243779657787,-0.879095691117122,-0.636206601990158
-0.690776317,-0.242274622484609,-0.770728400218395,-0.616336935592589,-0.363679855487448
-1.224538794,-0.329674953771975,-0.806225944544698,-0.61413752569022,-0.642840157080993
-0.72398224,-0.400347590140578,-0.701996569488949,-0.966689940846489,-1.05100276689504
-0.946463031,-0.509346726855929,-0.86913931392408,-0.905636339289682,-0.98560094700378
-1.289257212,-0.683384014300983,-1.10277215295529,-0.942755816587016,-0.767809045380295
-0.50321542,-0.29761808212101,-0.461043692167235,-1.0769460148149,-1.23669959344812
-1.259400166,-0.689812496875819,-1.0583528080554,-0.988394881383891,-0.868626839555794
-1.181788207,-0.632331686298133,-1.08282140603994,-0.999712217005406,-0.980600140456607
-0.813902801,-0.356502416932489,-0.724177880121071,-0.84214172073956,-0.946035420414957
-0.723778895,-0.277997191810093,-0.535681859102686,-0.913432216393107,-0.760840939852944
-0.469476339,-0.275614752837142,-0.429449701946611,-0.834971318666271,-1.21955717608624
-1.909603648,-1.12088776342548,-1.53932862305024,-0.695650886122902,-0.49018792696888
-0.375067186,-0.160768247172755,-0.23356298468676,-0.850069525711598,-1.35234622682532
-1.014147736,-0.58743175610553,-0.863498114156743,-1.0023308719109,-0.762689884331597
-0.87073771,-0.485555632728011,-0.76348149078653,-1.13382945602597,-1.17915999837771
-1.477180437,-1.00923228437523,-1.37243224317801,-0.847479241878385,-0.956528139788507
-1.080989373,-0.517436664091824,-0.93927023825475,-0.881542522285737,-1.0669647135534
-0.890610971,-0.504132136832274,-0.812509307569278,-0.949952912289606,-0.526383245925813
0.277397286,0.264659759439265,0.207748820315984,-1.15448296176065,-1.0018549186821
-1.041501306,-0.386280520181206,-0.8772440529401,-0.987052114998705,-0.592575023952322
-1.278862366,-0.503744907509233,-1.1761997964147,-0.859971496201543,-1.0856869444218
-1.424677021,-0.47638084518048,-1.1626353374646,-0.78240380345028,-0.907590667732054
-0.540247239,-0.446864740104722,-0.625392020209221,-1.12003553457009,-1.15803358634626
-0.92714265,-0.496076494897953,-0.763762077046452,-1.14500065843101,-0.782025666099734
-0.78378437,-0.395432678600649,-0.566065935128791,-1.09348377501373,-1.20957361343429
-1.613469973,-1.0168639764453,-1.35081973195331,-0.866724028167629,-0.930498256001421
-1.080210457,-0.657932274975514,-0.971460145352277,-1.10834544094353,-1.22350418093487
-0.916729407,-0.610681278354716,-0.920418642122356,-1.12237076875363,-1.15884218519085
-1.223246102,-0.483341006957649,-0.772745430843099,-0.94160867974101,-0.928826164650624
-0.996820804,-0.519393580465503,-0.970525137005301,-0.92423709240643,-0.790561803857986
-0.330248061,-0.136939198259694,-0.45041602919489,-0.955212464194015,-0.905955582642774
-0.814740943,-0.566671449249719,-0.946005414466765,-0.903604699245443,-0.532861875501769
-0.517874956,-0.100032814771563,-0.137751141276428,-0.818733321146531,-1.01624542453289
-1.36527152,-0.604718423225286,-1.21877593469933,-0.64083743195254,-0.658099736377333
-0.755526678,-0.415167106097941,-0.755184249222308,-0.812794011534511,-1.02242004917349
-0.811778658,-0.552191687783013,-0.763932120721631,-0.843497790327223,-0.785248045449357
-0.70639792,-0.593367181288486,-0.872300482456881,-1.05255631900259,-0.87827752298086
-0.859893444,-0.396547653611983,-0.636649063325802,-0.886525767139281,-1.06571103858818
-1.506357254,-0.724870984120373,-1.23244655170532,-0.830077010420256,-0.847651903856419
-0.865154303,-0.453778029991115,-0.766656092975334,-0.859674745992662,-1.10517133031677
-0.831116386,-0.419727629553917,-0.617990710137769,-0.987732736685657,-0.798423138553631
-0.540917458,-0.290939499469654,-0.422510623105531,-1.07490116638564,-1.06017426898932
-1.332974497,-0.708491676062404,-1.09126092190651,-0.832417109500716,-0.756556492495508
-0.934709658,-0.519674183454528,-0.688706378766303,-0.856751377011428,-1.04922848845309
-0.884195387,-0.663370973335535,-0.888638103458978,-0.955528170571475,-0.908050763334859
-0.732268088,-0.470171374593469,-0.676329075389608,-1.14424187496727,-1.16916503767808
-1.479887117,-0.88899879111347,-1.21437671823264,-0.956095129601581,-0.985755829397405
-1.22066789,-0.612619163183823,-0.877458858697908,-0.975247933269637,-1.27494736979909
-1.260056465,-0.701440940481411,-0.927820680245486,-0.873069530700095,-0.979316449271078
-0.769250178,-0.530197064917307,-0.724319555903974,-0.994254977288032,-0.833775389006981
-0.380751947,-0.280287787427596,-0.304829398265849,-0.807297013227261,-0.709218544373117
-0.55077776,-0.3071496336944,-0.37440620385788,-0.689488351450866,-0.58435402689486
-0.646688093,-0.455831423873744,-0.607036795590163,-0.792777747504991,-0.83132692802365
-1.139021805,-0.713862668203771,-0.980340625455225,-0.811183343865978,-0.844563310883406
-1.064769679,-0.680939231151967,-0.922041713876692,-0.894400166253535,-1.0450272669853
-1.049339777,-0.651574853355918,-0.931001313301597,-0.96497369075238,-0.983761857449618
-0.881672658,-0.522633663243627,-0.700488677534518,-1.04723358236284,-1.03792769487864
-1.031979649,-0.59673683365653,-0.781679757476031,-1.01522176250534,-0.943554349079603
-0.908397646,-0.523703544655728,-0.704654386826136,-1.07415798485162,-1.19924617305137
-1.447735524,-0.937425515624812,-1.26740269301573,-0.94906944196359,-0.977353977893981
-1.063278822,-0.597222969926956,-0.838228454851113,-0.881649854654697,-1.10723677410602
-0.890516524,-0.585880816782392,-0.794128181251235,-0.871698483827034,-0.848895704390172
-0.532387351,-0.407213093470089,-0.530543327056359,-0.958054127377304,-0.915429026545951
-0.927857158,-0.637988043611449,-0.82939943760987,-0.810263051072152,-0.69176406722821
-0.794992507,-0.52518874726602,-0.588435407357635,-0.720430725790683,-0.827940051073382
-0.80802338,-0.447226554277903,-0.638044935011536,-0.626074041771094,-0.7094058196093
-0.518062127,-0.373204041348891,-0.441090062060747,-0.860006230405123,-0.974534532503267
-1.148418662,-0.651172199894829,-0.795817933603508,-0.767332921713843,-0.831955665082273
-1.172631276,-0.755451899136681,-1.12644848985708,-0.766264376891582,-0.882242629528889
-0.677906842,-0.539711888838908,-0.626662524712633,-0.880413335587087,-1.00406800884104
-0.736335382,-0.766192455272669,-2.03440414390829,-1.95986353918481,-1.12960411431466
-0.790598251,-1.03589604226631,-1.35865517233482,-1.82747661618706,-3.1611956672471
-6.49277741,-1.98007497734151,-1.70759114130987,-0.678640992822836,-0.607587439783656
-0.369988056,-0.976327537689556,-2.1752964381237,-1.78746789965362,-3.21143277199007
-0.774756672,-0.0177254301561654,-0.617484788594278,-1.28137174741783,-1.00562859787107
-0.863857121,0.0361469049712104,-0.707765479230529,-1.08531483263034,-0.806376005928164
-0.742055925,-0.529432326796086,-0.672218607536897,-0.865448588513659,-0.927761624379031
-1.038386717,-0.698931775688154,-0.8144282979545,-0.776256933745463,-0.758832921032494
-0.763001791,-0.62724072341184,-0.648560794260727,-0.833771410503789,-0.863078830461011
-0.749553918,-0.478881515765659,-0.559295595094282,-0.767169901135788,-0.708372225745329
-0.625381368,-0.44844837806426,-0.446905446983289,-0.790222787918916,-0.66898276028296
-0.55591244,-0.469572887462735,-0.45528165043802,-0.71325150198929,-0.684641109623857
-0.729441744,-0.544340830286261,-0.571006013939836,-0.656386313949283,-0.631918726002213
-0.700220588,-0.578455962382094,-0.657140584114629,-0.690732024474198,-0.683944257691193
-0.639794251,-0.418168101289599,-0.465766705579892,-0.709760807057452,-0.746092535736687
-0.799855637,-0.623487377323513,-0.697671080648553,-0.739041784630406,-0.695504947068502
-0.722955219,-0.558856163194238,-0.599759236757784,-0.744281984196537,-0.813662999624665
-0.874681608,-0.566425526865698,-0.693465123198678,-0.747093491891551,-0.720828768298771
-0.694434117,-0.543196675745102,-0.584547232554878,-0.795189774542103,-0.827437152933969
-0.830745972,-0.496817880244556,-0.417394897979423,-0.685002031639808,-0.677777782002941
-0.670380833,-0.250007575446467,-0.449849484850451,-0.620512330030082,-0.632089206027306
-0.457705648,-0.234313684867864,-0.292890300183578,-0.619429737442288,-0.550207938446645
-0.401179862,-0.227985940799757,-0.140773617941254,-0.681835385258112,-0.47160745313596
-0.340174841,-0.212182150715226,-0.576145027641268,-0.820315169101305,-0.745090653092676
-1.0124887,-0.507659680505227,-0.775978558555256,-0.718004922745463,-0.891186160448948
-1.512579754,-0.815424002074411,-1.23004952869654,-0.802835259486393,-0.940936801363155
-0.950165473,-0.438419433598893,-0.716380636179622,-0.937020288564722,-1.24763349188187
-1.088891839,-0.679085396973304,-0.907027513753938,-1.06704809254476,-1.00031951576502
-1.021923216,-0.545464556617034,-0.740587107463611,-1.03556638365898,-0.909071840186738
-0.715948251,-0.435166832952708,-0.546375201966327,-0.895967183543394,-0.951353152965439
-0.921214136,-0.616424013008109,-0.810826499762845,-0.881965376459432,-0.678787743741881
-0.581432585,-0.383640855104964,-0.343319694473127,-0.784495446509123,-0.782910962465719
-0.641024755,-0.481720011935916,-0.464550257092617,-0.752780294101645,-0.725979567062535
-0.819762955,-0.629170380007567,-0.65642679805141,-0.710396706457516,-0.740666956935993
-0.861230176,-0.65666136604876,-0.745256335319575,-0.704761556620677,-0.763428925795722
-0.749393787,-0.55290607905316,-0.563528907362919,-0.66424088658692,-0.749641940064121
-0.694903407,-0.554250364749128,-0.547179449606897,-0.657437963265392,-0.574590575370466
-0.354720296,-0.38860612987507,-0.318003338071448,-0.765405303099483,-0.629657314587419
-0.476157583,-0.349760964600402,-0.455296894011186,-0.784863240549279,-0.701066929018412
-0.946100842,-0.450974836851543,-0.591318094838946,-0.696661227465607,-0.868473994434768
-1.313544262,-0.736706790022179,-1.04606369829459,-0.817507864085045,-0.952358077624665
-1.046825924,-0.634980898166571,-0.891973480067819,-0.971692552661673,-1.09325073394869
-0.972349942,-0.548222501303253,-0.766617812171491,-1.06459115449616,-0.913045455858098
-0.666490554,-0.448396147783762,-0.540506750302407,-1.08364323273146,-1.10274933336158
-1.286835657,-0.830149512402111,-0.988150653796295,-0.835966734875208,-0.769302710237516
-0.838484517,-0.577020824856164,-0.782054905046802,-0.960868057756978,-0.971115489700039
-0.652261804,-0.402985275530642,-0.548711728602417,-0.962562971207477,-1.0689724059497
-1.312553738,-0.589985262278257,-0.663145787133292,-0.896130313172155,-0.775417014925138
-0.850296917,-0.535715076791867,-0.713798522482114,-0.975109825487927,-1.07530181167315
-0.892375249,-0.508510029050318,-0.677281787988086,-0.83720172359752,-1.02988186976446
-1.24575302,-0.670669565756388,-1.03800803932934,-0.810424910580516,-0.764617794460491
-0.670647832,-0.47199575327695,-0.548552624010779,-0.787345873544817,-0.81267222704822
-0.387257747,-0.28138689498356,-0.244808966936792,-0.804517049995098,-0.718300069508947
-0.702447709,-0.552486548092763,-0.591855060725531,-0.715756516551303,-0.522442573350293
-0.584638815,-0.483081270629029,-0.493753647142046,-0.61508984614926,-0.686677869411723
-0.733309839,-0.485396168482208,-0.65903616209043,-0.619813858508261,-0.587423136631773
-0.532303822,-0.458106673367007,-0.437014500803467,-0.740420314432071,-0.776366517356015
-0.842427129,-0.604282489944124,-0.740182833733129,-0.725580506766818,-0.692771176189952
-0.792854414,-0.52427421431447,-0.607215012827093,-0.784919002826042,-0.907572761200195
-1.030924839,-0.699496342211643,-0.901343383126042,-0.827128978490982,-0.859803187759812
-0.923004338,-0.552964817477673,-0.709504185075891,-0.873236259120651,-0.968092167349783
-0.953172561,-0.60287067014897,-0.758736101898217,-0.942829254974353,-0.902229720100666
-0.843196311,-0.537718022555348,-0.641245864855107,-0.954283236452527,-0.988027751250235
-1.055910855,-0.649946514751954,-0.804311393441533,-0.888616789788154,-0.857087297790539
-0.850658384,-0.61773186235948,-0.767583254867593,-0.933121708734858,-0.952718418554529
-0.858467048,-0.58545444792332,-0.691918431761396,-0.883870955982352,-0.936153126972864
-1.021657533,-0.693894846373079,-0.800647784033726,-0.969949299360513,-0.853520465240656
-0.790209952,-0.569324714651122,-0.600492265245146,-0.934182258382563,-1.07918437463252
-1.223926032,-0.829711085023789,-0.985287709592096,-0.836742835976934,-0.812023895339564
-0.830195345,-0.662641460779972,-0.705121148559401,-0.871946497376704,-0.905320816939863
-0.623294821,-0.509716807633419,-0.491393661180428,-0.867065806444253,-0.831061936713991
-0.784080042,-0.635109248243736,-0.643604052497181,-0.840072688156605,-0.715777030466351
-0.752234566,-0.650338965282851,-0.651869105013987,-0.800602442320577,-0.817348178834973
-0.888082681,-0.723030328826058,-0.760240474815349,-0.718884261950033,-0.757431742178091
-0.795443152,-0.646545697316019,-0.646758021747562,-0.758600263077563,-0.715638190655905
-0.5194769,-0.445959911960265,-0.429243939435723,-0.813185917444017,-0.809030481723952
-0.808001681,-0.67484291475557,-0.674871092810594,-0.769019181740173,-0.697734824865074
-0.844050023,-0.659539576808631,-0.705475215806442,-0.806300944303868,-0.770657363446948
-0.733586253,-0.636072856342375,-0.653455619136363,-0.867675639959914,-0.905217496096017
-0.985667185,-0.790106143687852,-0.88290669296125,-0.837756357775666,-0.839163656781082
-0.933198687,-0.719817477513333,-0.760317690579199,-0.840351899800003,-0.930349710991518
-0.944883756,-0.744553057401269,-0.778107298630556,-0.815795259344054,-0.825963843455988
-0.69664487,-0.59207228670943,-0.602222957046281,-0.906721097440133,-0.885213833329421
-0.851382256,-0.700799693196341,-0.773343658285365,-0.80920610305761,-0.710933493492862
-0.679281072,-0.520851800932412,-0.45588908115669,-0.762823035147249,-0.78617073065604
-0.743726829,-0.582553495063519,-0.604207366978826,-0.747758854808062,-0.705868170945867
-0.668585778,-0.48222211265744,-0.526963570254034,-0.799218154375225,-0.838821033982446
-0.965806311,-0.678235996915204,-0.806184995983432,-0.674177547815361,-0.736727332925348
-0.873841347,-0.54564458362877,-0.727654117736562,-0.543674152054841,-0.634139463714594
-0.377384396,-0.302469734957335,-0.342584030576113,-0.708577640701494,-0.523052607351953
-0.047408917,-0.293645674707924,-0.330915473266857,-0.796969530705396,-0.64205063082434
-0.806699284,-0.409538262996033,-0.612264923750725,-0.641744720770229,-0.538955654302371
-0.891667094,-0.38215140357523,-0.656544272982737,-0.609377731637105,-1.05692812659592
-1.525113833,-0.987251881442802,-1.50623121508449,-0.664292969413666,-0.816681016121014
-0.761568312,-0.548371436158206,-0.68603911844697,-0.87587935805346,-1.12236202061666
-0.856723267,-0.588118270263725,-0.740978898402262,-0.808081578245846,-0.732750839227562
-0.588011955,-0.42749268454271,-0.506425081696698,-0.848845538539558,-0.776962415298564
-0.69341895,-0.578484004837082,-0.586986203812548,-0.739482088114937,-0.671137228565492
-0.69998508,-0.536833162101255,-0.566884078970139,-0.752452021808942,-0.738101558243993
-0.782519162,-0.650504792345664,-0.653947876854262,-0.752063627617698,-0.773449198446029
-0.846864185,-0.730671466642601,-0.766096628944383,-0.797714158909151,-0.816778732183739
-0.859519718,-0.699210269442227,-0.74285756192243,-0.822663142320989,-0.86163277441842
-0.896451337,-0.683879316622507,-0.702820582893547,-0.837907718280976,-0.847854677601288
-0.839036192,-0.676834071771249,-0.732873129249093,-0.840038562915655,-0.867275875069607
-0.875157248,-0.685918354184682,-0.776724478190254,-0.815251261557918,-0.757627145594814
-0.651607744,-0.510531509958565,-0.508138946175141,-0.811819718440817,-0.817582739112899
-0.771568984,-0.640535354746312,-0.714593349190952,-0.785261887563579,-0.703721540329286
-0.703550154,-0.495045889565592,-0.580993189353708,-0.757974963266527,-0.795759726079346
-0.853044993,-0.571866404321975,-0.690021244993344,-0.697454480376,-0.715594043127635
-0.725604081,-0.488071718330735,-0.5833005610418,-0.787265670869962,-0.758011499667968
-0.635338453,-0.447990255236686,-0.510655065681486,-0.81544163759562,-0.851279437773771
-0.972025359,-0.571628884484688,-0.766265165782541,-0.750583384093494,-0.77491726935763
-0.959165004,-0.60229897287125,-0.80930371823142,-0.68432164728882,-0.739536019475906
-0.563229341,-0.333807172588018,-0.384281634040241,-0.72234649624126,-0.73173967582379
-0.427890941,-0.249912696123806,-0.279749211413053,-0.77067273642863,-0.797216304205251
-1.02085207,-0.553884893701283,-0.755025478030898,-0.686369538252936,-0.578049991705989
-0.664293981,-0.497560140077492,-0.572608416748917,-0.826277971819772,-0.916551097846441
-0.871210315,-0.520956031678087,-0.681803684533911,-0.765556202725555,-0.873394094772031
-1.104745306,-0.621088187095428,-0.897092132536143,-0.765734526017419,-0.765448771521246
-0.686308652,-0.506833722172219,-0.706538219747457,-0.912598724053252,-0.870490572060501
-0.606368113,-0.388115376251896,-0.482337682897399,-0.88227537121217,-0.903455414205854
-1.143433771,-0.510398060357281,-0.865967448760174,-0.864513079000789,-0.619086695867727
-0.511772049,-0.351531864408876,-0.440923239360573,-0.935217578910075,-1.12069251177968
-1.27991178,-0.727599720798464,-0.937782570243305,-0.678322293455827,-0.588980535202212
-0.601203338,-0.434709707524006,-0.542652633219216,-0.846008665357549,-0.828874500238887
-0.41063855,-0.312335452911012,-0.327485517724329,-0.862800674783125,-0.782360200754743
-0.877732838,-0.480061580575805,-0.644482395592266,-0.867182657229169,-0.66290669902823
-0.847054011,-0.471965717482502,-0.646524461164452,-0.808350293118402,-0.919105740427423
-1.024066385,-0.588811019451007,-0.864032484302652,-0.858251686845679,-0.933926846946613
-1.052134395,-0.538283064516359,-0.876337702255458,-0.882818674006403,-0.936466240130259
-0.895439004,-0.561764075810638,-0.75963705981598,-0.889105258011614,-0.905348446534539
-0.750149994,-0.502328444931581,-0.547941770609656,-0.931116908542853,-0.889655970365212
-0.863919171,-0.5849894225141,-0.731799588245735,-0.8680511124882,-0.81178480406613
-0.856088677,-0.595638426359429,-0.705871981698134,-0.79520250398619,-0.827368421501451
-0.849241997,-0.633137848226032,-0.770872725365398,-0.830279574271493,-0.7018234339036
-0.455339705,-0.426973660124243,-0.47096022577268,-0.896348150744475,-0.963086989438373
-1.122369463,-0.745728377633478,-0.929358168204241,-0.795814841537586,-0.664025281222356
-0.799633771,-0.552222527488685,-0.679524220843691,-0.865179747153824,-0.96170267285974
-0.884802504,-0.581220972309308,-0.724702317182753,-0.934825121268626,-0.884202220516249
-0.871282904,-0.591426470964923,-0.720156958002276,-1.02368684079453,-1.08347478685879
-1.329849036,-0.879200851539236,-1.06770115289244,-0.861747224042363,-0.96696263809979
-1.114148852,-0.716570174271368,-1.01358679709412,-0.921418569563998,-1.01297678689643
-0.743046955,-0.501241588349045,-0.658852399866797,-1.06654964700797,-1.01177574355063
-0.883978981,-0.526493855526515,-0.783176349894605,-0.876049020935176,-0.854171499967695
-1.023044021,-0.52614502959869,-0.813058433586166,-0.768171481680668,-0.55828411147262
-0.141601616,-0.183177604028131,-0.158146906002934,-0.81697833838674,-0.915377525145714
-0.863423301,-0.439920713840645,-0.701543590685206,-0.749059492645476,-0.456864841389385
-0.614830414,-0.375421494697106,-0.501707844716375,-0.829495592694901,-0.789862277254666
-0.784071495,-0.485103730653545,-0.710833657286821,-0.703777111625223,-0.782239213734397
-0.950487252,-0.461653474291916,-0.973292884468771,-0.812160445165207,-0.773797004349154
-0.741995467,-0.418480573392941,-0.627471003957853,-0.781046872307608,-0.976597904386184
-1.073704131,-0.46437949767227,-0.755894616652794,-0.804885470665328,-0.778902286547125
-0.698238786,-0.309499853591719,-0.55992778558009,-0.933529302437386,-1.16487740553405
-1.365696323,-0.913399195328174,-1.18444572519546,-0.879913956550352,-0.843336004165407
-0.930345003,-0.660399643717191,-0.831657008678043,-1.11608735691024,-1.13040670655814
-0.943202848,-0.486447437138867,-0.724464695815455,-1.08594424263007,-1.11106255724116
-1.265106552,-0.685816330766087,-0.988917304989959,-0.95184389503276,-1.02451176842893
-1.171538335,-0.678945662195351,-0.930166497360344,-0.928432887814155,-0.956255291361543
-0.653672439,-0.480400048740175,-0.612661315980843,-1.0508367206148,-1.05322795235253
-0.924480789,-0.594684908414733,-0.784122021472025,-0.958872591456098,-0.840054070643321
-0.971959029,-0.525697859488846,-0.790585132960575,-0.918837055085057,-0.853187210101115
-0.749836852,-0.470321507427412,-0.660625542236975,-0.881387408523482,-1.05824566279933
-1.214429276,-0.513544640991835,-0.851076925506486,-0.885954104740975,-0.803098685261387
-0.77605707,-0.457101584151508,-0.80738464765007,-1.04611360639373,-1.12511665635249
-1.08034335,-0.547781192640269,-0.879707923910158,-1.0495906682764,-1.02428589132292
-1.184570236,-0.571560884802872,-0.955524570343248,-1.18429839517606,-1.22025935286208
-1.430213334,-0.699281234543428,-1.18470114216767,-0.964774032636398,-1.18725357190224
-1.345852452,-0.640637658055152,-1.01759851536739,-0.997587364945908,-0.918923347085854
-0.308964866,-0.332184373450587,-0.471676011244158,-1.2892044546719,-1.29311810462637
-1.251537775,-0.597077532032765,-0.949864824879415,-0.990419402710761,-0.798975239106776
-1.213375938,-0.886865522382721,-1.17054926620825,-0.901715471756282,-0.903829205415196
-0.617145771,-0.257803364234423,-0.415001951474212,-0.8055134952117,-1.09885299071328
-0.964822437,-0.505182451567717,-0.875786909132286,-0.965919433878616,-0.939529281219314
-1.25875211,-0.661196627023624,-1.00658958083677,-0.922210684082552,-0.810674900219874
-0.645929803,-0.418044196013255,-0.54732619326767,-0.874783747607655,-1.09294381314083
-1.053916131,-0.422062675435387,-0.71250777987968,-0.721485583625928,-0.635784394946528
-0.572557615,-0.29802575741431,-0.566405765951624,-0.816808103633401,-0.684677663707546
-0.328551689,-0.283873857957605,-0.351421967445115,-0.714752680257758,-0.601221668041536
-0.476561544,-0.262024719755099,-0.414951921755147,-0.773637750943707,-0.720533135032712
-1.079795584,-0.601366793143632,-0.976177821499027,-0.778314049628668,-0.72517210084583
-0.976012743,-0.41321392792144,-0.745311044073049,-0.821719311220119,-1.02518798278924
-1.110790745,-0.426971665087598,-0.873737222395299,-0.872272950188709,-0.886057604414558
-0.743748595,-0.632956101949019,-1.21983387854882,-1.01475958236692,-1.08635123033805
-1.140149834,-0.588203383644287,-1.05189306794232,-0.942941424062103,-0.773631364835489
-0.658189623,-0.396148046447626,-0.586728634902125,-1.10113219814165,-1.18425037455456
-1.299536336,-0.600780501718634,-1.2601108687381,-0.901014748281559,-0.945806701967283
-1.21165071,-0.66440282848244,-1.0435412831321,-1.02102919229094,-1.06983241897727
-0.901706308,-0.538106239800555,-0.740490331660166,-1.0965093242153,-1.1398739832597
-1.051512097,-0.667238758957114,-0.839960660090488,-1.12971996934417,-1.05449084110135
-1.171515202,-0.824144045011172,-0.967681367856464,-1.08522967652235,-1.06783398544761
-1.085494805,-0.707237555534168,-0.798951105368494,-1.06438552108803,-1.16553916473652
-1.215204058,-0.906802365257038,-1.0754922821671,-1.09530620447427,-1.03729752289883
-0.935275254,-0.722993429180589,-0.754924000173092,-1.16650915452176,-1.21281241466846
-1.257020461,-0.9340945606191,-1.16912837834618,-1.07621437745981,-1.02029816500162
-1.084204267,-0.860502247575095,-1.00538168269934,-1.02241859409614,-1.08884007781385
-1.03056455,-0.755427345976822,-0.923891480428389,-0.895594747028608,-0.842084397507924
-0.544936813,-0.496619357140192,-0.501815504384912,-0.957602151141516,-0.911604251227318
-0.768179075,-0.507053186867311,-0.695042529354437,-0.867385007500288,-0.738587072827987
-0.811736584,-0.519066118943451,-0.694069443282094,-0.9626881657875,-0.932246594005106
-1.072447459,-0.571665206313109,-0.570491205959024,-0.864870754533704,-1.09108246810326
-1.433007253,-0.811932792343724,-1.29405186777376,-0.808451490649437,-1.05663592929687
-1.249117556,-0.707445001406132,-0.974950672536939,-0.832265614723484,-0.751964495230585
-0.050985639,-0.06433414981431,-0.0630732173510879,-0.94387644721389,-0.926585132153232
-0.545586769,-0.357486400375109,-0.504587287126793,-0.629108517464283,-0.522306105605047
-0.874942082,-0.421528068528413,-0.684830421486409,-0.582198545417326,-0.474313482430149
-0.328881162,-0.319084333564445,-0.456975403449089,-0.74205970510614,-0.977069871510453
-1.120231039,-0.709883681995289,-0.903249067255008,-0.663404866855181,-0.812549956744455
-1.380447172,-0.836917429333328,-1.20515814009842,-0.872029916740597,-0.670975676394991
-0.192330851,-0.0537114328203028,-0.13612722704262,-0.714768714161869,-1.21608153798125
-1.190899751,-0.77834004701405,-1.00197252112373,-0.923986105394218,-0.496328653933177
-0.592596665,-0.341172630117891,-0.464138628809157,-0.697970505718556,-0.955637564445235
-0.8738586,-0.564299719472484,-0.800991982468557,-0.721218641074325,-0.671571124895971
-0.555696744,-0.50101329446781,-0.563541671808474,-1.04144599491429,-1.11150014875014
-1.409791447,-0.746356192447387,-1.13914955921326,-0.737823781433707,-0.906741209625541
-1.285389131,-0.625536036236587,-1.04987118813529,-1.02938907522553,-1.05117140864777
-0.710917291,-0.40857469987254,-0.829300645462497,-1.10602932273987,-1.34235635505334
-1.53303391,-0.438485608146972,-1.02776836692265,-0.852597898195161,-0.717737687544015
-0.859479367,-0.235564961164552,-0.618053987941619,-0.456649093580789,-0.403933037961309
0.591858553,0.328529370748276,0.502665902809865,-0.476323429771003,-0.0998153510152721
0.922771646,0.19072436828088,0.43791414847932,-0.457755567358989,0.0471506563105445
-0.218767165,0.209477050867028,-0.0741925960929175,-0.238128977696527,0.148259795347799
-0.446260264,-0.332104368566365,-0.557728104374121,-0.376415884862217,-0.573291680558702
-1.130445067,-0.503455445885188,-0.963841041860909,-0.303954121129344,-0.612956266184344
-0.909215244,-0.499634194557817,-0.856690891359282,-0.418646008754128,-0.72559858380869
-0.492236635,-0.247583089443218,-0.404093046829143,-0.648419884253903,-0.508184429766846
0.172840627,0.206696495462252,0.141611071577908,-1.10005110497966,-1.0702864659826
-1.557303449,-0.801060244192368,-1.31224919781089,-0.848008534543882,-0.833268787992865
-1.9204492,-0.730428222743818,-1.34897149731105,-0.387838663831898,-0.981996556584045
-0.863937424,-0.313553806932548,-0.780941296072174,-0.486441568111535,-0.632715695893418
0.666790603,0.304869267154979,0.185204722283231,-0.931203345074085,-0.513567690645975
0.197444364,0.191975494416751,0.307009725668006,-0.758570620591423,-0.413070780624941
-1.223750926,-0.573784966708544,-1.13680389716419,-0.667793242502088,-0.556496145697167
-1.391822664,-0.922135599255203,-1.34561619953428,-0.763769293647035,-1.03635083994054
-1.042628406,-0.540330208470384,-0.878831832311819,-1.04107845030196,-1.26966024360057
-1.263523497,-0.646639678305984,-0.96751000140345,-1.08057365643278,-0.980948663546467
-0.851495881,-0.460642394750924,-0.602445466931352,-1.04483114972114,-1.12434907093908
-1.062167504,-0.563255946577464,-0.891721105062939,-0.955175769445215,-0.817362853934742
-0.725907775,-0.41644201644684,-0.617058074443182,-0.802235969582041,-0.880684631633572
-0.953417102,-0.133175969454362,-0.765404127902121,-0.54575813947216,-0.0922397184068755
0.720490278,0.362281668959585,0.559773141036727,-0.853997415486296,-0.543589730614227
0.022795748,0.173182324785103,0.502400767688582,-0.662286454075409,-0.364076996656138
-1.240154376,-0.257383111717921,-1.00900675815554,-0.777721218741287,-0.446826066459986
-0.950030061,-0.268681229088262,-0.898526139552439,-0.846123654365547,-1.10875855729692
-1.252711915,-0.298371581671175,-0.916685311764047,-0.819972671883433,-0.855447723070311
-0.772447664,-0.479356970436482,-0.639291226948804,-0.974117813386327,-0.90697667270516
-0.520875829,-0.421787653440488,-0.586662969953626,-0.925759254465868,-0.958603829556761
-1.245393466,-0.833233039372561,-1.25822406395844,-0.69190605891569,-0.351653229238909
-0.067803233,-0.112402533328945,-0.154098653184461,-0.756972466250166,-0.834679275944777
-0.483497312,-0.350316543833506,-0.38772908114621,-0.690879864296385,-0.468995985572596
-0.751140914,-0.137941555447997,-0.0825597038021134,-0.643767992920551,-0.445296248548483
