630
0.497776843,0.0742284885931946,0.525590389241442,0.534900957398467,1.10384897094681
1.429440119,0.296436903328663,1.96074474035321,-0.229645827956388,-0.171727550689996
-0.773478705,-0.633425196758243,1.02240308660738,0.221255141845811,0.365583872155749
-0.642516732,0.115388828018309,-0.454493334106374,0.713868622251761,-0.264650342329862
-0.372221089,-0.353231045843706,-0.226110201324182,0.662934202798379,0.538186855851419
1.662798319,0.208307944730728,1.30892413216395,0.225757223269928,0.724561284121301
2.168455399,0.4357554645818,1.99711333983703,0.397671233346551,0.725074751849451
-0.001548175,0.239317252672776,-0.0152935690346864,1.51670230868649,1.35416687207435
0.487508229,-0.280562513774506,0.420412906343355,1.21171385443978,0.979516655623198
1.920786936,0.619662568339295,1.72348320468464,0.7896887606458,0.299188666052295
-0.056564632,-0.034279630743289,-0.0420828135073104,0.713648904143314,1.47141163762664
1.386930292,0.676233936959589,1.32804330109046,1.03174206713081,0.310281616650113
0.115507478,0.27800474442505,0.155556340304044,1.28309015107271,1.65611607383181
2.21327054,0.567935061693878,2.06805874662746,0.594498958185442,0.87654779466877
1.751109447,0.203094750595107,-0.173249211864174,0.875455376131582,0.911561711287452
-0.240073472,-0.101512156507028,0.576686842181134,1.02967013179775,1.23500932871932
0.624749623,0.439286825334871,0.755614815781737,1.33501389877925,0.571478209558243
0.979951569,0.560350440470346,1.27900670624242,1.04006828298658,1.09523005657436
1.663954492,0.289408436518672,1.42751849998347,0.942815553101468,1.24281865477907
1.581030255,0.708824015235214,1.3208092332329,1.20954185603041,1.53442700866186
1.610121649,0.614243164798774,1.41910467724414,1.26165269479687,1.2843255224359
1.021063732,0.514286878568188,0.897139657745688,1.4468744270728,1.21635112129872
0.723990207,0.675801413262746,0.903409582985036,1.29266050704978,1.26131900701586
1.577086561,0.518676343370323,1.3232369442611,1.01988442932514,0.635459913358029
0.332492462,0.170440093178791,0.287105881007253,1.04262403057121,1.41763712199826
1.550068866,0.461678859898941,1.48645576075071,0.662757034138092,0.450500422862574
0.357079891,0.25381299050707,0.206739492973497,0.903000119700074,1.01729485701208
0.542871797,0.157034682996428,0.351362131936205,0.664727097806493,0.85771932619479
1.305905511,0.481379420308855,1.41335818230126,1.04836868009378,0.579233270959141
0.428602294,0.0783542245986226,0.42481994471062,0.789543892218461,1.44851915955959
1.923938504,0.609572915715116,1.78361829464735,0.834856721089814,0.50781064023461
0.338093668,0.25673980928274,0.642012372564896,1.11842244327957,1.4763225971382
1.232276832,0.463285816096236,1.30089944720728,1.24217185714165,0.900464029236557
1.2016098,0.336859531138485,0.801231353187256,1.15948463009682,1.34683171224591
1.613744828,0.461661938654475,1.40245108040294,1.10031181486222,1.23786090892965
1.278866711,0.54193541636188,1.60177703924288,1.32884889274858,1.43498989805021
0.911251095,0.763613852029555,0.612134710035805,1.11836745835482,1.34821504436766
1.546595124,0.951916767554119,1.29524089163569,1.44354406333791,1.65366709671245
2.52583344,1.12031291742045,1.75393317168564,1.22277417605356,1.50032789891866
1.610555393,0.937479747136909,1.17371495275378,1.69675743563707,1.77516645967564
0.820782545,0.638907625215844,0.691836904980475,2.0401701487754,2.48706367056175
3.583662459,0.734085657416023,2.71203755414686,1.7313946615631,1.15822904058331
1.311901198,1.02279818606091,1.60820967293635,1.72403943085717,2.4117620326944
1.691563372,0.443985548912002,1.20825646464881,1.6550368370884,1.45015540189828
1.346648751,0.565111388891007,0.640247885034946,1.43590871842732,1.37902815980237
1.173630267,0.552148499015873,1.29283287710563,1.05241371999987,0.976981446228771
0.520226146,0.485534803933714,0.444600642780041,1.31159717136427,0.988955736980148
0.504003581,0.436442427049893,0.256767417062345,1.36707699889338,1.45315779616147
2.250578953,0.183490478092654,1.58159630344871,1.29796753786739,1.49519930166298
2.685087612,0.854226737796339,2.13610326343722,1.07748375906236,1.61626812771818
1.317558286,0.730602273980376,0.864491887340951,0.987651714251436,1.69498368672711
0.783538782,0.569908049882738,0.631395654314241,1.38857983234536,1.22997127374319
0.711329299,0.477552497967474,0.362808810918932,1.33404979604048,1.60670211458301
2.472406322,0.664460014255467,2.02566254241437,1.18276970286495,1.10152326763621
1.440662637,0.717546288194722,1.06364245778734,1.30604304541163,1.90630899639938
1.580348959,0.706049515376073,1.46273681316457,1.43505659391551,1.63471271846222
1.911355568,0.814131318479438,1.68096965986587,1.38637277034677,1.08307421769562
0.466642455,0.741947664635097,0.482893542848352,1.52789710284773,1.57311316886721
1.225745256,0.849840061971144,1.10688511480726,1.34336860224045,1.14827802277877
1.703222125,0.76905957713502,1.45529754450702,1.38390324987176,1.14838226989891
1.12839761,0.702479035525739,0.911749009999908,1.08179569566827,1.45802817541071
1.395400054,0.924912605942598,1.2408383220719,1.17232835226478,0.970043335780864
0.607156213,0.705637141483718,0.678230452805551,1.44826127950413,1.42307555924887
1.344232605,0.731316687123266,1.22847000575221,1.42584006714828,1.48449547344602
2.281846167,0.728949405456146,2.11838682201303,1.36553502690563,1.6529939208552
2.25149498,0.992643346603599,1.77255283203576,1.05378688584539,1.53501283597034
1.081297152,0.758144565707923,0.768176298295687,1.30187142509621,1.19555137987827
-0.027764573,0.473543154931188,-0.144918337174131,1.42096368578678,1.23319701818795
1.25493595,0.497188753144623,0.969552811953537,1.22875332999482,0.567749008982231
0.846843808,0.53214306626693,1.02605905438277,1.24844856086216,1.38337423131181
1.720919897,0.655856767503866,1.29991014294738,1.105607256587,1.15022019672223
1.45744476,0.774553253392594,1.09112614564979,1.25506354345764,1.39149435279005
1.205943555,0.684547198301096,0.796385918667129,1.33694986169767,1.28163122492084
0.916213684,0.493488414644121,0.587599372189477,1.42090376695916,1.64438011290974
2.240044595,0.775844353530552,2.15850015886714,1.09573883741068,0.942208230936572
0.859257508,0.459872409261839,0.832243401199535,1.57646508527144,1.65211491234559
1.072392701,0.627595030722133,0.864891074543612,1.27448454931744,1.6650045811457
2.652462283,0.874050067507334,2.0897395049765,1.0996521909431,0.659187364316593
0.093575038,0.364160076416711,0.00599377981676746,1.2982653193782,1.7796492845724
1.076580717,0.632456254228979,0.88027605624514,1.4314506259969,0.985672979595723
1.249581002,0.61747429842506,1.21822429258021,1.79334209439952,2.04889202494185
3.42618091,1.33977788773873,2.80977896389981,0.86500101808181,1.28479433432468
1.550956792,0.727905348272867,1.29984894472228,1.24881055526762,1.68683855758521
0.14265122,0.325513717100643,0.062417524644214,1.31094479935985,1.42019908780742
1.108299418,0.575254387672007,1.02283479547792,0.763385126648925,0.581093589170358
0.849446913,0.483455326263078,0.603463314301685,0.867561962016674,0.672188661114161
-0.02108077,0.259476630861302,-0.0183385975508484,1.04430775804124,1.64290270861876
2.55448885,0.55431986903275,1.82505832739728,1.09249715417427,0.864351328121522
1.673650382,0.638176706632338,1.32804596215022,1.32974667262612,1.7386988553902
1.224048951,0.636476180384469,0.894719947957877,1.50372135944196,1.70440683569742
1.639167835,0.692860354154584,1.35026777475456,1.87634161580456,1.5336728535616
1.737723333,0.938608634160965,1.54200780496857,1.52514809408494,1.75153827150043
2.11348315,1.06101302893999,1.64462367223751,1.30327131779491,1.2502771963331
0.666747897,0.687420588215331,0.440311595640023,1.8854553427423,1.75496550997896
1.29808535,0.636600751376727,1.35979964881314,1.59870293679629,1.61334887467415
2.583532964,1.23782746819818,2.00466422668936,1.37404491541856,1.13684604054139
0.965619454,0.71858095939721,0.797080889854785,1.58614643783475,1.91853191548423
1.332850614,1.01546737027775,1.10589682110498,1.65323996410986,1.6651386766581
2.322094976,0.945032804308658,1.70856838820242,1.35185457313284,1.24971577671235
1.192354715,0.775120979952087,1.01834957848872,1.42968500147946,1.67300024560754
1.115657967,0.644321352431496,1.00936692725126,1.40302328666998,1.42729622923887
1.64234356,0.799128184893795,1.25108956703296,1.18588667182758,0.973169553166958
0.8017674,0.594701935919144,0.804559026984497,1.1612608568529,1.17027544538748
0.752013853,0.419565361668047,0.661113055958847,0.857741206310264,0.901617339559457
0.907339902,0.66626010503087,0.874513865835345,1.05642440544133,0.772706493429782
0.538886415,0.503415568148957,0.543726215766905,1.0604723077355,1.47978800274834
2.149010482,0.966056998627613,1.87256632719215,1.0909651342195,1.11278062702369
1.689732858,0.931560555144564,1.58444428031946,1.38742862296224,1.61799407836515
1.268190365,0.913872151099801,1.08212253385723,1.38556424904081,1.67080060974198
1.692985379,0.943380622318774,1.30872181864914,1.47986736476958,1.26464427651324
1.149122842,0.848174203805285,0.824489718440664,1.47694160870297,1.53998130051702
1.445023652,0.977511920604373,1.2058273106063,1.45547500535378,1.3184776491634
1.348876314,0.944693149487794,1.25931039545364,1.5499974119973,1.59794177423389
1.827892797,0.935955259907832,1.47178775552263,1.39123683055273,1.44771646670403
1.444488976,1.01826330244361,1.15217075387525,1.59338295945705,1.90988577990041
2.160538374,0.412131468347392,1.53741260150016,1.41500849731759,1.49828897237636
1.611852845,0.550120797359666,1.40866602632332,1.74883154262253,1.48035229830052
0.670428376,0.482486740878568,0.588574239387811,1.65679602218,1.94165027307292
2.356392772,0.49244979801722,1.35474011222129,1.44849070375171,1.08149726239203
1.345654731,0.671051185572974,1.01398241739527,1.38347678411188,1.72154686520609
1.302269638,0.678352267099329,0.93979268673332,1.31906813952022,1.43118007805481
1.450630792,0.676305469038582,1.27201878750487,1.49125456100121,1.21835519943952
1.022050941,0.653192695369101,1.15034523953471,1.51778542232708,1.52161838171427
1.587109482,0.690247911928747,1.40645961642931,1.4024656685672,1.41584400475825
1.831510136,0.679422302422788,1.57864381673913,1.28943176748794,1.39307702792851
1.313607954,0.670896829296209,1.39319409868263,1.34991284291881,1.4186526427287
1.037581086,0.777389169124769,0.848084628432674,1.42185041240216,1.2648866121617
1.129780068,0.598602447648867,0.975345343744072,1.15907967853964,1.16263108895583
1.488659294,0.534753838562662,1.19078896583214,1.03723176786609,0.462835148566385
-0.479439667,0.0542556290194459,-0.31362509557666,1.31063618497172,1.41570430924594
1.382833579,0.416835408040059,1.51177685876786,1.08797771941127,0.644158117364269
1.562298104,0.48052554168852,1.25397851588887,0.85006242270635,1.08290096789557
1.105791408,0.586452728527185,0.929089717444512,1.07526957055969,1.01475821295093
0.224844025,0.486188461491263,0.0408577246987719,1.65517208364401,1.71070826188736
2.303313643,0.815902992163863,1.75636052282516,1.23139403626963,1.17809101059008
2.183594026,0.612229548287051,1.76004188639261,1.4236772818687,1.45402578717035
0.683148057,0.578633852745761,0.636793175638045,1.36913280327154,2.12776621538586
2.322140546,0.871122072312762,1.91451463849127,1.43951829949191,0.864080298557969
0.877116967,0.592725020228838,0.628946900399057,1.20018181703322,1.3159409304375
0.404729219,0.605262657676375,0.114289182276331,1.34058071653544,1.12553852533642
1.014805502,0.564478953709658,0.754456690502933,1.19539805669255,1.34009864269588
2.40211526,1.10920865932867,1.78084323287561,0.949862992770217,0.919250965398585
0.748123331,0.462433004627176,0.564660303885601,1.26314158634901,1.97407456348024
1.862298249,0.712489140423798,1.69110630914624,1.34626692121745,1.08996646878
1.06557951,0.759976545239979,0.969797490510997,1.45774019495758,1.90035079998106
2.263775277,0.930987518391124,1.57310090812522,1.38196249348367,1.078800572989
0.518056177,0.440675176188601,0.445710189722607,1.64726240826578,2.89097719773713
4.210765803,1.09378076663771,4.51971721940795,1.13156137648692,0.723049507445644
0.661903233,0.548572035285787,0.464213353163868,1.37958227643711,2.27464619014443
0.829702272,0.333457874170849,0.572365233793138,1.23372766893672,1.06319951573795
0.828664022,0.70805294820055,0.742441597754746,1.69579717202506,1.45499749948877
1.998040201,0.802430536652709,1.65962750327911,1.65433124849875,1.54735043104888
2.281215282,0.966789776232356,1.64028535563553,1.74635231571111,1.97984609646847
2.167077379,0.996502701949429,1.81800646768923,1.79042587811525,2.08565008328802
2.154291117,0.732576105520499,1.74452324568061,1.78431568540718,1.51262175890239
0.763702113,0.657493893396073,0.469144013455203,1.72656663118112,1.75272224356017
1.454516246,0.603143466472266,1.08127801342264,1.11625718290366,0.85895408080992
0.830787359,0.49040667502401,1.10963938431336,1.3509108543235,0.82108655752148
-0.077509263,0.491225951452701,0.0381169379628819,1.37909751022272,1.54322385546705
2.16637164,0.925726978666125,1.94818892611573,1.27172190027769,1.14053456752996
2.359125555,0.893102918202591,1.8513070843206,1.0332787029582,1.60821706924062
1.447781427,0.53830715273385,1.05336238142947,1.26748311940177,1.58729718606748
0.783658299,0.433202815148944,0.34521110620453,1.45993490380633,1.53752277731134
1.70450419,0.112150335721239,1.25388506629661,0.903856245054905,0.627890387564185
0.445663457,0.121553057771811,0.396473129208204,0.812429951262719,0.708369746520375
-0.328692495,0.157689101665338,0.145257447666544,0.712974807630641,0.681186055036569
0.79739033,-0.100087994926382,0.323224536140103,0.469031378998595,0.13379545250845
0.442467338,0.14565448846273,0.387719470886631,0.346056681951381,0.586776932887513
0.60180202,0.02496523322127,0.254924876294785,0.239376032428775,0.27778236937516
0.071768843,-0.0389198345214202,0.40290236882466,0.444756988008326,0.361271358497468
0.145862641,0.166037626855343,0.664356540739163,0.264101071314973,0.127966348985182
0.114652879,0.113408977088135,0.051833366141966,0.162177504367534,0.107123174169822
0.093317602,-0.0944964517627374,0.467508353751131,-0.0105187322973619,0.0219387622546289
-0.067673646,0.0762008229049604,-0.116319887287096,0.172080496039275,-0.0110668630673331
-0.347256933,0.194550994668655,-0.289449680161151,0.399626886871958,0.564776874502364
1.183415595,0.176980581373398,1.00534179572229,0.36342473923075,0.404694711683826
1.229760606,0.380369887444838,1.22709676843499,0.473499519143777,0.699576781325426
0.393945919,0.254564614325519,0.359963298395965,0.62883306723034,0.937759699178237
0.717801147,0.372136582400733,0.570142694154176,0.783620386771938,0.509639493770857
0.370369936,0.224065873485323,0.339500900192789,0.843596736837551,0.97984703352258
1.471725102,0.198457615518279,1.1463341061915,0.218686778700479,0.278305666902404
1.667441387,0.0154515466259052,1.58022482407908,-0.659408828216046,-3.60551938952944
-9.976731608,-3.87019707732388,-2.56665660938261,-0.000476700968480237,0.660956640227674
0.504527955,-0.694900283498845,0.361846784126173,-4.06360641500802,-6.52373347510949
-4.15042332,0.0617534533621384,0.0747486227081997,-2.61515429020014,-4.67206298877435
-10.15732716,-0.781790325914714,1.29774573681057,-1.87492265437216,-1.50039348511176
0.797736131,0.103172250078259,0.601040892887603,-2.47100453087237,-4.68994786477601
-0.391995933,0.0668179103269623,-0.147484004139629,-2.09204073371817,0.101207257201893
0.965998784,-0.196391715298014,0.940433446333394,-1.44386960176274,0.0501533466281685
0.556223829,0.130179288693257,0.611796102099781,0.181820423000087,0.594515486103325
0.453167976,-0.279337657245016,0.372879396267791,0.4808487025979,0.454425041744194
0.166479241,0.107315207602761,-0.597288774162964,1.11517941875267,0.840034700951108
1.030203363,0.185017426176542,1.34005073962437,1.22672829344346,1.2082580435597
2.379860546,0.453664044126705,1.74462803944928,0.954302901951856,1.05710645226111
1.256193948,0.442088102209906,1.06060327740674,1.05608776004472,1.54229737263462
0.995524528,0.664369663719914,0.832120635503161,1.26000951711269,0.960141562514015
0.351700646,0.461140020854719,0.356871857241807,1.32019724903384,1.293137570719
1.653360875,0.53136218087322,1.26900076890898,0.938476348154491,0.648333091920588
0.724175373,0.52956313301371,0.563920935539388,1.0973662190522,1.48321595763442
1.555006631,0.445411318261699,2.19594262440592,0.987216062296863,0.986967341265008
1.173932165,0.438850281453029,1.3282447606317,1.22217711346812,1.18874802550322
0.883029281,0.428976422211739,0.816223439265005,0.909736406629244,1.20637166125169
1.395480827,0.560998263617845,1.17048589581111,0.771279968733654,0.505323071132961
0.04106549,0.179070588643927,-0.104193645032165,0.890184387046634,0.806206675714296
0.173165854,0.108197212898073,0.0214571711984825,0.788124339372704,0.580687586660245
0.903570194,0.460260928652935,1.20431367388904,0.899006740439763,0.622839462248267
0.956695483,0.290339749422222,0.373486881935188,0.714661967163311,1.23204291348126
1.812872399,0.252379781051672,1.32680579452681,0.646628648894886,0.892321484890326
0.995365988,0.344403359118233,1.04031747605481,0.644831238724959,0.860793369139599
-0.016876175,0.367956394841069,0.507536833454006,0.848669189210157,0.732743480105464
0.256171297,0.277123474090065,0.668169837957638,1.02842066856821,0.573534060144022
0.82247279,0.375132036870394,0.915201928265407,0.857567708455714,1.11229097573411
2.121410337,0.364981979941582,2.00208284050668,0.475796443387295,0.971024405940084
1.412675499,0.487534056953221,1.43298010581683,0.713233483377268,0.977398848576891
-0.059371093,0.243865613862591,0.159607523345282,1.25876075299535,1.05006593253959
0.425946662,0.197278755765566,0.531563249426573,1.21478179976572,0.920761514332888
1.787136077,0.502451134074247,1.94288588273931,1.04229390783991,0.692830921657655
0.807293238,0.283068383570607,0.529119331722144,0.929569399910233,1.82702751210231
2.250309414,0.813832679695207,2.15905475554114,1.11109109432803,1.00764122765911
1.049009463,0.539336645440307,1.13566828861407,1.25870809082489,1.69556955302611
1.507622904,0.421301164648702,1.51458945891925,1.07110705527393,0.794292953377931
0.264074041,0.163218545157793,0.324168066352498,1.27196365067526,1.28007125778262
1.094810399,0.246951343660198,0.663760629059346,0.939474079041049,0.782024116388498
0.96534379,0.294415775554962,0.959609430261155,0.966824782416974,1.49828954272654
2.223617347,-0.149253910332417,2.25036475525259,0.878528325001884,0.849311937273083
0.582592273,-0.00618762500851688,0.493583115967494,1.18280005719817,1.79604801192757
1.695621388,0.304803562572367,1.14379227452661,0.947501618511066,0.783224969117375
0.742516081,0.260778301191918,0.863273719141905,1.14459878232608,1.23052591115445
0.855590612,0.466970141925438,0.940747700757421,1.11379577676966,1.00715017054445
1.132368131,0.102808196768597,0.857399761996711,0.929373699737826,1.05047085112679
1.770757214,0.581568984415133,1.82523632559215,1.21772192160993,-0.32545928538398
-2.470534018,-0.87787106592387,-2.34304229285619,1.33417213224399,2.02849754660851
2.630123605,0.554931325876421,2.80673005320216,1.31530917166977,-0.417010673630233
0.696808062,0.193866949413087,0.650409331967882,1.47120658901933,2.39113903475003
3.141423544,0.652562165845398,2.98664713178377,0.745782778113219,0.954958285942113
1.136978411,0.35925564437668,1.11355721249371,0.947259182023173,1.59315623809762
0.357906774,0.0944075268774693,0.458458503651244,1.07228650508891,0.956487395406296
0.474108927,0.410034147257471,0.170123073899365,0.739045034634435,0.666830044306403
1.024202959,0.506787317845821,1.26689027463815,0.545384116770367,0.0753942932719489
-0.56824301,-0.0137161441151887,-0.52618077800266,0.785595412103283,0.985033549140114
0.962896251,0.443330949874762,1.12480002270949,0.759639974023006,0.525686612533862
1.358843155,0.299479033524932,1.15455680323505,0.884460112972605,1.17759428198764
1.691181526,0.566005075887429,1.96887720428065,0.734797551608221,1.13632439174602
1.145103697,0.504077215854081,1.07656435528212,0.848171484982845,0.910885777049609
0.219484099,-0.0209501510390075,0.687410163765807,0.990157355495273,0.632500302586869
-0.096084119,-0.183643421906507,0.194718110214821,0.715582508713984,0.615235897172066
1.091958496,0.178029474323124,1.10126624908886,0.123443164166715,-0.236490595062352
-0.468523293,-0.334590636760522,0.0691175630820269,0.230171882587628,0.301023376218172
-0.46465315,-0.120678447158506,-0.244542566956244,0.424306464538984,0.113232956844271
0.407540796,-0.264848284959219,0.672083107214759,0.269177996303013,0.248994907961495
1.043736096,0.252544231113281,1.02494113624536,0.0476149439470561,0.290118878447376
0.244550263,0.13299522435809,0.297421539682983,0.515894311231933,0.768268096505472
0.481909115,0.25819832943075,0.810609799589108,0.640033527128931,0.831956827499152
1.483780234,0.14634677667603,1.52559693149765,0.702580148905362,0.415575652598265
0.261296162,0.148360174830627,-0.217016263997039,0.681190756578498,1.15667533961074
1.065661126,0.218210162913123,0.993329711521317,0.716295353357443,0.46727799761665
0.427436957,0.171361125927215,0.443415292192449,0.8975835955638,0.98323070406678
1.041463669,0.401479993474132,-0.0945860619595008,0.842839264271685,0.628087722565915
0.508193366,0.337002764623086,0.506688506109456,1.0808576099529,1.53272488192679
2.29076539,0.391551684206319,2.13033706763428,0.8722773773956,0.810411740002335
1.011472331,0.36468268132959,1.00006261903326,1.02812041846436,1.63337987094424
1.321210244,0.659040313316283,1.33478117517165,1.11049978724895,0.949181424683234
0.590300283,0.653358078016831,1.17433009838828,1.53354525286764,1.42166800494649
1.466202951,0.630134150397771,1.21492266992683,1.26031363960122,1.3456051789987
2.100063497,0.621828835647427,1.87282762018879,1.26368359417398,1.37411673847292
1.408243625,0.605011239883461,1.35929561038751,1.28312727441732,1.66173390308923
1.403782809,0.78412043112753,1.26727564790101,1.34997107696541,1.22237105975769
0.979233338,0.42447220350733,1.11896350757471,1.37179774648847,1.09945976836869
0.929946381,0.553972146690108,0.868132642817691,1.06886988969207,0.49230459612926
-0.119853087,0.0855180727520136,0.261175387496551,0.55787932360819,0.612334509891667
0.456838725,-0.0146847574116551,1.06812474996755,0.31866137215576,-0.349306123030371
-1.037991101,0.0516499521102705,-0.505011278290759,0.597590927630087,0.676097319940626
0.998692483,0.386618897492832,1.2968616058942,0.377714042031177,-0.0483140096801924
0.53543266,0.183138761548458,0.573158494604705,0.49904395956073,1.26800999721823
2.029574522,0.811309734390914,1.80866738143641,0.18998459243909,0.566810916215661
0.658808556,0.466438259914139,0.741572615041663,0.53462193720125,0.936768181908179
-1.38771e-15,0.230726695526501,0.14503606153027,0.741394873752285,0.628354990678564
0.324463771,0.0939051721992815,0.22235442996758,0.722689512894392,0.560566860597555
0.980800205,0.328693649844101,1.10027876804553,0.240346869150694,0.689217678255179
1.559286863,0.197359546436121,2.17610418454052,0.444231549100166,-0.365654448429538
-2.163299446,0.0757124147882102,-1.40229271280683,0.828448403085605,1.49464620157356
1.711338141,-0.0950722503728554,1.0924151383968,0.383768033211797,-0.551541781436242
0.566008442,0.155255152951179,0.357424358724953,0.0103450793493038,0.727291696678986
-0.098104364,0.253638434054377,0.40862035128041,0.553346510335828,1.41922993055382
2.322649446,0.398765781084351,2.36069795257443,1.08064740250384,0.678923391185606
1.255668959,0.441384231999277,1.06020113304554,1.00420104686435,1.90366025734723
1.592579738,0.357138988555735,1.15364973356198,1.04567151155501,2.27186804881219
3.59986256,0.755442621458908,3.46334589895603,1.4073303156765,1.17804210583819
0.660820757,0.519837698806386,0.511361897372756,1.66799310052013,2.43412272561184
1.525202929,0.73950944972368,1.32392484784796,1.61503648574658,1.45434534470149
1.848375472,0.209947636748351,1.32333447613252,1.57480359456093,1.6665224079219
1.954118296,0.669304603649523,1.60721429463467,1.40201331312523,1.61917480984036
1.428863976,0.29436546385255,1.26464235287755,1.52900932959857,1.74590206541569
1.722455338,0.315106485211823,1.3559482161797,1.49551563623471,1.07967269765249
0.447086052,0.346776327849859,0.334347065636297,1.9019458846166,1.76357991227578
1.749698097,0.642079102793939,2.1388860378664,1.24799464290809,1.48414846073293
2.679845086,0.554099260864343,2.89345078761128,1.30049424924564,0.98080875025783
0.034755272,-0.17642562986714,0.128497124493406,1.80592376388711,2.42421266432145
2.383380482,0.448736115945268,1.82599259395884,1.80466216389019,1.22751882856296
2.01663891,0.0656186130011776,1.73561480380719,1.65084896784661,2.15702991331976
2.416923234,0.675999103950784,1.82151821397939,1.49542746945192,1.5892757519042
0.964490622,0.517327787938931,0.78392487802732,2.20570264829062,2.28414966234225
2.34768524,0.899633020820463,1.90589576948339,1.47098936230293,1.300644178846
1.535299919,0.52818351541591,1.46738931852395,1.60625399814257,1.49504929562693
0.702920265,0.743852818424978,0.479292745195401,1.5365908862835,1.55170861151497
1.521267004,0.434770317642194,1.36831333366764,1.44143452879519,1.01993616344183
1.209596114,0.495496527840557,0.898778732729493,1.15278665440716,1.27533336198886
1.171377875,0.486226661917517,0.969583779186358,1.05992466212849,1.07288901472857
0.916426971,0.810941818417732,0.706533157250342,1.37658078866267,1.01009741727948
0.621598868,-0.0191101400405224,0.530525315549795,1.39140436837339,1.51202297919367
2.232820694,0.67657042761172,2.04925780987014,1.09492496670634,0.902549590865124
1.05055027,0.505544009541576,0.909303571721943,1.37616689994964,1.80068406644508
1.639788834,0.785260164281046,1.31924559427841,1.52515019591143,1.29257376469529
1.245003583,0.786679368542168,0.976299834864622,1.95200723568082,1.90018181941092
2.15486398,0.956996895459125,1.64803327706628,1.72110888561619,1.96660612695382
2.784288365,1.29964779389789,2.09470991343296,1.74051177457915,1.92036093893533
1.807945164,0.952745933826818,1.35885972257746,1.84603348651257,2.26177884315164
1.960097208,0.887786379228473,1.64070002906541,1.79327999841685,1.59127741005084
1.389671953,0.832400728670301,1.35017889003151,1.46391003873244,1.19143203111174
0.44431546,0.47346286866425,0.492386085630369,1.04065612360436,0.899098481654993
0.47513268,0.236541807150304,0.490534291856726,0.629255968372591,0.0314018848353585
-0.625969661,-0.21486848840871,-0.524629137557401,0.661447232705874,0.234318018627122
-0.205789075,0.0901571008957553,-0.100144384576427,0.481958283648763,0.271308921635862
1.010721561,0.329296355463043,0.817488960260758,0.347750574260286,0.350665694631401
0.975518029,0.561844971388479,1.16590005152416,0.494101510501792,0.797512639910504
0.604029247,0.291483263497716,0.687269637811552,0.974419594438028,1.34023666013193
1.796573887,0.190026099443125,1.58425858853977,1.10281437729419,0.997300676351188
1.268771479,0.164141755946584,0.618195585172015,0.95779539060345,1.67879096946699
1.968625901,0.80332778917755,1.45386407798172,1.1971582786069,0.856345596413062
0.10595919,-0.0546201372149013,0.226774886244723,1.63108485382276,1.93659399606304
2.159711445,0.606647803784039,2.13817931098639,1.02439536538514,0.737420500527555
1.158339335,0.408054602620982,1.01043766106218,1.34363551619833,1.34403743951768
0.670265246,0.147018271562737,0.453606022119779,1.0595944013141,1.39065167586786
1.747847985,0.642641983980031,1.44039783041206,0.995481577604197,0.471013322455454
0.012723772,0.481116836479614,0.0534590115798594,1.19088987539983,1.37108687453153
1.100238967,0.339401736811873,1.28946865121974,1.19421413792553,0.81653488570065
1.319161709,0.56480238509154,1.13013268673713,1.16031360757521,1.35641120469615
1.861636971,0.634661634490537,1.33186897266051,1.0571814014686,1.15912982015192
0.977420055,0.753518908563389,0.67359658453897,1.45035589319044,1.62058529557377
1.481204647,0.752519391558563,1.23426084417823,1.34629893664959,1.24686165359648
1.441383679,1.05172743739543,1.34445362822485,1.35486652640239,1.28504117742408
1.084437153,0.41521660489481,1.22337083860526,1.42471292195845,1.46653436503253
1.467981464,0.458283891335462,0.882377831393576,1.27634985121946,1.39060986142289
1.760877755,0.552580510395262,2.39477716990436,1.34373030603441,1.19873330229278
0.950235913,0.229029218662356,0.823629527648812,0.520702100612477,1.42584120096621
2.41357247,-0.0711843439537671,1.19293679760078,-0.00114862041524716,-2.49937857788509
-7.386392195,-0.934986749401633,-3.57737627595335,1.47266579387452,1.82622186041243
1.525391426,0.459901161514416,1.20550720145804,0.229712343123935,-2.49178656734095
1.059855104,0.35664884472273,1.37397213742541,0.271103150331025,0.411825756512185
0.127228574,0.211453269634128,0.120750886137979,0.757429137580971,1.51777613374857
2.126061042,0.459163262088043,1.60793816005204,1.01637365464047,1.01577137665791
2.029588424,0.643507111135745,1.23304322945477,0.956103422166534,1.10278123720608
0.162509232,0.396891764208371,0.190630907448479,1.27375729087273,1.74298494978744
1.461313705,0.687837026495901,1.02210897857773,1.54922623812033,1.02363125873114
1.545118567,0.620418460178393,1.21046536256194,1.46747776817604,1.63968559578299
1.953021547,0.592696779451058,1.63139241637813,1.40161554220643,1.79244237494382
2.209450705,0.587029489685921,2.50119337014126,1.54134856155489,1.60026758493291
1.261813999,0.612039070621053,0.960172130482988,2.02614694738345,1.88558416095635
1.122686583,0.787281118254102,1.06427489212661,2.12402204150627,2.8845539811046
5.088497345,1.20371809515076,4.11306210413535,1.041664969341,0.738132230394629
0.268665419,0.45768866471973,0.263284011496863,1.21524077679301,2.53101710100094
0.374919672,0.430853612700508,0.422090956529909,1.11990077010895,1.26287219191512
1.732118639,0.579006452581508,1.17476759078177,1.06749936799885,0.727720817056697
0.913640114,0.444676398071801,0.866173053369986,1.30750296368193,1.51979047622053
1.274606308,0.611727238382547,1.03219748516722,1.19427152967828,1.88975559444867
3.060137628,1.1326332576612,2.47325186897676,1.45243135272413,1.18554520793782
0.966809625,0.769766049040681,0.75229212625148,1.68693293864923,2.44326345785016
2.110763178,0.963688940266529,1.63926895954876,1.79778737941137,1.6393737725579
2.090756486,0.895644520486078,1.79677435030846,1.88094461238669,1.86284705099784
2.098074763,0.710791016982477,2.11491614372659,1.40425804999958,0.911109577202347
-0.527758831,0.0876412253571088,-0.436505436473623,1.52347788408068,1.70292986261547
1.373459717,0.665663807698995,1.05726519352663,1.23921872802536,0.412197338196811
0.709630982,0.61134122926721,0.805390985502133,1.40902685853094,1.75994056659988
2.421438616,0.505714424016959,1.97582697044855,1.16284954849183,1.43541156072661
2.227860658,1.02876364350943,1.80628019712866,1.31797436717714,1.76038676037344
1.365280884,0.787016569105355,0.916491747203409,1.27545612692273,1.72904710197617
1.211457259,0.752029125527985,0.913425982686231,1.73867297705811,1.44219147626367
1.322494754,0.484945655216105,1.00058645520532,1.71585170088818,1.51582945781567
1.765293379,0.225876098622735,-1.49588815654864,1.36933938756099,1.58060506894634
1.958348854,0.205767849960611,1.63511195727905,1.52686369015846,1.46326447620492
0.920070364,-0.335323427642649,-0.0345966134360651,1.86837453792634,2.45024722580177
3.248405972,-0.122803361931863,2.38704822221016,1.45781316626629,1.26840750133698
1.517396306,0.239250487354236,0.821165637213672,1.78403744711736,2.05136257443576
1.069693361,-0.114940093018918,-0.261618879967882,1.6822344730212,1.76998885225252
1.915728493,0.886563800797136,1.37646768394974,1.30927747137758,1.19611102947311
1.228349427,0.766974500145944,0.958214875114625,1.54956628872132,1.50090301621947
1.073007696,0.677959898138196,0.932990858286965,1.73098889295651,1.61089609248458
1.877110254,0.954352716620025,1.48152841033528,1.69665332530541,1.5930505011746
2.059609946,0.923371443342818,1.7238278024508,1.59324193713577,1.96870383198509
2.350296182,1.00181348406192,1.86476458331487,1.43778651549015,1.5994183921185
1.318627924,0.700984198068204,1.21885445082061,1.6710714702263,1.35991254545313
0.256037387,0.778869819088494,0.434151606963754,1.80595183500924,1.40683643281586
1.263118781,0.505357963813152,1.0598021674333,1.31230252082187,1.13282117272182
2.117383451,0.610486670679836,1.83128117407808,0.962741731372887,0.664131638088107
0.033712378,0.317288924458523,0.0506260498313135,0.988371149730519,1.5201361468528
1.13624032,0.58576796882807,0.977621673095629,1.22738862389984,0.5083838181478
0.474730251,0.493279891351743,0.512941785647349,1.24664423096865,1.47098717207616
2.047475674,0.716298053274462,1.68242484717234,0.870057557556235,0.902173110047516
1.255272337,0.52847591723437,0.859136173503359,1.27276354502834,1.51713074047673
1.012149559,0.596445885326427,0.965705252617557,1.11462331775917,1.83744047821277
2.61412091,1.00248696210056,2.55297732193954,1.90574588454729,0.905448993807779
0.375228805,0.415214770154077,0.153407165020074,1.21155804029178,2.62561912474249
3.377230126,1.21749168772344,3.00100801259241,1.14767407176385,0.335307967019783
-0.19062715,0.187106850552242,-0.0559348561860787,1.59487319827375,2.00822652217065
0.759534713,0.42942917585842,0.68825411141677,1.04921035942593,1.47069988790594
3.027648668,0.869176757734521,2.34111086808293,1.29780269070932,0.624577092543024
0.3492013,0.535940403987315,0.183534063433342,1.24796955555722,2.21899220410465
1.783543927,0.596100464211866,1.44522309867889,1.34031576839562,1.16635609804914
1.852634188,0.740990792317359,1.24668370044286,1.41209827116583,1.00895993635199
0.120943169,0.31931848051674,0.248392935091797,1.02137144637571,1.89109000576122
2.248110531,0.786315838476758,1.9965932153074,1.17596047487511,0.365099220105278
0.268880459,0.375844988659339,0.0971416174642934,0.981919324762572,1.40470659593669
0.76796035,0.72481428909735,0.882327495389097,0.915729749391956,0.893448555112503
1.044020545,0.690912290491994,0.930447186341663,0.996184221410743,1.61831880802186
2.794543432,0.912658305763236,2.22433195269026,1.17674366199506,0.931550670441223
0.623918843,0.632383222143496,0.524244999373201,1.23394053767563,2.38183247348812
2.493032821,0.996830323188186,1.93883716548855,1.20886174630956,0.852674745852357
0.877465994,0.553379201153849,0.882691983965025,1.28566223444444,1.29629762916734
0.222962678,0.392898378478628,0.12926485763006,1.03621875938481,1.03393716018069
0.859705406,0.67634778093941,0.825660546326898,1.2743785674678,1.01927461361597
1.667238863,0.636802148335252,1.61066676040412,1.23064967543659,1.28929100712716
1.860071634,0.829135378960389,1.63960854607092,1.20651441927212,1.48091031387614
1.503450321,0.886937635374694,1.30642290291439,1.27398338285203,1.40286499445673
0.933086775,0.826754009063516,0.770740406281337,1.46374881840068,1.44634219400502
1.359803752,0.916192062952135,1.28784114866296,1.38023794889341,1.13668025227848
1.185034381,0.629924293266083,1.00325103104101,1.39031986033393,1.45675181668935
1.554488681,0.881558569663977,1.46765672660887,1.38108274544986,1.54320838302987
1.863880626,0.775968776377665,1.95467896852953,1.51988461048062,1.74530919274974
2.14489584,0.578766247459346,1.83624119007474,1.66536137433672,1.45664641850737
0.862339589,0.634092825914246,0.783423921411961,1.45930253732608,2.28357477956717
2.831677608,0.765783120870065,2.34561309660282,1.12450636563936,0.741623406293918
0.420851878,0.513429137876812,0.3293460559987,1.25456766933451,1.54350128170118
0.332657438,0.719979640938013,0.590513051309797,1.45966924653292,1.17172988323579
1.345260938,0.496781478050005,1.13038368474149,1.58146584291571,1.72274866430166
3.430812213,0.890956408893624,2.54189517472106,0.992137994380347,1.05200531368543
0.806481754,0.585005898171217,0.661804880627351,1.39576238895822,2.26840366182855
1.509027395,0.790709512938361,1.0653566974339,1.43465306869961,1.09980133182503
0.971416403,0.646995572881719,0.786588688341495,1.71291330367299,1.47439767515276
1.398747525,0.739676487362455,1.00595165502279,1.31853804921084,1.5374623631108
2.13916904,0.877646139945095,1.85486855054284,1.64002541315334,1.38137007432844
1.271392016,0.978990646713513,1.13684315153592,1.52867929740321,2.13189431784884
2.395685121,0.910935715503217,1.99819232027268,1.62137720519446,1.38306639739882
1.365580557,0.880803867428866,1.07752428611663,1.70446034805789,1.86094595405089
1.417915659,1.05100288416881,1.24938838840079,1.59738850537003,1.65766745514872
1.793720554,0.958956831739847,1.44769678803248,1.79326535036755,1.69266916339773
2.019959678,0.936399422237051,1.69409782966865,1.62399439111927,1.6645708332755
1.582431191,1.03948614009853,1.30266943438594,1.55549020030927,1.8054430828879
1.703774503,1.00787521915668,1.30642948519142,1.74786497977901,1.43684193519731
1.10799515,1.02855682771401,1.31600274878339,1.73053985363143,1.81487894771812
2.015221327,0.933217538059013,1.65193856884347,1.49729899843339,1.33888076070389
1.478836438,1.0785195198768,1.15716653665151,1.59263577646491,1.69513983544813
1.439880627,0.92298516044548,1.22320561838559,1.75614314745543,1.68385211416597
1.729208627,0.89774167992456,1.54571739205312,1.83196191329523,1.91767017455539
2.645023664,0.985158691781768,2.24269945823863,1.3000031163047,1.28406436961494
1.03565934,0.448576062617306,0.702144087920583,1.44779959369807,1.25008690777116
-0.252251532,0.300040372286741,-0.23883723919619,1.6229043692306,1.33807480167351
1.363109655,0.866307711266125,1.2114335666634,1.54184899072257,0.86036332279392
1.727370698,1.0576906480351,1.52327276036518,1.5637169898503,1.50621718438562
1.876952977,1.17471895705017,1.55077053836598,1.51295568303972,1.6951306095371
1.834220563,1.24215545053629,1.62572898664133,1.6401508942524,1.55301028129274
1.198375742,1.12475394471057,1.0171880465972,1.7303646068511,1.73718645196869
1.633613382,1.18475596957423,1.41267525740185,1.69457251530123,1.4816587950672
1.642904465,0.850943064082067,1.37284021792856,1.58035912742106,1.70077584596449
1.90779748,0.636816117912098,1.76962762729421,1.50587868454095,1.47431755252071
1.26604074,0.966204572317072,1.28633655674049,1.53197075654815,1.72870916414151
1.654546469,1.04476647771569,1.59168510110446,1.43104313509953,1.2926542116986
1.159375892,0.815822945981128,0.997561407629622,1.56949468611984,1.61757012627588
1.637427007,0.72957699823857,1.26533458820059,1.31729123057614,1.3916022145024
1.646297786,0.651840128241676,1.44351544461259,1.55189207947622,1.3110702682794
0.846096156,0.771166793989918,0.743733044443524,1.70012694720608,1.90847688943159
2.222818062,0.924335515317843,1.96464442358622,1.49879956560921,1.45507541535247
2.168182141,0.946635477207069,1.8148029355153,1.43067271641069,1.35919750496832
0.497696389,0.632272881084289,0.455138960775522,1.65076622840273,1.94511423349692
1.688645853,0.527254937965015,1.42931172048273,1.92956292474948,1.39482398152568
2.029242148,0.902312604499395,1.73964571995686,1.94518994217513,1.83881021397962
2.239228204,0.831243360117987,1.79037775886208,1.72401159635127,1.73547639586655
1.526663774,0.737629999149422,1.22345971528501,1.64589195510419,1.81956301269875
1.574934322,0.983592008121936,1.36191221772172,1.5311483245302,1.15881435034798
0.536714384,0.730617314044212,0.491256288498064,1.63448933262436,1.57252316582695
1.567913119,0.793245755083743,1.32531326401623,1.57499569537774,1.11176924949551
1.406360575,0.720915171866201,1.22094831189789,1.70614172568348,1.83359778062736
2.266085002,1.00988691376223,1.80231661657865,1.5058774985571,1.71960712668037
2.104404564,1.38946896187502,1.46104375811524,1.7204658556415,1.8672444400807
1.574241655,1.0137847381754,1.52941602428251,1.8148471027479,1.91651518511284
1.78634874,0.830829530930042,1.61937223196956,1.81470984459891,1.51124912993164
1.348442761,0.950190322945337,1.06064040718796,1.45109921889754,1.62227969142714
1.640722579,0.874296267396918,1.52939590366465,1.34960261597486,0.983415546987116
0.366370676,0.710800964618163,0.527948726321171,1.62418742873871,1.61765134938493
1.606517203,0.750794661118042,1.28332015269841,1.22380510126652,1.15457421100177
1.904834249,0.938266774722458,1.63223980601437,1.26425536477936,1.1833895070194
0.772526579,0.637077378806272,0.826375047369918,1.40523910133794,1.79077021272844
1.706343582,0.908787696483396,1.53899087362792,1.57772247737877,1.44847920694667
1.987308137,0.443871873820483,1.71199549714549,1.53654362072974,1.71374135704946
1.937508932,0.935625247020229,1.41546111425561,1.30334157970779,1.59854639554758
1.300577156,0.714015367063673,0.679875042561594,1.58557908449059,1.51426552141339
1.10329618,0.759449280808687,1.07396470587006,1.23236332542225,1.21312635358275
1.068646838,0.573075023578611,1.07532180729365,1.32386110985506,0.98041877325176
0.614788878,0.497835481725064,0.550490168738488,1.46804591089827,1.51051024216864
1.827807179,0.672737680559606,1.6001169448039,1.05246388583354,1.63210179494907
3.047597931,0.995504863660973,2.47790598564188,1.00930773416312,0.792074336555514
-0.288813483,0.108643600637841,-0.250264594318604,1.24255506123773,1.99746203742994
1.162776177,0.631644229140172,0.950671792861563,1.2674713485491,0.64867426937057
1.085432811,0.534924272864306,0.884204769903162,1.40048776496503,1.15583216416154
1.117652387,0.50064496918241,0.846044444398983,0.944869044415956,1.69173613973148
2.594432215,0.795392611773875,2.24129051607286,1.10030190902453,0.899682103695334
0.577395321,0.568346863788745,0.266958966865469,1.22539444995987,1.84414359818765
1.391821218,0.733224546624795,1.12130900746469,1.14368787046951,0.867905678536739
0.765170279,0.572650870581415,0.606845122362972,1.48605923770561,1.45121563000232
1.484453579,0.768376725437987,1.17872508878033,1.4315579268457,1.52546809488227
2.262866388,1.23646693864562,1.97415557487436,1.57911524370734,1.63002131004795
1.811938617,1.01335725246903,1.22621220059516,1.68701257012836,2.16912909146567
2.26865867,1.09708264020745,1.7356756208765,1.83093332673912,1.85704922824765
1.837069502,0.849864628506293,1.46383576235804,2.11806763686722,2.07890829036392
1.787934266,0.864461184623154,1.27322987476796,1.796587154091,2.38184251377887
3.239534354,0.937031462333709,2.83977102696228,1.73629184316051,1.29269839232978
0.64015844,0.643280754321368,0.418466316955927,1.72421885740851,2.30424871285471
1.639990843,0.72454102982943,1.37050650575991,1.55792598579499,1.13344884755983
1.211177974,0.750190816479204,1.22399155520508,1.50916574320956,1.57115218316253
1.656311365,0.835278960247248,1.26113941215251,1.25385877984787,1.26688196369045
1.2114553,0.770704268613822,0.808002045152964,1.58320970296067,1.60859312442148
1.371222117,0.711458323328086,1.15681587962898,1.74231595602433,2.1503932100325
3.081312506,0.769429534855431,2.54653649520823,2.09834126851395,2.05261198884332
2.761332246,0.768441012049785,2.06682476300921,1.9608225805385,2.75140355118846
2.895793215,1.03847381682038,2.26956288296792,2.25396909369883,2.11417864692662
1.238333416,0.719765903473089,0.886974104636267,2.07085707302467,2.78950867632854
2.972604113,0.973119460734795,2.20146142204569,1.84691832929986,1.32570313724372
1.159223053,0.846354578254985,0.922990973337306,1.41968627856078,1.98103733334333
1.191352791,0.775673148505709,0.812466003271663,1.43282183148556,1.36549669797469
1.035225045,0.732143581723483,0.793579510526387,1.47092884502427,2.12274970543444
3.35951929,1.29081722186593,2.78763170760095,1.07452927006867,1.09099912091634
1.149096264,0.718779601523203,0.888335206783603,1.25392939869704,1.98110930962512
0.824758124,0.483870943748745,0.408128587266613,1.41849183988873,1.53452898067068
1.483186963,0.72284269123507,1.10600992975372,1.71292664903305,1.72233957092544
2.200786875,0.534215430277254,1.86453021288266,1.92089894050526,2.89428181713544
5.101326891,1.07889069735375,3.92435445846746,1.41144569045139,1.22077040070652
0.164143227,0.227278719145189,0.062022634406676,1.55577689489373,3.0630389600297
1.617807099,0.618343106649931,1.30596885871934,1.08945851346594,0.760312943412821
0.608335843,0.393297430129518,0.693141234043587,1.27162072783652,1.3065843867829
1.062217714,0.673953612630811,0.895069789383591,1.11780796065593,1.06969004962559
1.372944234,0.74462045152725,0.97634697578616,1.16475074170132,1.27456443983997
1.639946316,0.741588079709454,1.25832789646481,1.0490427481272,1.12965540684216
0.904616705,0.685398914810023,0.707049932645321,1.24215214399848,1.3679371195902
1.154703246,0.744561281592624,0.713515387929407,1.24284357780982,1.04544825917407
1.0038471,0.775087814933463,0.679689284584201,1.3507181072452,1.33299861828348
1.450881648,0.785151008934551,1.23705664103286,1.43347045884216,1.51198018994476
1.970879789,0.849093212417208,1.63211209972877,1.48204920515406,1.77857341889507
2.359095275,0.891692648531689,1.85406993815711,1.4259920585348,1.49208783213785
1.012382023,0.921592602287404,0.622422073000748,1.85924336260247,1.94539655136811
1.487671934,0.948948413580273,1.01984516879973,1.91754595205879,1.73007576266638
2.272372351,1.01100558876165,1.74469015847659,1.77374058245188,1.80523776976189
2.258863381,0.59648799136176,1.88125492655457,1.70681821151387,1.89175233912467
1.560022992,1.03180020516836,1.20458279215564,1.84038178450254,2.15157582725802
2.161245347,1.02162797289824,1.28745213773355,1.53855946313237,1.57667876648494
1.708178539,0.520762905812844,1.44221231367348,1.47103429196553,1.1733463246952
0.080328579,0.454902614491283,0.126247773395649,1.55378262857282,1.52249702645243
1.318719179,0.55823164337164,1.08955231728081,0.989943888801445,0.696904954407943
1.212426068,0.473909191673615,0.995921744481475,0.907517786390199,0.68671785160952
0.089763459,0.246724497922296,-0.0709498953331085,0.828737655497268,1.02457441463798
0.771606376,0.506736967949303,0.514523783464733,0.924724854811874,0.752673735055302
1.238638753,0.376782045711847,0.834141682471911,1.09136276647858,0.998769259233943
1.239899954,0.518957153017102,0.782673319129143,1.16642136847469,1.40937928354726
1.657505179,0.82365607893232,1.20406174854684,1.33421920040886,1.45631425583965
1.551945525,0.776784538166362,1.34954833798709,1.63766718809483,2.01660618043926
2.513945149,0.573489919961969,1.79593183401425,1.58048192907628,1.78979485986037
2.164867725,0.60475007052043,1.65019477536741,1.66780754753384,1.78939083047587
1.20216818,0.703258808294642,1.02291727608453,1.836145140093,1.71882570680999
1.153141341,0.597531448571076,0.905258806818709,1.61542787069462,1.54804702703272
1.916634997,0.756384656290914,1.60650890800494,1.30784371200696,0.97716390402003
0.6219681,0.634946386966474,0.690521533816761,1.57454409098133,1.71281463282058
1.592622966,0.819330979615017,1.30421468697859,1.52741931312259,1.28419018938486
1.743487832,0.832935768387687,1.46766329395725,1.60609450982289,1.69278437654031
1.974243012,0.67558420423304,1.539995212136,1.38339016335873,1.6305323990912
1.649717203,0.792910717772012,1.47225750487346,1.63329900118372,1.48565558204062
0.943284776,0.68152999369576,1.17173249500234,1.5808890487347,1.63248624970015
1.789040692,0.391090829788096,1.57277241869021,1.0392724554483,0.700786951936134
0.423054548,0.165128821807375,0.482818425713834,0.777855796133202,0.794194734448104
-0.125709672,0.0365483177261244,-0.13671216069869,0.666891224093815,0.360208419451432
-0.020223182,0.11882078728321,0.164649401441716,0.467162138467205,0.413040977617463
0.944536965,0.291575771587171,1.07277500362445,0.347563117914874,0.118297526461266
0.001999236,0.164614967668193,0.313596808504795,0.677730015204343,1.24836046848132
1.655610321,0.392643270170365,1.50114122541437,0.508216238990058,1.02551527133113
2.356574284,0.431217538980432,2.40096767992639,0.449585746450951,0.467121607344983
-0.54297077,-0.136886747601128,-0.54082773357734,0.545402218997679,1.01002873766815
-0.315733084,-0.0344421810532211,-0.332160170014607,0.373765452770027,0.173378721157891
0.539542872,0.150492762270434,0.507953205526256,0.229285336648839,-0.0864703715589652
-0.131196276,0.0960121815054433,-0.123989473946812,0.475463025835188,0.962448743973605
1.243677552,0.253752417170945,1.16358527296911,0.602848025774319,1.48282390244376
3.507173035,0.758576601022892,3.03360732701845,1.00099042632509,0.637251539970702
-0.030528706,0.253991154533009,0.0814186818008142,0.771389171183826,2.40581143026853
1.894553864,0.570033610286872,1.9345406049244,1.3434680457036,0.430678166312401
0.385035711,0.367351377303195,0.534799743827112,0.9169016735763,1.13557851506271
0.43483539,0.311062508276169,0.45785048928075,0.99122537207772,1.03758713523148
1.420113901,0.548445531054661,1.28817054762354,1.22983834959753,1.19198175962694
1.94201473,0.407656346889957,1.59449081790354,0.821414834475054,1.56049607281897
2.281890301,0.485751722548446,2.29461930576475,1.07060115752307,0.606405515338746
-1.026341346,-0.161371947632235,-0.859159695805175,1.58848216619245,1.91825777626094
1.783993198,0.852623981401437,1.79229544927059,1.17748658034407,0.0768120974165928
0.657248928,0.373557858485841,0.493216424636155,0.457046727047885,1.16798828198402
1.576895225,0.754520587757352,1.07647607195389,-0.427645030262312,-1.07962153487785
-3.385332396,-0.704118698936056,-2.80476264893784,0.630451267013283,0.543333024561691
-0.469705972,0.439206529374637,-0.20114557955942,0.0833405579361857,-1.23100204440322
0.083154087,-0.0423916881462168,0.125006403356088,-0.332082482794346,0.0237300997972356
1.054111149,0.284317601101438,1.08438135480516,-0.821072934794562,-0.192299088560216
-0.341953336,-0.131828493316264,-0.156564251508865,0.122751881769234,0.295180152095077
-0.613728929,-0.235743959621675,-0.60004502256316,0.422655043966974,0.666169034270533
1.476934288,0.416626721601365,1.26369121039829,0.534789315248771,0.508138303446653
1.465116353,0.413250765103272,0.771490924923422,0.58456094313903,1.64043314945328
2.409552367,0.452276537120282,2.51011279300434,0.67650174651969,0.907119003859073
0.37834501,0.462903396009776,0.541953560529054,0.900301616218432,1.36800319111978
0.807343704,0.292022872205132,0.575281518467386,0.462890181937757,-0.375168136492081
-1.968273503,-0.0987015588723919,-1.18741414721274,1.2218484755626,1.26597954368656
1.861626763,0.609323325412818,1.6685210155802,0.451107101504896,-0.231122579668286
1.116102028,0.261473244395802,0.974174961174802,0.706149619322673,1.15595176028224
1.035240428,0.387095183198992,0.910755671797472,0.451785631908023,0.851590397307158
0.641575897,0.223659887312366,0.596360983307593,0.724003776634423,0.549017494359179
0.090965409,-0.0534022782903836,0.12086844995978,0.386751299353218,0.245607378661286
-0.240723362,-0.102350045826947,-0.294393214381494,0.415416982739519,0.0671577108227297
-0.155774201,-0.144263871534703,-0.267317899204505,0.244565109981079,0.190951489772045
0.661820391,0.186171220610568,0.667918998178356,0.0639084171234454,-0.0906246462119104
-0.367378706,0.135250441239705,-0.0747657945249409,0.567218572907551,1.23652015785946
2.041398575,0.776026264691677,1.94958607570875,0.594319652327421,0.547853236751085
1.342401147,0.463409368348434,1.01882453482184,0.867044115574131,1.47096754095171
1.3273628,0.350293287690734,1.1132894639784,0.830363189424814,1.07520448699397
0.816493408,0.282508109338191,0.668523757473534,1.05057541120284,0.869370778901113
0.372131053,0.218965295391606,0.16539862352453,0.978273156019189,0.72950452783823
0.420537143,0.324175009301064,0.405100427723254,0.965918161432302,0.914904242865374
1.329526027,0.145652294954451,1.11634115186437,0.686455445227913,1.04308241418044
1.854418424,0.433832845037637,2.76924757244144,0.67607305995259,0.878136481095693
0.570393142,0.391936991143175,0.545739233301625,1.02190218430245,1.15735457234764
0.453866085,0.658420003469499,0.174395752632032,1.12399464386416,0.748123064194288
