630
-1.349492416,-0.115070951090276,-0.730869396324167,-3.08636105256286,-3.93107616309315
-4.462823437,-0.346396183291493,-1.24275876878693,-0.978665489387142,-1.11542086631958
-0.991639365,-0.662800839048809,-0.26308731323757,-1.62101963911127,-2.25322429853836
-0.537513998,0.124810930468923,-0.451621570628803,-1.53109382516921,-0.83103190547793
-0.146229714,-0.193617811072703,0.503877877714383,-1.55924011693032,-0.660671308500426
-0.567621916,-0.300496743430531,-0.603341982620875,-0.744856900015985,-0.666023986726988
-1.21735523,-0.424576340265785,-1.20276345772049,-0.385889845669291,-0.498401490551309
-0.558891166,-0.102628700905616,-0.468282680345545,-0.760689839294015,-0.574328707906684
0.159902699,-0.0700155081433188,0.341935477637681,-0.96528061330253,-0.896496879642542
-1.145022229,-0.274039109032505,-0.936356209952356,-0.897087775039081,-0.573312754245191
-1.238136945,-0.425125657754574,-0.966384604694111,-0.567119998965819,-0.929772806369659
-1.019927199,-0.263690644831251,-0.489387130076801,-0.804739352495302,-0.682714312223787
-0.006444623,0.0192620085700314,-0.0680171411714098,-1.21418982110772,-1.06429489468176
-0.98720218,-0.118224090362334,-0.821779416883989,-0.832664892967727,-0.890929940018112
-1.885810174,-0.682922943670031,-0.949671963483412,-0.503354858156227,-0.486552794212359
-0.111078771,-0.0988052096153395,-0.251722214287011,-0.283518037588592,-0.916990216902256
-0.274666377,-0.191670196521285,-0.82180269526022,-0.650743873130876,0.26280405002819
1.226406454,0.631399834473621,0.539379692053447,-0.809729812717179,-0.685649177479043
-1.103028657,-0.478902743056895,-0.935640876290631,-0.39848320848818,0.00928450912297241
-0.90913446,-0.32441658323344,-0.811284961183171,-0.817677248155322,-1.08785278388463
-1.508635194,-0.458906297266689,-1.02518746197952,-0.606232055718232,-0.797775110247905
-0.768469469,-0.327209914298075,-0.619753768780864,-0.930510890916146,-0.879796949858207
-0.274526603,-0.277623996466048,-0.489096585502673,-1.00554656548185,-0.800369926843774
-0.69485497,-0.306446874124939,-0.381899916854223,-0.972727064725692,-0.663315265569049
-0.897525665,-0.554272007946345,-0.881550650103289,-0.857729577775379,-0.990818724840191
-1.354412731,-0.550841923450928,-1.19177553660713,-0.898860234327897,-1.04729311691747
-1.203983126,-0.325625807502301,-0.774699960264351,-1.2116283840766,-1.34528085010458
-1.455158238,-0.582374142437841,-0.955539225714637,-1.23258150016329,-1.18584943995787
-1.119755447,-0.518302981327644,-0.948949955553722,-1.16482481119389,-1.39118150723046
-1.489952811,-0.575034124182129,-1.08393037361311,-1.19615226933653,-0.904201837348325
-0.521346972,-0.483406282959951,-0.653030079801598,-1.17555790648623,-1.38918493466668
-1.441805901,-0.707000568886979,-1.52530288616596,-1.0644098579494,-0.701613375652844
-0.698952719,-0.387126882735513,-0.310471996682079,-0.883517709140509,-1.16174118835958
-1.094939478,-0.373697237874788,-1.12315136467878,-0.856216083666031,-0.62412444044289
-0.371640313,-0.319241720115609,-0.981859056040911,-0.996595844794331,-0.990334477160134
-0.941597604,-0.358378608048941,-1.12368121837891,-0.840343460225799,-0.67231469468663
-0.682937634,-0.561640913954921,-0.582675154528991,-0.761918233011997,-0.899425830853325
-1.085492386,-0.798075708068762,-0.934588975983137,-0.796511672091424,-0.801817283985202
-0.916482824,-0.682828703128562,-0.779068149602682,-0.85694783817266,-0.957240789363686
-0.896580888,-0.653068159107009,-0.69335145171898,-0.863749400462861,-0.886397587554299
-0.837967796,-0.557894945617004,-0.666430601612145,-0.95855023683343,-0.876174324272509
-0.782806683,-0.592698950327795,-0.704801454351416,-0.894343633022057,-1.04018937947242
-1.318916712,-0.864101923757025,-1.13158734407999,-0.788960874537233,-0.768447151481203
-0.751374268,-0.618952308610446,-0.697149661224312,-0.848182234420136,-0.972622372180267
-0.671771744,-0.440213671966081,-0.485909592157687,-0.892885759445741,-0.859913659902479
-0.901965642,-0.472823673355528,-0.692456717277615,-0.800382243162123,-0.775604722462042
-0.892143643,-0.397290971946334,-0.760380238293036,-0.844071801666966,-0.762755271604505
-0.416429561,-0.136528935116235,-0.436033090564077,-0.993218270020657,-1.44676998248032
-2.21679428,-1.25119061601742,-1.3367487149945,-0.719110474712528,-0.644227243408254
-0.843688761,-0.413428336869072,-0.776877163023993,-0.986422295621626,-1.25898903310432
-0.51477302,-0.232074704189683,-0.510367071643894,-0.833138506815639,-0.915373736983166
-0.84538514,-0.300337060643384,-0.7327697301285,-0.757192280424816,-0.632585022485599
-0.723072944,-0.363725156967102,-0.599673641909189,-0.743263565256101,-0.608198241894698
-0.305188502,-0.224304735124861,-0.649220768618188,-0.83617134281384,-0.868145831169014
-0.999658193,-0.444395637812065,-0.472521449043152,-0.808291262148824,-0.687796283797044
-1.037352175,-0.483488334817612,-0.906495783844888,-0.793726836342157,-0.866597556024519
-0.822565521,-0.439619025806998,-0.746031924008403,-0.960877393897453,-0.938279409732187
-0.820966503,-0.443777277081704,-0.628992554491069,-0.972750453708884,-0.963066650941694
-1.123241606,-0.74148742796461,-0.886930563072396,-0.905980400810141,-0.811360315124606
-0.763513366,-0.611792820160365,-0.729338538768648,-0.911607613718815,-1.03317217151433
-1.024304162,-0.525613678637735,-0.815411380673463,-0.789095217921226,-0.795447376241445
-0.837127704,-0.46254719090359,-0.699255935554785,-0.92076240965698,-0.724571634074173
-0.335046569,-0.33011062409132,-0.513420511549077,-0.963292506512135,-1.00382987827796
-1.171109995,-0.691441729731404,-0.96899979171624,-0.810383990495782,-0.712904958911333
-1.072460886,-0.561823829564604,-0.964201970937712,-0.718485983122919,-0.863382380412584
-0.734550967,-0.336118821767756,-0.616102529784326,-0.658330631064292,-0.684791921438256
-0.259027629,-0.223225769642302,-0.310428511520063,-0.821905801124809,-0.656476408706372
-0.461466349,-0.276124297719373,-0.362263896985829,-0.714218233791164,-0.621663815616116
-0.906439194,-0.596951337574732,-0.77452946501696,-0.770495935551546,-0.671307777359893
-0.870009748,-0.647256223831497,-0.755583809066965,-0.818145330052926,-0.952367443094309
-1.114496618,-0.83864157892029,-0.93317658623287,-0.756676081629314,-0.834209753810473
-0.86824724,-0.505502216008793,-0.757166531100736,-0.783385542828758,-0.756501872948462
-0.429414133,-0.321785207829437,-0.423831831560237,-0.838282676149372,-0.686228035792815
-0.391838418,-0.475791583272363,-0.643640349641213,-0.844116974627805,-0.715958914266665
-0.922703882,-0.526392670540174,-0.790015466021615,-0.713871267375166,-0.696211671527476
-0.993326055,-0.612837243870223,-0.802344130648799,-0.637333698587826,-0.889571965884814
-0.957008676,-0.463486040522024,-0.724536709430662,-0.748553986652274,-0.886164976344842
-0.82577105,-0.616981288146115,-0.700432799751657,-0.836625770830667,-0.81056416524896
-0.664220498,-0.32063682541444,-0.520446196796106,-0.790729918497874,-0.747483882733449
-0.659346678,-0.409136988899983,-0.532392594819979,-0.750672610777392,-0.641466545281305
-0.535232793,-0.285179292083854,-0.28258074795641,-0.809984781345401,-0.787155029884476
-0.894943125,-0.33987086058829,-0.705790788761123,-0.633464398493809,-0.775330726006987
-1.127968576,-0.534616237718312,-0.947518667618382,-0.56419534720423,-0.546482907604476
-0.183024207,-0.192460239507245,-0.268495457010387,-0.733399512855873,-0.85463054574124
-0.609829823,-0.32797204379627,-0.498706340661525,-0.552709719308326,-0.510999722995909
-0.754226897,-0.32744216896092,-0.599636955611821,-0.594835395618259,-0.491567624261722
-0.254705306,-0.141696068581845,-0.258069464192314,-0.711628851231902,-1.03156693303153
-1.368772114,-0.743952032587993,-1.19032234719074,-0.819148680854944,-0.741384272709408
-1.212893426,-0.456183697419172,-0.946353676597702,-0.811889964126349,-1.02750490998267
-0.872071808,-0.351520139657726,-0.740250864894219,-0.886703797646391,-0.944670163319032
-0.658298038,-0.556922111771544,-0.924822914080671,-1.00811912317069,-0.851341129559398
-0.79629197,-0.452807671135158,-0.73703685471294,-0.888746453499153,-0.691120700280218
-0.688343919,-0.534977523032477,-0.685812564521954,-0.76985872080721,-0.721219575989388
-0.63196105,-0.488874284807968,-0.519843719797842,-0.737198908354616,-0.763463068099644
-0.8449191,-0.728357741815171,-0.787169575647698,-0.755371862792261,-0.676031801795286
-0.680589942,-0.603608264727066,-0.668047141789729,-0.762992041522453,-0.844234074853048
-0.88821246,-0.711581679520006,-0.805465010375529,-0.753242417821062,-0.74676389051507
-0.797470283,-0.664672879490937,-0.729302589827995,-0.741470383208628,-0.813327984471467
-0.80346252,-0.634494791822777,-0.693409702930808,-0.713325144421744,-0.682205055795336
-0.539741813,-0.550532786815589,-0.555452627442781,-0.759185623924599,-0.731217940627818
-0.647882093,-0.549984448090882,-0.557556065412352,-0.68566138832815,-0.648884245282612
-0.719822104,-0.575675578237025,-0.618019452927607,-0.686818522361944,-0.674043168504864
-0.679643889,-0.54582947335827,-0.621811043547784,-0.680013291366229,-0.79643821913562
-0.919688358,-0.672571889118595,-0.761336815307581,-0.729266952505609,-0.687407464784426
-0.668111757,-0.53670165233363,-0.5676177636198,-0.802899807396853,-0.852550956751654
-0.804796995,-0.66431104297079,-0.720437814086074,-0.845624008613643,-0.806013932652507
-0.899262688,-0.669306653123455,-0.822079657861905,-0.848464448081335,-0.884906532647909
-1.023004368,-0.742046583829899,-0.87397961548926,-0.785465156242046,-0.811666740557095
-0.723388999,-0.638769637106194,-0.723041231950902,-0.908319721786294,-0.920013584017682
-0.817187133,-0.657163512883504,-0.751849349346369,-0.871800477880114,-0.860727347582974
-0.982449102,-0.678622311035528,-0.83839127613688,-0.842350875066925,-0.808472091870575
-0.77976748,-0.636243421468577,-0.753796312933048,-0.876462903530778,-0.960856998122853
-0.972663665,-0.693370187734631,-0.801723858931598,-0.899097414230109,-0.864571838359445
-0.926973826,-0.458829770531566,-0.822999742031128,-0.875432527017543,-0.923750827809211
-1.050561733,-0.411963247258642,-0.846014562692742,-0.880502025913073,-0.487766487842504
0.162543832,-0.0807118942037725,-0.219666279079984,-1.0139164484892,-1.12845839096414
-1.300157395,-0.583714110166936,-1.06881739287035,-0.876736578237893,-0.405610711861798
-0.715909698,-0.346858547392632,-0.602510369022424,-0.974342982995282,-1.17386581038531
-1.300342016,-0.575513729192739,-1.12592734956493,-0.79769845143015,-0.836455408481824
-0.937660915,-0.60859233876481,-0.787520907927276,-0.821327217504847,-0.948254883697037
-0.803190039,-0.364924548210665,-0.699029402370668,-0.714238797707864,-0.464373246437672
0.075656481,-0.023218291538697,0.128074196310588,-0.746912442480367,-0.457883180496435
0.028714337,-0.181940558260674,-0.389422496199864,-0.708649907666561,-0.398189201288772
-0.690728849,-0.327005861319976,-0.903572058670536,-0.538582586808052,-0.489576717636863
-1.040104967,-0.501418865989843,-0.87078618116331,-0.512319649947532,-0.660659322028963
-0.683277842,-0.404682869483851,-0.64926718620466,-0.876729355746422,-1.00525358158132
-1.018647124,-0.516507960094006,-0.787045183706791,-0.901840066264537,-0.939319579538157
-1.22046841,-0.581628865368258,-1.02736861086562,-0.861951793932037,-0.869627576268211
-0.77153026,-0.507750671023965,-0.677084145046007,-0.978398974572417,-0.953714132357989
-0.652303892,-0.512877049694592,-0.621269172833931,-0.948919217771762,-0.980891043837417
-1.234748935,-0.692612813217167,-1.10343523753532,-0.771328220432519,-0.602687034177815
-0.501815024,-0.335403840069345,-0.445106675507186,-0.816755467568861,-0.907059462123591
-0.628137435,-0.298669551016816,-0.471334177768532,-0.780389994847008,-0.72868591197352
-0.862313897,-0.489587538451128,-0.717926268556644,-0.84212050128107,-0.728995346389996
-0.763213018,-0.498691819712473,-0.635804214147796,-0.807650023398701,-1.0315459855711
-1.359197443,-0.818691180840222,-1.08693940657157,-0.703839689950345,-0.656972358369738
-0.518841065,-0.378162644374188,-0.484579649969073,-0.786843339208532,-0.96973456629345
-0.730920746,-0.408993988636532,-0.498281151984535,-0.729562571421922,-0.472390963014871
-0.268336323,-0.116456196551724,-0.269198998314237,-0.6883656227963,-0.641497758732676
-0.562766343,-0.409458586357937,-0.468634440398847,-0.568566358773793,-0.463141727300415
-0.537156626,-0.373480488573185,-0.485500428552812,-0.658716482421321,-0.711866027619612
-0.895438355,-0.459016359067248,-0.553796597693466,-0.637995446467338,-0.714351245340209
-0.875183809,-0.564215263917047,-0.767375000573879,-0.769814408615909,-0.917194509972089
-1.006788689,-0.604201329215761,-0.863491226215588,-0.80368713575197,-0.892053080728279
-0.945253485,-0.532043802618451,-0.796387144031254,-0.815231063801742,-0.861485543055674
-0.772546979,-0.477680410205234,-0.615985829212159,-0.773846610282128,-0.742236581711507
-0.558013874,-0.435677706928096,-0.521816225389554,-0.875047531489897,-0.595480671178641
-0.293881147,-0.307969243545038,-0.46881822312901,-0.826952735628329,-0.769841041048422
-0.959161392,-0.485322168024049,-0.780761576601968,-0.654472554696415,-0.603406075911862
-0.910413781,-0.499765432953429,-0.76903316240222,-0.65993026050156,-0.746662022677746
-0.590829937,-0.31291246955136,-0.640470426799858,-0.910585633602349,-0.868615594127634
-0.782355435,-0.542094255051445,-0.812858334905283,-0.927413371280181,-0.880417412069185
-1.166325181,-0.527271885349335,-0.951062114345114,-0.831866357161861,-0.819332500083774
-0.845667044,-0.600149253285992,-0.866420891425908,-0.940766426743468,-1.08325819563633
-1.094232471,-0.683442393638329,-0.961181332711615,-0.886363343071012,-0.878568641668504
-0.882424116,-0.563428653609223,-0.747373964674179,-0.961019709864397,-0.939493268681603
-0.774208414,-0.530812315339753,-0.646542553821155,-0.897982890647472,-0.98175389874828
-1.136173669,-0.787199145957386,-0.957303239300529,-0.862687466015861,-0.691428674881488
-0.53037998,-0.381230351390662,-0.455550908265581,-0.874382598368192,-1.00069858439142
-0.948680014,-0.64351429137758,-0.80675484872082,-0.777683238375328,-0.673714158598129
-0.731498643,-0.451970758875146,-0.597002026266108,-0.83710041461178,-0.822898956796593
-0.731008205,-0.409848655686091,-0.647010542226633,-0.706664257490918,-0.798366944030663
-1.032618336,-0.406711618155687,-0.745775699388734,-0.660864254315173,-0.242363081500367
0.41897487,0.102826021052477,0.0731199737390584,-0.777681303486943,-0.847639186524134
-0.714677926,-0.361379354406917,-0.736429865242312,-0.677166145094618,-0.229017393882375
-0.669923667,-0.251283831508303,-0.509488338440617,-0.766184633884935,-0.610166238226449
-0.580211657,-0.418520215786897,-0.638971131762062,-0.698065431310802,-0.830843866157464
-1.029000832,-0.394766618211159,-0.884801257795406,-0.808452032512783,-0.732902062367355
-0.792077658,-0.456196923074834,-0.755980366922929,-0.904061724554871,-1.15148691143588
-1.437427395,-0.7273439115525,-1.00189419675532,-0.726824307295656,-0.801279882417023
-0.865808518,-0.35361300313639,-0.639861464649687,-0.749569355553226,-0.834763105715026
-0.292364843,-0.148598939115393,-0.237614774384151,-0.636680489045074,-0.723787477349347
-0.584918576,-0.323173689052049,-0.428821289403084,-0.488933628244138,-0.237134839506692
-0.036439656,-0.11321824297033,-0.229272560726129,-0.48864704207809,-0.458432022815464
-0.333866563,-0.0557454553703208,-0.432272507453895,-0.335639422452072,-0.315751524028889
-0.515722629,-0.296581173117674,-0.361017020739908,-0.457317266685814,-0.413482481184368
-0.497707106,-0.282870840670974,-0.578140255474811,-0.476450638525821,-0.585168176077863
-0.684179546,-0.34844750304207,-0.590342601638342,-0.618447162087776,-0.598730691161778
-0.677329381,-0.442312831998379,-0.627278318912015,-0.726090443557397,-0.748397282560331
-0.837868588,-0.258407952576306,-0.578680748070939,-0.681049167138621,-0.766086916936343
-0.999692668,-0.413351507934857,-0.833547605181314,-0.662366094613922,-0.434397477494429
-0.02403186,-0.109704958496019,-0.349659249955015,-0.675900681410513,-0.602739103689176
-0.179079746,-0.666536882065894,-2.83200320467446,-0.61127702055363,-0.354869901945984
-0.49154378,-0.315871990786036,-0.644431489784868,-0.748762056765214,-0.507940964322129
-0.731973848,-0.299256730469322,-0.555980581820073,-0.644226397768568,-0.944199416452295
-1.594558929,-1.01643741920265,-1.07323516378162,-0.619137196228123,-0.63974817505671
-0.524764475,-0.345370106416234,-0.539560654627013,-0.982538268342704,-1.21139117192686
-0.920352564,-0.508108983577018,-0.751176797556084,-0.907865168183769,-0.938410918005881
-1.27419381,-0.823102379981315,-1.41421046021533,-0.906362527727368,-0.870458334012018
-0.889777827,-0.591824820143467,-0.730118363997795,-0.840377505771504,-0.949451574577606
-0.71878321,-0.645856090985083,-0.688733134247151,-1.03023681430839,-0.711059080987738
-0.309907511,-0.287116703065565,-0.394974660029389,-1.01800163446856,-1.10941001729048
-1.603215884,-1.0294233138372,-1.46403646144953,-0.73605042718369,-0.535865039813252
-0.668796132,-0.510783958582213,-0.647205046659117,-0.980468843209879,-1.13316698164814
-0.847576915,-0.485335122869107,-0.728559898877702,-0.765811792805397,-0.813061245818349
-0.911813577,-0.4249436731789,-0.701637110197066,-0.776089892749014,-0.651311555391755
-0.403029929,-0.304007550067273,-0.399164363440023,-0.747556185966365,-0.858460329830053
-0.875345756,-0.443503400475363,-0.783460684544006,-0.722259828739505,-0.479461009783154
-0.352928639,-0.260511538587221,-0.509098765623412,-0.781832724859096,-1.01186555360016
-1.299263984,-0.895181084843305,-1.17198566467544,-0.622138262760614,-0.556740206220669
-0.681850033,-0.375311430676686,-0.600171919981129,-0.815587596932437,-0.9558556436964
-0.726449194,-0.326016534812801,-0.674783016827973,-0.550039716151031,-0.799431835745831
-0.997520066,-0.288313024213524,-0.679301624848121,-0.634395549931077,-0.353036752025815
0.175994959,-0.024402797056743,-0.0791459735182859,-0.785789332821081,-0.895492763582629
-0.799439806,-0.415285101260218,-0.988557042830927,-0.974093434547367,-0.510059686130777
-0.721967883,-0.322314018658529,-0.716914551717511,-1.27058580117502,-1.71416822631856
-2.942289883,-0.512415396135311,-1.80215589113125,-0.707054603415462,-1.18671807572713
-1.820636306,-0.754050697521011,-1.29550363523971,-1.06515698229645,-1.67218949745603
-0.805684773,-0.19744787579917,-0.71309452379037,-1.27348185108399,-1.13990647718172
-0.231663858,-0.164815833905329,-0.236819199452792,-1.46849288080192,-0.967969215447902
-0.896599539,-0.58414479286048,-0.826167193587801,-1.04867773692048,-0.832050604439061
-1.343095297,-0.704646529908873,-1.12818984792921,-0.815997076855652,-1.00408520997286
-1.265149475,-0.584747601920031,-1.05748640261436,-0.722854033577356,-1.02891632928019
-0.89446478,-0.530399972710226,-0.745653639408864,-1.0638692852137,-0.745823477147199
-0.059371093,-0.114052134711495,-0.181569010480569,-1.11541871255106,-1.06298356070345
-1.278600606,-0.505582650815407,-0.956784588125126,-0.668061429809244,-0.393588881434407
-0.577784321,-0.552380186472929,-0.933379601596896,-0.924379142569835,-0.90159926112297
-0.529832308,-0.514547561793983,-1.16726818491551,-0.99598529231528,-1.11942600557645
-1.617759753,-0.821534358114471,-1.0521900458519,-1.03790303925189,-0.959011598063054
-1.379339829,-0.620726941322666,-1.25693144264686,-0.918465673576043,-1.38380806191208
-1.409587672,-0.705830861859204,-1.20074293696817,-1.00064804340857,-1.06867782789597
-0.747865936,-0.538744516746049,-0.483136163428336,-1.32427741367833,-1.07175813950721
-0.540183495,-0.212338133609291,-0.58933813383982,-1.31230796484838,-1.34835736518409
-1.929426792,-0.522783476407187,-1.38053806321239,-0.975544974608814,-0.992864417817465
-1.497538213,-0.863318470602406,-2.01414882153406,-0.977890366375182,-1.28631239424091
-0.914629128,-0.484554356117202,-0.891034593418446,-0.957838527940424,-0.990192592475401
-0.482833893,-0.144118246513781,-0.546544259557168,-1.12822127655086,-0.629673924128022
-0.06123844,-0.319970947994944,-0.083001750409466,-1.28802808903502,-0.947711753071193
-1.220295269,-0.469723257010085,-0.870380617340919,-1.10311449019473,-1.05709031221957
-2.172922629,-0.584856279896206,-1.30418935697683,-0.740111488542596,-0.965348949304575
-1.054955453,-0.273341968606601,-0.874492842773228,-0.839966193301763,-0.923986552835828
0.265594935,-0.210577699337421,0.526986116037099,-1.23170806976071,-0.825900145402596
-0.313560471,-0.128101277395279,-0.411723653902039,-1.36674404118559,-0.602558255423709
-1.107111287,-0.360318367027038,-0.86071488366345,-1.06415375875104,-1.16369804376299
-2.25023956,-0.537537541203293,-1.13660726906897,-0.802967199430634,-1.00645357895907
-1.066339277,-0.380293160685854,-0.899093627066696,-0.944570463986775,-1.45154596491668
-0.965602651,-0.509210638560707,-0.85683932193608,-0.88467424559176,-0.683182440937146
-0.175927212,0.00543552246264868,-0.26870437381786,-0.772302147302782,-0.506744285620781
0.0281751,-0.0468612465035588,-0.0801079740307716,-0.640728523768742,-0.264248177986635
-0.14479854,-0.0826679110275413,-0.240209841131462,-0.613845789060869,-0.362013513946712
-0.587403891,-0.230818613294617,-0.54649277066863,-0.626471331154165,-0.742201991997338
-1.413533436,-0.599369304223554,-1.00648820777029,-0.405661284605304,-0.781862457140386
-1.259921327,-0.333429148535034,-0.918303850111121,-0.64539369175361,-0.555266276830494
0.331720622,0.203051559029186,0.114548627149213,-0.893621525354823,-1.0091250295004
-0.772584028,-0.4536279024894,-0.948994513167466,-0.96171395217612,-0.282669620802094
-0.454798165,-0.518123327474231,-0.523121253775545,-1.11162295303146,-1.2258556782972
-1.74425333,-0.160777053820161,-1.05599670877144,-0.745614619558352,-1.32870898062262
-2.423543213,-0.467894950433753,-0.996547248474872,-0.993222675817539,-1.15853774025071
-0.71161447,-0.127981623108754,-0.568093311387944,-1.41429957769935,-1.67045534873875
-1.104249542,-0.502798557020723,-1.1792842381415,-1.23089573784118,-0.837031833418984
-0.754720902,-0.190775359545482,-0.715067058348981,-1.05072704857549,-0.819157258177993
-0.530549723,-0.289336407582352,-0.631079506782838,-0.814994387826421,-0.756436132808695
-0.722863672,-0.201886317938347,-0.48992029891209,-0.335501641907619,-0.601502264420782
-0.980311574,-0.669992965261341,-1.18541470900328,-0.372232538574682,0.322119719965928
1.692744699,0.645404803052471,0.755516140909225,-0.674208948800249,-0.785046708467538
-0.633434935,-0.230670048738712,-0.801763370418184,-0.346661656033948,0.337657197022476
-0.633928241,-0.378381933217279,-0.893369308941274,-0.740688088626037,-0.45231490575448
-0.332282095,0.0210815965996427,-0.418298659136296,-0.789944381262511,-1.223584186464
-1.894273256,-0.768517176975418,-1.44046772687294,-1.00462077954148,-1.00738330770691
-1.679136715,-1.14423120744102,-1.55685054758492,-1.16187465860878,-1.55461139226972
-1.530600643,-0.610224283298478,-1.1082786600515,-1.09485573994673,-1.313258176778
-1.050104765,-0.528878215805086,-1.01552207042638,-1.10382288355244,-0.96486485888102
-0.287173111,-0.32995266276246,-0.501917942576399,-1.20435450116761,-1.00613434194807
-0.79684943,-0.481436794316393,-0.813966835322225,-1.15745947239716,-0.904583806583322
-1.391446236,-0.597967834802267,-1.12042187401376,-0.92401461727281,-1.08093384415399
-1.50988935,-0.666231404729047,-1.07596725243726,-0.838730836992145,-1.11088521865101
-0.907137628,-0.540495161886692,-0.683868999372195,-1.15037224433708,-1.26245186453347
-1.101939439,-0.678205291546292,-0.902325761337458,-1.05546338670934,-0.865613059571251
-0.905037103,-0.308268943866126,-0.571922259456958,-0.978707518903856,-0.440514038701537
0.387382298,0.266964371972093,0.450969164074611,-0.944696954682852,-0.88205103988233
-0.81107196,-0.442268008144038,-0.732251078135321,-0.696428813371537,-0.380342097145698
-0.981554484,-0.449004820196488,-0.847428928373996,-0.805333482540854,-0.716812792055509
-0.64593237,-0.21603469341582,-0.279477415956473,-0.814834163025695,-1.21216999905456
-1.578839894,-0.585743722338148,-1.30059758749925,-0.796649340511632,-0.840229524294101
-1.087412268,-0.416732569281887,-0.768107040581763,-0.840674024018443,-0.94597310161741
-0.441469651,-0.113380191676267,-0.428512197031588,-0.705640587983377,-0.807898378339141
-0.531224332,-0.204358804184238,-0.519331675859329,-0.546325400770914,-0.350004219417233
-0.313877677,-0.210048498679968,-0.438297799052004,-0.318331437268102,0.110520615305165
0.690381443,0.36637367630004,0.445243563643417,0.168349684722567,0.385387756846335
1.168301501,0.433123300633476,0.785948127663828,0.118333721480213,0.682068357963004
1.049791877,0.375503089362164,0.696416721205947,-0.0572005244341168,0.325940134700663
-0.402667798,-0.446133300872009,-0.737222739909101,0.487408558737372,0.262327514232201
-0.576945803,-0.120146015070207,-0.517604926464772,0.101188511731455,-0.219979884437374
-0.145194458,-0.0264918161258907,-0.337256084925965,-0.299849734567408,-0.700243576809599
-0.952734483,-0.347261531493178,-0.698104784694108,-0.4547128856095,-0.342593258788491
-0.451051422,-0.223782798993123,-0.39543053723013,-0.509642283039449,-0.75544732853575
-0.71956705,-0.298956938425432,-0.705847236222993,-0.619446482562501,-0.451996164030735
-0.271606397,-0.526510575089814,-1.04655386609352,-0.811890959524836,-0.889598202675756
-1.134952242,-0.206694655346987,-0.743252569093747,-0.620564631873581,-0.588354664403047
-0.890135498,-0.352883879178244,-1.03760778193497,-0.872598116860432,-0.79413325769841
-0.428689492,-0.383738273351462,-0.378236394400564,-1.04632186517585,-1.15078683237797
-1.45383392,-0.576074991253617,-0.918996116491713,-0.908018712947255,-0.773500715275854
-1.076784784,-0.632938875442295,-1.2895040682665,-0.837948129288035,-1.09189483247328
-0.978493614,-0.415867037212078,-0.787753714584611,-0.557172725257355,-0.692675727465134
-0.442892982,-0.171617176104275,-0.462118201168018,-0.723741497538277,-0.155605569878682
0.949658914,0.269912667078861,0.467396717195062,-0.634495074693779,-0.663181870775068
-1.022148563,-0.225640881126092,-0.903057946978403,0.136027120247857,0.593107848038543
0.34395735,-0.0625691123487526,-0.0666178025011061,0.131128465712807,0.171541833665571
1.312232532,0.380534961220086,0.904292671251,-0.0676910085830133,0.046186939940182
0.024984907,-0.21452284995883,-0.267140101627184,-0.201982273795615,0.213073681391901
-0.682738756,-0.340986725856414,-0.863085826110562,-0.380833514906946,-0.356497783927038
-0.882867955,-0.310335388876826,-0.718525502457772,-0.515734589847484,-0.792955171366535
-1.045762021,-0.402849049353357,-1.01340196515568,-0.691145302143171,-0.901404154767133
-1.037989964,-0.368806851060973,-0.849305879685812,-0.752520644079751,-0.797891985979227
-0.582909488,-0.234632112185304,-0.615236952384091,-0.832955717072946,-0.804813429808454
-0.573049076,-0.447395395555022,-0.899979141167563,-0.795037768276693,-0.618701903106779
-0.598078078,-0.244521858365287,-0.611874452131266,-0.508009690024769,-0.553568903434649
-0.667047839,-0.185613146376849,-0.517561118617456,-0.300780507640261,-0.149534505202456
0.256283316,0.0720177185947495,-0.08385637846452,-0.494609759980877,-0.0646567069792797
0.750501859,0.232677224311843,0.511840344769837,-0.563444073960276,-0.310244879880011
-0.710630966,-0.205292112029341,-0.644085653091874,-0.278606221729234,-0.125008553045699
-0.952208931,-0.275534005908484,-0.639869804721407,-0.463071832682798,-0.574764496487183
-0.575473062,-0.396897021618717,-0.574080038724102,-0.914682415052516,-0.958455559737962
-1.01967461,-0.493449715460353,-0.792435963106302,-0.746076316255661,-0.860718285407818
-1.226494183,-0.660745638495555,-1.02679599689657,-0.799636227570352,-0.669879055785497
-0.257993693,-0.28159529378737,-0.421745724962232,-0.981768789041922,-1.12801695065434
-1.08617543,-0.69618742289323,-0.929176646956459,-0.914193572784283,-0.685841867363209
-1.005116839,-0.656677582934449,-0.869418297110629,-0.885830803328728,-0.891538692894903
-0.810548806,-0.379516502436101,-0.69637770473424,-0.793846216359263,-0.871815140797066
-0.704938663,-0.296513728346047,-0.531326665573862,-0.978065226887029,-0.895098952893136
-0.848451215,-0.360933682785214,-0.592261231487504,-0.803199731304611,-1.12869399003049
-1.70755015,-1.07077974459463,-1.39960127608059,-0.770417448960371,-0.684589263484619
-0.459706241,-0.199872239288163,-0.386397918979129,-0.949710257366127,-1.28289166850087
-0.973033639,-0.516112832150426,-0.783137855833595,-1.14669437207924,-0.855782808291346
-0.982149695,-0.39530667523145,-0.702510587134822,-1.1588134228177,-1.29270298097056
-1.782185304,-0.95347058461821,-1.48337700606103,-0.85686762253847,-0.984370994050082
-1.046732667,-0.515573624348694,-0.671876621317723,-0.957448886661398,-1.18378808270856
-0.845489546,-0.504826801038221,-0.813613010497727,-1.07914539893253,-0.529537330637131
0.290819735,0.280873591053236,-0.199662899541808,-1.20546353953396,-1.00321135548345
-1.098357457,-0.363458228730676,-0.729023214123961,-0.888773134552929,-0.554014276875529
-1.246238326,-0.478406569968365,-1.09735675768669,-0.83149392222013,-1.00007185583816
-1.125047124,-0.479772800765812,-0.923334380773243,-0.857639116045029,-1.02277047527663
-0.846910402,-0.421708997347466,-0.662193116075313,-1.01280753377696,-0.997677460769454
-0.882961123,-0.296468071035581,-0.849498627002843,-0.926389676969831,-0.808489862578472
-0.722710263,-0.21878324788073,-0.603587361458878,-0.956637761618165,-0.816896440860042
-0.689654163,-0.57280621828809,-1.32753474200308,-0.949983592892141,-0.918294638823983
-1.108049437,-0.45826123433346,-0.938083029387504,-0.768355020672745,-0.841937592626508
-1.049166749,-0.511444982171028,-0.927890364013973,-0.856656482402479,-0.836022980566154
-0.56618446,-0.411229210573786,-0.792137637957599,-0.930670230120038,-1.00525151570749
-1.009912259,-0.568143291514982,-0.835930224860699,-0.921427945184631,-0.663517084815472
-0.630674392,-0.17286211385457,-0.513166222693266,-0.785844763468097,-0.985108921993988
-1.141767784,-0.626920513233484,-0.807306399475921,-0.713914200127047,-0.491139896580769
-0.160581382,-0.0713182269026945,-0.145982335005576,-0.926946023350462,-1.09156664721476
-1.176068537,-0.627055442666471,-1.04801065950932,-0.702840928267383,-0.519004292182434
-0.774723363,-0.407162298170689,-0.731820712589286,-0.735333565016228,-0.796156250885005
-0.515795018,-0.553240040160752,-0.647256901890793,-0.683175286730904,-0.772907239686422
-0.729907201,-0.567039236624861,-0.697801642718813,-0.911302821680388,-0.647779066982088
-0.626618889,-0.44475243064735,-0.606868650421323,-0.863465698454084,-1.02653655134289
-1.44525696,-0.847551905591894,-1.1718890779693,-0.670009200338527,-0.71933092624862
-0.836527874,-0.525388181843392,-0.705860685936458,-0.708760069693514,-0.95977587964084
-0.604646244,-0.409244088980822,-0.482427625774499,-0.884476620156832,-0.726123999865953
-0.425203367,-0.278289214866195,-0.415904494093759,-0.909934608320973,-0.92917941789265
-1.309046757,-0.691285532413408,-1.01203631635877,-0.745963020888231,-0.546931488010793
-0.561928106,-0.438799157466989,-0.558881246310453,-0.906603095488313,-1.11507381332082
-1.070957674,-0.602703896352416,-0.840152363220977,-0.766520566255622,-0.788207919001918
-0.867498501,-0.470617308799933,-0.764624629284354,-0.995089239835157,-1.11825445726411
-1.284150544,-0.782156547805888,-1.21580209135812,-0.865857333186643,-0.898922831139589
-0.90521439,-0.575843596059295,-0.868816257452041,-1.02002644980854,-1.0782198387876
-0.960340358,-0.600881834717123,-0.77896211395507,-0.813358144267536,-0.860785962689073
-0.829847566,-0.480310194610488,-0.654645049681197,-0.811421061388843,-0.689894850647874
-0.403853751,-0.297304535057021,-0.336814752734657,-0.695615395077231,-0.682200392603554
-0.460406242,-0.315440013296774,-0.388941293069185,-0.665895432263956,-0.648086516274659
-0.802076045,-0.455561950623454,-0.611740557799908,-0.730320306414232,-0.710204594471199
-0.945208234,-0.692384710974163,-0.816090399181293,-0.818681614233932,-0.892451519427457
-1.029874453,-0.68572451396809,-0.872843795664839,-0.831097844734864,-0.986361223487807
-1.097715026,-0.658181157212705,-0.870331007664887,-0.889825554161953,-0.918318958844953
-0.821066681,-0.538385727073797,-0.704680048776198,-0.930673338870381,-0.962231395797076
-0.846140717,-0.618595342443237,-0.776552331790885,-0.934855232206991,-0.831043165794728
-0.700123053,-0.496529625360498,-0.651240095781092,-0.994007871649163,-1.11186919193962
-1.453215911,-0.933371537502895,-1.27682235986496,-0.819266722681152,-0.828295699311857
-0.949189781,-0.556623682794962,-0.621922383294182,-0.865851720945063,-1.0965870649333
-0.866033321,-0.562905465796316,-0.783623832228944,-0.866446035325255,-0.882211736643608
-0.730637634,-0.382217936968546,-0.566093847217362,-0.929282919409454,-0.893821348373463
-0.917461,-0.619173697862512,-0.876287508178358,-0.830407219412963,-0.778473863128394
-0.806282341,-0.550361115857987,-0.662658702400856,-0.758318797699322,-0.83796023451078
-0.822774314,-0.486838613624125,-0.663194259743876,-0.688033087334514,-0.688850259058423
-0.520226732,-0.413085811395625,-0.479541147857857,-0.833323063744729,-0.798749766357357
-0.745464746,-0.588251681648069,-0.659706046183203,-0.679556235225907,-0.754812943272255
-0.960268826,-0.64503614340983,-0.991810318688601,-1.17018342256681,-0.786518654853303
-0.429881456,-0.389655364698991,-0.609375839266145,-1.27846499259753,-2.09259040732414
-3.66121023,-2.23446648032517,-2.09201727296952,-0.740591675102056,-0.748545598444953
-0.929661135,-1.10137217392669,-1.88761519520387,-2.24654179106384,-2.27022652964108
-0.74895524,-0.621750527909603,-1.58849154761881,-2.10010299303694,-3.0210276549121
-5.504516187,-1.66926163427425,-1.0615059609486,-1.47603975961593,-0.728434765490947
-0.594409513,-0.403863941922568,-0.583641724772747,-1.16740783282622,-2.81743487551354
-0.831239201,-0.265204795315272,-0.718702648871133,-0.994641650820419,-1.02998767488598
-0.817236075,-0.380759665614435,-0.717414555513538,-0.961589247019379,-0.910404297749282
-0.965153855,-0.648092075527795,-0.763869726603507,-0.75552067326175,-0.781360137323816
-0.740295137,-0.621554668105717,-0.685393659830286,-0.804980597175074,-0.823277954279655
-0.720969234,-0.49084254702121,-0.598168895519341,-0.766841385333314,-0.682323314314348
-0.568462177,-0.460140969072554,-0.508051243589487,-0.778690851732626,-0.733654767626519
-0.74269902,-0.50044845472753,-0.539760372880757,-0.691427452693403,-0.654852222968919
-0.719466472,-0.561081382188579,-0.608562137349616,-0.644422613480666,-0.712483036583142
-0.721122695,-0.590464720255915,-0.676454894996315,-0.686916779194589,-0.665966144112647
-0.579778809,-0.438866838100808,-0.479826295440072,-0.75448494531938,-0.759001025873109
-0.801910941,-0.659483723011653,-0.71687397683247,-0.721414062256048,-0.68540103583585
-0.770531671,-0.597898648516807,-0.659309027444205,-0.723880402198706,-0.768856178626598
-0.776402776,-0.613821020841054,-0.686193771705628,-0.712017656072544,-0.738540348829541
-0.726179676,-0.591484507014713,-0.639894250506744,-0.748190279902461,-0.684724287172985
-0.595745871,-0.528611914498312,-0.573162195563402,-0.664539412657481,-0.65856557498808
-0.621195282,-0.296958015192191,-0.502762680670863,-0.502266316843786,-0.493459198525165
-0.391560854,-0.240320723795791,-0.350459055450095,-0.541678803519578,-0.435902678267842
-0.214745158,-0.199234350386676,-0.325599495550502,-0.600930049318408,-0.442469888678893
-0.367868858,-0.223967793945875,-0.353409820272684,-0.714651091279633,-0.611232388986545
-0.925703954,-0.505373934610889,-0.779717520311546,-0.639933557778673,-0.805541669009239
-1.323403569,-0.813189332535703,-1.21785147308949,-0.740103392315346,-0.874793555649154
-0.885957492,-0.433896730288728,-0.670768046677135,-0.866561032851782,-1.14937585324578
-1.080661364,-0.709115317579826,-0.937018234457573,-0.951587564852218,-0.901450833185011
-0.897635257,-0.563161940459585,-0.724855881205681,-0.959879440248888,-0.860480742649492
-0.627668565,-0.43497143596165,-0.554438877075073,-0.836302582352214,-0.886755831016308
-0.903812217,-0.593306134752193,-0.747912270358556,-0.834523975369013,-0.613489544652544
-0.532623075,-0.385049155366015,-0.455952086693368,-0.745065144388779,-0.776047574983368
-0.660065094,-0.485711468582871,-0.560128302155701,-0.713617953882331,-0.698336041025247
-0.815080082,-0.630542786013333,-0.710003419318088,-0.699412693469191,-0.726859373243716
-0.818168667,-0.664697608173803,-0.749594286517987,-0.712005061497867,-0.760997356347251
-0.736633624,-0.563699756955104,-0.623279037107084,-0.686278141309297,-0.759657583980212
-0.747752557,-0.562826005249922,-0.632095130395691,-0.679053943418629,-0.606694435032512
-0.437515422,-0.425044303340656,-0.435671413701889,-0.735027486239776,-0.684947874579022
-0.583859894,-0.372847151223711,-0.510621047632524,-0.750771552285051,-0.661291424142851
-0.776142607,-0.491862128522373,-0.658085297579863,-0.738732649746231,-0.880540063860358
-1.225433062,-0.792519374942406,-0.966943300116582,-0.799257151443007,-0.874429185976116
-1.024944874,-0.689917905402562,-0.882102975134729,-0.907347413124395,-1.0186522849918
-0.919520062,-0.587544968893345,-0.831153595658476,-0.932027472411327,-0.862987319731603
-0.618158001,-0.446409797142701,-0.572222248855595,-1.01928695914566,-0.990203682044357
-1.065457874,-0.745267952025529,-0.936106351591095,-0.841730164634617,-0.788058306818809
-0.957165977,-0.678589997343608,-0.857200527434953,-0.804753719432456,-0.824014937194601
-0.698137747,-0.490697061627027,-0.599346525326768,-0.822181177280612,-0.645640843087931
-0.237058922,-0.19411928639571,-0.451170628523685,-0.863593872864926,-0.786989737247605
-0.837628428,-0.570047905550526,-0.744892077758801,-0.772280715986716,-0.569200298271181
-0.771442199,-0.455455319187896,-0.673102773409118,-0.766028457392372,-0.947746891306276
-1.213355728,-0.643944501351511,-0.98842341910138,-0.657595978990162,-0.735748475297435
-0.727666473,-0.51100404979813,-0.611584111678981,-0.78664793332548,-0.851524204285837
-0.516680701,-0.333117499285671,-0.359679966374234,-0.805697444972092,-0.785632148057571
-0.803129299,-0.571585668919332,-0.677554531779037,-0.781551958855455,-0.605757841865799
-0.625344043,-0.499732104039498,-0.555947390440825,-0.691754627039084,-0.790561211949116
-0.85102118,-0.514406038695785,-0.642253874142246,-0.729193083199947,-0.628012242515933
-0.532303822,-0.452152480264059,-0.493919185793615,-0.8372393170468,-0.933856051175698
-1.098588926,-0.605236454683021,-0.837178408940408,-0.734257762939326,-0.666309526347206
-0.718416117,-0.508294252769288,-0.620882202219902,-0.84153920428342,-0.998365770057268
-0.99475933,-0.712039891169964,-0.963446480842223,-0.846086330647409,-0.818569718634581
-0.870969195,-0.563502942817772,-0.746111553615809,-0.861095424956708,-0.923841765105243
-0.914911409,-0.606450952029513,-0.761812543977718,-0.862883647763742,-0.808479090893139
-0.699351374,-0.538159323536731,-0.639738469416022,-0.920286472925533,-0.915734006023154
-0.923302779,-0.634240871542642,-0.758841512689425,-0.830128933072435,-0.81991287878216
-0.933550016,-0.621720660009102,-0.790829743835155,-0.836071666489284,-0.831658857565819
-0.738269008,-0.573471468812691,-0.664069352690464,-0.842973812758253,-0.934879653648485
-0.970448213,-0.673421069289775,-0.803252366596987,-0.919458367589765,-0.773939781237373
-0.717717202,-0.573321124635236,-0.654703196489484,-0.925693104698143,-1.04044176318253
-1.198269197,-0.800873309720728,-0.982638716626505,-0.784394990182952,-0.783687515695757
-0.854573022,-0.671725011695059,-0.739600480368107,-0.82285203395819,-0.865393066727666
-0.571188168,-0.51755787798785,-0.531892741194968,-0.843199677453365,-0.828273604434221
-0.75842415,-0.632621896127129,-0.632956109233315,-0.828612310300288,-0.696038270976169
-0.754894205,-0.65010217966484,-0.679028165256439,-0.794193215174736,-0.803859447799411
-0.895605263,-0.713320728439375,-0.790292930009342,-0.700814797228758,-0.73886177240288
-0.74794586,-0.640523060989257,-0.666171685375167,-0.753852959813705,-0.735999919759897
-0.565550239,-0.446485316958342,-0.448859880806381,-0.792927128966079,-0.77411261135823
-0.773275978,-0.678180056691037,-0.70086841400212,-0.77158588524675,-0.7114954369233
-0.831139124,-0.643988206611556,-0.722396323723748,-0.846572295329169,-0.775891154590936
-0.757929648,-0.590118800685862,-0.688215544579755,-0.879184391500043,-0.945572563106909
-1.122780993,-0.721481137254126,-0.890348454737866,-0.806047982825778,-0.77776675208927
-0.776017127,-0.635444604034634,-0.757606233101674,-0.857255350141244,-0.964437245341559
-0.878271571,-0.645583515305425,-0.759920770847577,-0.836829427626572,-0.786317985072447
-0.739032276,-0.561590059605002,-0.655782875282939,-0.877007623139369,-0.849544603261246
-0.860528708,-0.653644233500566,-0.750566943571322,-0.769451479085905,-0.706272331355292
-0.638951229,-0.528648700889507,-0.545376161598059,-0.74721829271851,-0.792023031083043
-0.750279488,-0.581811245372202,-0.648834359926693,-0.738583782840735,-0.671753424415305
-0.622284824,-0.481190653941522,-0.512640662351991,-0.784349191139322,-0.851457283819109
-1.004056066,-0.677128884680004,-0.804840258938085,-0.651000144968466,-0.690637346599574
-0.792733421,-0.567825604282192,-0.654548030330304,-0.677893525815886,-0.700921282491109
-0.43656861,-0.35728936171602,-0.371907542889114,-0.731532919657215,-0.679334998898484
-0.508295599,-0.390205444312154,-0.33070105413089,-0.759069421307653,-0.614780227922928
-0.690311122,-0.420243641298926,-0.651309840930032,-0.777195122402117,-0.75065963425758
-0.866997201,-0.412423251126035,-0.710825609178692,-0.718096572945948,-1.19235037187979
-1.89246837,-1.13258145631159,-1.51783986690621,-0.723619762065853,-0.795990667951419
-0.747108154,-0.539598442901842,-0.668880823453211,-0.880163262174472,-1.26904432614229
-0.828070315,-0.570332195368871,-0.733857715354296,-0.849799063179429,-0.781299857185768
-0.653031268,-0.395835665948774,-0.55238801280723,-0.886556961166942,-0.793600246835954
-0.760596244,-0.594565902296208,-0.618000684528424,-0.718583598421267,-0.682201322488883
-0.677167747,-0.536019488848291,-0.578794377202354,-0.765778682481552,-0.734379802142011
-0.690525726,-0.630772957654745,-0.654066893689054,-0.785139680132801,-0.787912434217523
-0.893888006,-0.694332511139047,-0.784743975383578,-0.765813144455524,-0.772387036524782
-0.859519718,-0.665852215620049,-0.748859343761681,-0.792246445034775,-0.84522501298897
-0.829584439,-0.644418403778993,-0.79338212853678,-0.815627263658313,-0.836606343529944
-0.812291913,-0.666536003976361,-0.737252064382156,-0.842992402817825,-0.825936523435841
-0.838284999,-0.681131474405451,-0.758419175135905,-0.819806436220678,-0.758296920334636
-0.676734007,-0.520409658772984,-0.62067280612734,-0.79519017649617,-0.836728440281903
-0.867852466,-0.661807941689066,-0.789580442506357,-0.747824024394989,-0.686500028549421
-0.662936315,-0.50526849469946,-0.554502741106366,-0.741816812956562,-0.784951230802209
-0.740882548,-0.602410239438905,-0.70000650428878,-0.694211933367991,-0.669622730227554
-0.649703245,-0.487085364239602,-0.56851245752995,-0.740622902843477,-0.690229345635413
-0.631964974,-0.500294595987671,-0.564651089176281,-0.705542641413194,-0.698027059998967
-0.717663583,-0.607079673243443,-0.718147512225865,-0.693345430009426,-0.730954349181255
-0.867194166,-0.657156164366044,-0.760047038672858,-0.610360409703112,-0.647038023412143
-0.612172028,-0.421580222507581,-0.507743806733905,-0.629530748438537,-0.649051109483092
-0.385630107,-0.282570310217576,-0.31686096229143,-0.694649366650897,-0.748028647506575
-0.889911424,-0.585978097271895,-0.747604360439192,-0.639161808854845,-0.521813616266416
-0.582330564,-0.511239891280938,-0.571692657866566,-0.753491068198003,-0.823018562322076
-0.808174999,-0.529021173679263,-0.68717525641874,-0.685711781169013,-0.772023075449727
-0.959064606,-0.622772421735728,-0.836685022729746,-0.701024804012562,-0.759421196820092
-0.773499425,-0.480763868227909,-0.530325604806441,-0.779109315691622,-0.738455895347127
-0.488599508,-0.389749595507517,-0.452636874412088,-0.786250743847288,-0.830083226397857
-0.908349144,-0.446604190433754,-0.68972292167058,-0.851856772660812,-0.569878541978488
-0.47249652,-0.334766419503485,-0.450241131018927,-0.891630263685107,-1.10372432732178
-1.494966021,-0.665024158242502,-1.04131312362995,-0.596774460347467,-0.545850543742871
-0.574433616,-0.41483459487813,-0.550107486287154,-0.7964322015079,-0.921741029744582
-0.455662878,-0.304267226225628,-0.393184342175374,-0.814751299713632,-0.698790192080934
-0.709235642,-0.479461623515443,-0.723464462442993,-0.813606129103308,-0.591911812592989
-0.662262346,-0.508822484773418,-0.605960924526902,-0.694757577421796,-0.77149982821827
-0.873555188,-0.60756805383466,-0.795903478143743,-0.72138730622302,-0.745507410853234
-0.832378245,-0.504372344027465,-0.708442696996707,-0.714989381075498,-0.818020942128923
-0.840245683,-0.583313559773424,-0.750124585612873,-0.718440075101371,-0.682507414079258
-0.491394966,-0.474547280975723,-0.530140450843869,-0.802166541188087,-0.798012059216054
-0.761308082,-0.553463782898497,-0.683438218854501,-0.726442953887655,-0.637125330372599
-0.721646832,-0.551734769942572,-0.662169657762099,-0.728126555823911,-0.755276874829602
-0.8060602,-0.597626576137005,-0.711368275776522,-0.721342960978315,-0.683856942659467
-0.577558546,-0.423392820951911,-0.494912458378383,-0.83100433708069,-0.910582115050194
-1.067710888,-0.690666465850265,-0.861134913417707,-0.743091793237505,-0.705148540412651
-0.802535376,-0.549352020848897,-0.699251768284158,-0.827008939542741,-0.893532823489135
-0.763863277,-0.594246098072577,-0.699702394940734,-0.919507185109994,-0.878261080488312
-0.88109557,-0.528697417024103,-0.64401806137254,-0.94522754857392,-0.972293295862353
-1.207207402,-0.7968762529686,-1.00979095097675,-0.81809130725701,-0.913560621619782
-1.008171373,-0.573617290515298,-0.905802880576292,-0.790807223740625,-0.928334109893243
-0.743046955,-0.454797449512334,-0.693888275839474,-0.917982903402578,-0.745615374620675
-0.392202169,-0.329307001394967,-0.454742438713377,-0.841916788814661,-0.818222938836007
-0.939165036,-0.424032654920364,-0.751472901123101,-0.684771977090956,-0.398997187426167
-0.277539168,-0.290094532240175,-0.302378166947982,-0.674792383362151,-0.802479864830335
-0.783696024,-0.357413594595085,-0.692549958983285,-0.621290966411949,-0.425616836503552
-0.45018736,-0.368067104889472,-0.575410749092584,-0.753684641455725,-0.703271243004088
-0.672715507,-0.436923176380759,-0.694370386297224,-0.626618625902226,-0.624645909685075
-0.768336571,-0.363232962981704,-0.780829562988866,-0.650443618966074,-0.674102026555395
-0.718074419,-0.416648096723421,-0.628610382838545,-0.566945829148303,-0.68293250762713
-0.618132937,-0.438413148516866,-0.636552732606502,-0.696108442788115,-0.663408047297446
-0.52025635,-0.328218711858263,-0.542965601019184,-0.737608736130745,-0.856173594767478
-1.14025234,-0.691278031027124,-1.03359188446183,-0.660617402772611,-0.632936164544923
-0.72014153,-0.467119347848335,-0.642917661017577,-0.870630236391235,-0.913132612501081
-0.714781684,-0.36892433029443,-0.583473962129602,-1.02468926301212,-0.94769675224752
-1.095644961,-0.499109923857296,-0.846780154578836,-1.0144984898812,-1.00977290272761
-1.361329859,-0.602067643826101,-1.07680798325084,-0.894151984987294,-0.984535973212413
-0.941288313,-0.418694996527054,-0.667638507103064,-0.977094575527823,-1.08725693773008
-0.864622321,-0.5042828900403,-0.792391104901489,-0.995282744630838,-0.919978627418962
-0.847368142,-0.460814239138854,-0.687959274494092,-0.978917458715178,-0.851127679567596
-0.773248931,-0.46015226404896,-0.642257918939263,-0.945808189999634,-0.961577407456681
-1.076599977,-0.549769779549822,-0.844319695522768,-0.895196170127955,-0.909611296922256
-1.049405107,-0.462167580837355,-0.733618856881801,-0.953494122662556,-0.989816883529609
-0.896254259,-0.565894000308757,-0.741449264714951,-1.06980594957959,-1.13995876014319
-1.226146901,-0.567171215945045,-0.915156374938765,-1.10108875403759,-1.09533966951223
-1.301569807,-0.724674669407181,-1.06395478416988,-0.99539625783566,-1.14144455262908
-1.186812709,-0.583198717637458,-0.816896151135689,-0.935134785362533,-0.95508594949716
-0.5712797,-0.303278846148626,-0.392267114061362,-1.16834724156684,-1.07143998518185
-0.884362261,-0.505218775539007,-0.775032115259378,-0.955685115061695,-0.965651919205944
-1.415605261,-0.864885604130183,-1.20247050517242,-0.794231231223594,-0.633257317915963
-0.288038865,-0.234677716821411,-0.347669065522852,-0.868079970006697,-1.23264123937341
-1.163029353,-0.415289852182241,-0.875087413063717,-0.73195877489946,-0.707733360890676
-1.070745038,-0.574298983504071,-0.851798497172795,-0.791597259327621,-0.73049777848893
-0.351024885,-0.339582512183949,-0.433039637257754,-0.73308674335796,-0.892294548300721
-0.71761626,-0.388314204598639,-0.65253780848247,-0.747678159459333,-0.583142476683476
-0.737095217,-0.315293866195387,-0.560471032253299,-0.625853732737529,-0.609875995370251
-0.570825879,-0.334255601925025,-0.415855201550499,-0.520178507999761,-0.550510009562761
-0.29440343,-0.239547044987628,-0.341788287976682,-0.666179414252808,-0.705425801942762
-0.856739219,-0.403462814422536,-0.713789510122303,-0.584462379547281,-0.463592408988065
-0.52839098,-0.401633487682088,-0.580561238603295,-0.861335130341029,-0.852105218185853
-0.818224643,-0.430841280032206,-0.739120880889858,-0.844060581805496,-1.04827096871129
-1.612689932,-0.62950209163686,-0.997340962651521,-0.748548308263796,-0.922555236286273
-1.156194159,-0.603332926399205,-0.92034374470065,-0.971898602865471,-1.0170794162333
-0.39281874,-0.414040446733243,-0.326112536526508,-1.2640833450471,-1.3109837705709
-1.459028959,-0.724352636222216,-1.08038425031064,-1.08890088834732,-0.843197421065325
-1.235146599,-0.67477945676599,-0.969449949522017,-0.965967605047468,-1.0645519137728
-0.784411178,-0.527526107903819,-0.695465028668473,-1.04527741646417,-1.10674341393931
-0.952252606,-0.691618874538405,-0.8314924567256,-1.0562558924756,-0.94886151117038
-1.07585887,-0.791091743513622,-0.937194067739763,-0.953068178791212,-0.900140913597364
-0.821522833,-0.679317416565679,-0.793455152259782,-0.933894546364766,-1.07598683476137
-1.157719838,-0.882977344620447,-1.05081569180364,-0.957500343094237,-0.804018700134661
-0.63891887,-0.607121596528746,-0.670193717126201,-1.09955711971257,-1.2510884301391
-1.444015241,-0.893582804746615,-1.1037649367266,-0.928868969330238,-0.895606223438463
-1.105349359,-0.82729019864112,-1.01159386351017,-0.979309896520368,-1.13930608106048
-1.00670464,-0.70069587588261,-0.895831972266156,-0.894951132963644,-0.866517808316981
-0.544936813,-0.448531816297964,-0.48387741721186,-1.0141575964019,-0.947386136015843
-0.869596824,-0.504597048551046,-0.63663719277857,-0.838059175140684,-0.738267419372905
-0.836550496,-0.501660162493212,-0.711620785106052,-0.962671777385754,-0.910198091461436
-0.914793398,-0.470479018510013,-0.697997311687879,-0.879159389666193,-1.12140677144482
-1.528759308,-0.727976330902581,-1.20903065679387,-0.751862436280602,-0.8099091356374
-0.815659638,-0.574273020667615,-0.684670311137874,-0.849722676157099,-0.796019448593486
-0.076215645,-0.105503616957617,-0.134879640225897,-0.831693783006422,-0.762345792888195
-0.618836845,-0.293327221729552,-0.489239318988385,-0.697079016050687,-0.40080984652343
-0.560612092,-0.329301475260805,-0.606087030391919,-0.650748022352004,-0.691777042115226
-0.840012354,-0.458692801825562,-0.592175982883933,-0.585918808607938,-0.657856704971008
-0.678034576,-0.575229195003965,-0.763875677647549,-0.693798669414183,-0.997272124214463
-1.345803674,-0.726050144401305,-1.15625083563214,-0.735295374073526,-0.523326903024365
-0.248808957,-0.151698145697482,-0.346722795422616,-0.742804501466544,-1.08824555237763
-0.997569042,-0.674734147357981,-1.02039822303751,-0.810603808728109,-0.466484681349698
-0.456701708,-0.309258467548462,-0.495171117181312,-0.723192855744424,-0.940679681627775
-1.056028803,-0.518173363854253,-0.79653119124745,-0.584071862080835,-0.515349787688002
-0.399711693,-0.452134349468128,-0.529139149749096,-0.924901313333382,-1.04360233776867
-1.155284674,-0.682278438935217,-1.13744617261214,-0.629517879382126,-0.672513541631428
-0.938074391,-0.562163207870571,-1.03471275834495,-0.799154407445295,-0.732283771956604
-0.327555749,-0.347098569739997,-0.663946343604301,-0.834333601396982,-0.915054380909008
-0.905635691,-0.347230406645447,-0.854289019662395,-0.742541096662833,-0.559863573596631
-0.840852879,-0.28423611239825,-0.650166460235678,-0.375835925649288,-0.36074932589188
0.083654919,0.113010689932801,0.126172812492681,-0.441170079458456,-0.285249007869295
0.388390454,0.201513420149745,0.496775949294951,-0.528118359611014,-0.230686802380598
-0.353888061,0.128650745719401,-0.169839604720822,-0.462596124994755,-0.191541015387149
-0.63474286,-0.356195456095078,-0.576354651355314,-0.497422822246149,-0.678168356371861
-1.163590058,-0.500108475987389,-0.843696421813134,-0.477171373335255,-0.671393827052313
-0.795026159,-0.459219597285691,-0.595496707589622,-0.559151570890561,-0.836578206352134
-0.706294486,-0.241219326798344,-0.460164952412726,-0.623461563469076,-0.408889680445256
0.20844728,0.183273510501935,0.123928578687839,-1.01510866309705,-0.888877871282373
-0.974549305,-0.627690197785127,-0.939248053370737,-0.767824456727351,-0.710547293910324
-1.639934148,-0.665251360586255,-1.21599362856869,-0.451025253214395,-0.727225453109488
-0.729878169,-0.314565855004094,-0.660844997946349,-0.450006647747007,-0.811437598909635
-0.156448987,0.198414245161639,0.0748800049351833,-0.704634983448153,-0.334742788221713
0.438079682,0.203853670813738,0.314169396225316,-0.920109678159337,-0.776814984742964
-1.30001869,-0.733865939837037,-1.21765655307517,-0.693580414955831,-0.461598258217896
-1.316282764,-0.900792323948481,-1.23210476392625,-0.708815156036238,-0.986442884373696
-0.942890702,-0.488181500566615,-0.850137039921597,-0.764822927183172,-1.0264891794599
-0.787825952,-0.539798549115766,-0.773154536912707,-1.03333420059862,-0.850398467445729
-0.618863031,-0.351697837296229,-0.410731300091276,-0.944516583893697,-1.01445359276772
-1.307432816,-0.454614647386975,-0.807552665401906,-0.752176532464416,-0.654212907831254
-0.679175515,-0.34265306564713,-0.638570124281731,-0.667720420259161,-0.878508868089745
-0.778459075,-0.0575060963942245,-0.692274153538272,-0.314211513975467,-0.00151348196434245
0.563551802,0.282325836348492,0.24827731558222,-0.542490910327554,0.533679076541598
2.362111173,0.874262403944615,1.0890894410341,-0.660388630465632,-0.36909297401032
-1.111521343,-0.322603842075242,-0.959721518085011,-0.476885005889467,0.510520123229605
-1.097390776,-0.313633496503115,-0.909568583051087,-0.439847039530573,-0.679441080838517
-0.721601719,-0.24173587171789,-0.823311886979881,-0.610358333608216,-0.881019695889837
-0.782251336,-0.434285594179914,-0.474727305617306,-0.864483349537065,-0.613520721703662
-0.311345042,-0.404196483599532,-0.543490299262991,-0.920212082343149,-1.03963200012086
-1.500106725,-0.745129382813966,-1.14528527006154,-0.529297590264695,-0.269670139964033
-0.118655658,-0.0917557779176307,-0.192036352628394,-0.780180053818214,-0.861688252964545
-0.514690687,-0.3006064260983,-0.503962650596699,-0.698931592352985,0.0748123742913868
0.516502588,-0.230465770378297,-0.074393179805863,-0.764250589713335,-0.482571650362584
