630
-1.397977173,-0.210163163013954,-0.946131397572088,-0.104407662819522,1.24232442599104
1.941810863,0.367817499685976,-0.352541808172156,-1.44627389654714,-2.11414758061414
-3.219522471,-1.08047383035963,-1.27378429330032,0.49517100633529,0.791354363749359
-0.037500977,0.0796674877029755,0.13763374998104,-1.11332817892462,-0.845029689939503
1.382535474,0.0384347185303372,1.0682561503892,-1.22309997618714,-1.36018490494199
-2.484180621,-0.335268629349553,-1.47682074213193,-0.637037055398185,-0.10591688927638
-1.559115458,-0.460234875878593,-1.38098532241204,-0.851621033100562,-0.973655265494706
0.30499047,0.116050373240682,0.146191761249006,-1.06532048948451,-1.68203968059787
-2.028034234,-0.912910740407212,-2.69129172068083,-0.938108421389356,-0.0682313977254398
-0.032391011,0.0633388593143352,-0.188015747805832,-0.895396001679285,-1.27998496119315
-0.804474766,-0.175526441146157,-0.522789643629477,-0.336153718361547,-0.658797419128325
-1.173556401,-0.00481411940914513,-0.350140811791282,-0.529730700165012,-0.477402410652767
-0.184911113,-0.0286116266344441,0.0368214386023421,-0.502873399766812,-0.789942943394865
-0.626397323,-0.000493473297525311,-0.674767409649553,-0.598342826081825,0.0350518038720972
0.656122895,-0.0795501541862259,-0.55303383891356,-0.858345394132463,-0.838843208690847
-1.121537264,-0.250659227255673,-0.384396598255234,-0.208696242055466,-0.243232543231746
-1.179668811,-0.246181702646665,-0.865025184854992,-0.46476683482983,-0.289096718619559
0.57946238,0.363447435499629,0.697168960809567,-0.894593562295646,-1.1946079541165
-1.295023406,-0.525266617432923,-0.980401537020558,-0.836855713713643,-0.349818512985873
-1.003356909,-0.448122816519588,-0.719798304396653,-0.90811607701779,-1.09001303604809
-1.243209079,-0.558109659633503,-0.805979189128865,-0.802912873777282,-0.741563509306698
-0.360432583,-0.326662469418873,-0.217812367703735,-1.11416258056737,-1.15729130690055
-1.123659009,-0.289855147423892,-0.595106684690699,-0.993810634212065,-0.747379272693794
-0.936883105,-0.316272143834992,-0.502710657803075,-1.08382050336193,-1.21681863203987
-1.429921571,-0.548132742161423,-0.77395005855633,-0.809050512214957,-1.10805638950784
-1.410073528,-0.577852653345011,-1.08895544678468,-0.88165518863511,-0.902320459957085
-0.426106487,-0.242708974725394,-0.135401236622351,-0.887156401483934,-0.982684663847052
-0.598508997,-0.416342254192742,-0.506694435991176,-0.878688041812587,-0.467833780833151
-0.211845625,-0.496224179668491,-0.858640757283987,-1.14024453820505,-0.907664303207987
-1.139988362,-0.575118866227339,-0.970097695491174,-0.878714853114789,-0.973868967751303
-1.712036186,-0.592341335689844,-1.40052153359973,-1.25876906302369,-1.24901786903902
-1.369824669,-0.640548028660758,-0.971999672011323,-1.23679278102752,-1.88450905025708
-2.355238784,-0.851005213039649,-1.65775354760185,-1.3892688676701,-1.23727516135309
-0.993288936,-0.501805150955033,-0.818301484443646,-1.64860026689198,-1.85607811717983
-1.451874825,-0.567777563797855,-1.21938291795962,-1.64478030867616,-1.47214884060149
-1.776240219,-0.717426835840593,-1.42144021967093,-1.70437692510721,-1.56599695926623
-0.086118235,-0.176374265581271,0.128175348425201,-0.214917874827563,-0.459730843561426
-0.810585469,-0.410963134362681,-0.658777093332641,-0.248437301620504,-0.206821356632336
-0.289683111,-0.187814121480308,0.0316436260696167,-0.350462388466451,-0.574400182922437
-0.505046482,-0.26893237422067,-0.146850685322164,-0.301575657909014,-0.226980131033917
-0.015317289,-0.21294905875979,0.291586182561243,-0.520137558948888,-0.53798007811422
-0.623591764,-0.305898946268254,-0.502702814325708,-0.34617168020593,-0.25535749308961
-0.434961894,-0.158706404053054,-0.291494768809461,-0.254341584088804,-0.456895018581869
-0.471648584,-0.208909059031241,-0.28763349476884,-0.126395442593075,-0.126091121593414
0.247385897,-0.0784214990547445,0.372527355689444,-0.385625260272796,-0.27226622670163
-0.01074932,-0.0858388976412833,0.0574830268780011,-0.188934943965969,-0.152727168993858
-0.483558224,-0.126015780271302,-0.141882294010211,-0.335108725026691,-0.108935829882518
0.177865853,0.0327220058624428,0.355305495225748,-0.534690722637847,-1.47447783732405
-2.883391857,-1.11287445383171,-1.69922533474173,-0.259859390123881,-0.251073623153378
-0.660129093,-0.244220299131199,-0.581862251049095,-0.766462739022047,-1.32170351475398
-0.173328637,-0.06372786838987,0.0697832217702277,-0.468926498031438,-0.658521505435522
-0.359709331,-0.0452505615805822,-0.0777262559657263,-0.663487717856341,-0.42483154521734
-0.305334746,-0.118086864137259,-0.00262059292552406,-0.506489365725644,-1.18689839587033
-2.27292254,-0.618582894424231,-0.890293716559594,-0.402931051185039,-0.465900283746652
-0.642379633,-0.173493054225212,-0.217067226317716,-0.557646947229113,-1.23571837575419
-0.499815139,-0.207997733163384,-0.361081782629911,-0.603311935845512,-0.647587135141876
-0.484665162,-0.215628005146325,-0.269168061701915,-0.605938189875148,-0.410210080260805
-0.248953171,-0.274954319226497,-0.022769134141937,-0.514852796170494,-0.439143495872142
-0.34950438,-0.35614063228365,-0.0962113141193518,-0.404488766736245,-0.431427040542392
-0.633149145,-0.343717985692565,-0.484777667962236,-0.364746913539653,-0.299509897524038
-0.237135961,-0.264470200490543,-0.028899483530284,-0.405899569347152,-0.486517014878454
-0.348498987,-0.262960876890303,-0.0374526283963003,-0.435842782260212,-0.436923169548494
-0.583092095,-0.262650516167854,-0.184847405465927,-0.446505618766049,-0.463952212598841
-0.590965079,-0.311215764216284,-0.268930539112811,-0.28929666076732,-0.559520839447402
-0.763188871,-0.204114812058462,-0.568485955424486,-0.1118043171127,-0.0378624456058887
0.476670484,0.240381505361914,0.674849191596926,-0.14027054032143,-0.0236374107271027
0.752898488,0.278500203617877,0.860469278186147,-0.0555540694443417,0.310898778566042
0.451892358,0.191051811896403,0.597773149268678,0.00205637006255011,0.151747666162073
-0.356318379,-0.117360933542912,-0.201690097519013,-0.0474894084205955,-0.0162585313348643
-0.514798667,-0.184593393606236,-0.306375572507143,-0.184149149645185,-0.387459946072285
-0.575816451,-0.276471850270197,-0.378858497205084,-0.295838381908423,-0.421625170669285
-0.391780255,-0.328889107662973,-0.258429196480965,-0.448962668478468,-0.407404864960073
-0.187827202,-0.220077673140842,0.0044453145494938,-0.525437886312168,-0.524751089875378
-0.61162314,-0.376157997141643,-0.272348396894628,-0.566926488244095,-0.485982380470351
-0.702204792,-0.334165700943767,-0.629814783330938,-0.515583803557569,-0.785981298354827
-1.188334851,-0.474369440006128,-0.891683579640486,-0.393060256073614,-0.36827423491238
0.002262432,-0.156197322920464,0.196044348431848,-0.602922944211544,-0.751424226654026
-0.437396885,-0.302011938885422,-0.306660758375353,-0.561822055109451,-0.145798004793288
-0.104392961,-0.00209205844595571,0.13734605132686,-0.370348579846421,-0.324910891690444
-0.438140701,-0.054138260323151,-0.068410265121011,0.00680218835186747,0.323126867343878
0.989625885,0.109368633712021,0.586349347916807,-0.443771545221221,-0.353400488800195
-0.17656986,-0.0297399219830142,-0.19919380623593,-0.125924295802314,-0.149200304158122
-1.260152393,-0.30246646223974,-0.888585246229597,0.00208766506372443,-0.0476821123227828
-0.080745974,0.0892231690877698,0.278484765750649,-0.0801230443235392,-0.518025403559744
0.086967036,-0.127247398986833,0.17457533903215,-0.282754188655764,-0.228060641066807
-0.229914152,-0.164346040568844,0.0928362074914872,-0.308659593052365,-0.0827029506192641
-0.059770184,-0.0337969141115191,0.208121574534942,-0.289038109994519,-0.608403013542681
-1.088539188,-0.39472788872793,-0.870190810624817,-0.345428349552151,-0.379424963297993
-0.689668056,-0.395699723603028,-0.408781631932191,-0.733110137093394,-0.779737698574968
-0.49305055,-0.293656083024272,-0.228549142229358,-0.726692795352232,-1.04099971470606
-1.490464542,-0.638415514830912,-0.995396233731466,-0.72978169939763,-0.55817962772545
-0.565253754,-0.355828522582636,-0.365756819559302,-0.734591577630192,-1.03225421800591
-0.82367367,-0.432077995075574,-0.535516213379938,-0.635832625181141,-0.401810581834304
0.011595616,-0.253636217251863,-0.0623526560068572,-0.878452759221868,-0.83820060976811
-0.895342734,-0.568409282776161,-0.724004358247192,-0.569084912487964,-0.431482922668305
-0.765240432,-0.482077046631839,-0.548948046207161,-0.650525996137651,-0.728875132810701
-0.677639196,-0.490413339706908,-0.278206424389015,-0.554515066022139,-0.730556110281026
-0.707866881,-0.601456878554567,-0.426138582498692,-0.704082131912263,-0.653415026744431
-0.616010571,-0.537769519237559,-0.334333155273065,-0.629247426301673,-0.659872010412079
-0.653667772,-0.50526592873952,-0.420064027012759,-0.553612749937129,-0.510653571396205
-0.367716864,-0.485488659933746,-0.210132832556691,-0.617296475261801,-0.589381839702916
-0.515526696,-0.491795539478216,-0.35615112823358,-0.559593881174333,-0.506848583724223
-0.607962697,-0.465859084098188,-0.45102992512316,-0.527460271774175,-0.539523815914606
-0.5906429,-0.483167683882418,-0.300832237830305,-0.532451680667955,-0.553572417277517
-0.503082716,-0.466230685550674,-0.124934872413246,-0.575036616051739,-0.588141549304387
-0.585131733,-0.484068552011384,-0.304583925175013,-0.594920544171685,-0.551841872760202
-0.556355638,-0.481577937370452,-0.417872535552282,-0.644237697914375,-0.669263669990299
-0.777849905,-0.554841488994383,-0.514587892473833,-0.622074597237144,-0.621408630132363
-0.682248392,-0.475374532325515,-0.364334280026938,-0.644655285586966,-0.718443573038585
-0.71007027,-0.485015754482956,-0.356287035291484,-0.657900057540301,-0.640007005379259
-0.569468612,-0.535106498500219,-0.345252921504287,-0.738800997867033,-0.701798024437852
-0.664293892,-0.496062895126993,-0.423805587338227,-0.696920457435486,-0.73389863194448
-0.92245735,-0.519773679925041,-0.676733770685061,-0.598970865780619,-0.638327659402043
-0.614315571,-0.254190879414549,-0.431431986456217,-0.799805697917035,-0.778796978995048
-0.335399383,-0.125844268299232,-0.113476313173656,-0.930455380206663,-1.6287322864557
-2.892704841,-1.12130210641003,-2.53149694831649,-0.68834238282101,-0.671727451371393
-1.063683246,-0.498288802237248,-0.889217760571174,-0.837681079608519,-1.44487442642415
-0.286363879,-0.122758700635156,-0.118404055272342,-0.918182961114625,-1.07407016799496
-0.915583282,-0.471982479713497,-0.782514992877847,-1.06027264326354,-0.511831948905279
-0.627005725,-0.408669192667227,-0.416696987900584,-0.484809563242255,-0.605537134037042
-0.450898558,-0.201079976384639,-0.143423382932762,-0.556379871295433,-0.277151663146413
0.337493694,0.0400170928954768,0.096316919572941,-0.614187556779305,-0.846721851256584
-1.414181109,-0.424754110923039,-1.28324093084536,-0.343712411849687,0.0763497988345881
0.09074793,-0.170905960840989,-0.276458962324056,-0.645293912981296,-1.04873944411597
-0.976484089,-0.413206332522176,-0.814994064075657,-0.438221341524918,-0.374056468671862
-0.679495861,-0.29533006700072,-0.386501305492943,-0.621240135789729,-0.663296753685638
-0.488496205,-0.258113753508944,-0.200128465904381,-0.526902186413984,-0.574177600819276
-0.437052251,-0.267027241569545,-0.0917583334225146,-0.561909898752489,-0.502209464897894
-0.549573262,-0.353034794713323,-0.338150069488402,-0.565676769113773,-0.279334900260688
0.034720592,-0.288274284110193,-1.34848135436242,-0.618156147965052,-0.729501801574343
-0.982259291,-0.421383079687612,-0.802664981129958,-0.366622357856827,-0.323531562670544
-0.696739704,-0.274322300282842,-0.352635447169732,-0.403845241406249,-0.435272487157089
0.077113416,-0.180439412685856,0.14808767495963,-0.613640255789284,-0.671301807761448
-0.610290924,-0.392268449672933,-0.357557270654764,-0.551470433025139,-0.37161596289851
-0.67090954,-0.449296357281819,-0.457953524156216,-0.531087354637234,-0.698254942999888
-0.953340664,-0.568158329121819,-0.754832480412782,-0.44608674747518,-0.528004902217486
-0.416039364,-0.239549720375943,-0.164826778390917,-0.399412480408054,-0.631436477136783
-0.510844244,-0.258630428056025,-0.254847614461126,-0.39598628109531,0.0185243151061252
0.653700381,0.105280400922903,0.630697845950769,-0.410439739269802,-0.350246043396908
-0.188873636,-0.134861970845092,0.0795627217140493,-0.13226581300503,0.132342538573483
-0.213434464,-0.141853322081461,0.0150738054851521,-0.219510777454634,-0.155964551258236
-0.118068301,-0.11847846706867,-0.114383430490814,-0.250211936977116,-0.507441983029965
-0.846704736,-0.36554089582592,-0.497196566601714,-0.304119804003708,-0.399644898987602
-0.729269735,-0.362646740687273,-0.47142975814711,-0.448212967812954,-0.535772551859654
-0.253378841,-0.350211422270348,0.0147073304641368,-0.672957324748263,-0.75563024182435
-0.810819949,-0.343360641424495,-0.334234153417882,-0.526474432213506,-0.466600025663393
-0.722490902,-0.340266242492062,-0.47895236501106,-0.489926186314092,-0.349343204204039
0.146940573,-0.135898494644518,0.0036118389522102,-0.641301802561216,-0.64791504323508
-0.513274153,-0.38421204900629,-0.336059768035275,-0.75168085666789,-0.440943087947108
-0.890537066,-0.439485942885312,-0.6051513684791,-0.755855589564815,-0.687491392578357
-0.925049415,-0.209127884559416,-0.424444787229343,-0.687533649090148,-0.927187280626187
-1.104533376,-0.522749234078139,-0.722613073912475,-0.766079087687382,-0.766261168920264
-0.571346424,-0.465345548925702,-0.413132796395495,-0.973858720813303,-0.995371466029888
-0.90613535,-0.544200336525206,-0.632266569907434,-0.842883753123127,-0.807334611524001
-1.001762121,-0.641495729325871,-0.77588797140766,-0.86453468908166,-0.820844311150889
-0.743154074,-0.474845818832143,-0.413919311617419,-0.922012458318114,-0.966427279276406
-0.92354428,-0.426735863389065,-0.522883561255832,-0.798117002824373,-0.943559206814723
-1.282524936,-0.545055116478231,-0.858831896470763,-0.740075974252564,-0.511080742731587
-0.034862245,-0.197121012064905,0.0442309767041609,-0.766612060958332,-0.91531518252339
-0.650539757,-0.363490686487193,-0.476484826556597,-0.646961139324576,-0.280712451911243
-0.270705414,-0.2438618762114,-0.0108829031353348,-0.724187684216913,-0.685877399857925
-0.734357612,-0.178047162833818,-0.297069843495192,-0.507661573247607,-0.700943391747361
-1.05595834,-0.255429585438664,-0.602111592059295,-0.661540969032887,-0.957599240009741
-1.32254718,-0.129343011270815,-0.796390855874107,-0.893456726687058,-0.896303273023217
-0.655794931,-0.307173177454167,-0.419980058256668,-1.08268730114164,-1.42663499083292
-1.709738343,-0.368675828951843,-0.940481979590818,-0.91337876785929,-0.793903919560291
-0.83024762,-0.356017389672169,-0.48282396674219,-1.00196170447229,-1.22789607128585
-0.885840751,-0.434400258788315,-0.479794292951889,-0.999143122914783,-0.927389041680224
-0.882347961,-0.44776562599087,-0.610413957915655,-0.965524077516577,-0.994238002410534
-1.26723271,-0.626652860878041,-0.897644458316889,-0.596605444834125,-0.499510314980805
-0.123113421,-0.167587863517223,-0.0842802134653773,-0.574331222633941,-0.639265543485594
-0.051593796,-0.078665443050354,0.217884630748963,-0.395824937130556,-0.225905070876294
-0.172204647,-0.195324251526334,-0.119677187937656,-0.314933532435631,-0.108136478493516
-0.067673646,-0.0767269064602637,0.143098289850161,-0.234867367172194,-0.319977751891136
-0.526687893,-0.0272338830651015,-0.170780940561982,-0.0860162637343684,-0.150505032824061
-0.259387121,-0.175257149153659,0.00958151268117612,-0.164165077793395,-0.227264068913721
0.082579206,-0.148163005361803,0.181057446324913,-0.408145568954824,-0.361407392629021
-0.365806925,-0.263353244007251,-0.0915088549832051,-0.534436732982793,-0.394611249255909
-0.833107502,-0.364207442006191,-0.432991959742698,-0.443511272680981,-0.512903149604555
-0.667092825,-0.227410255037461,-0.322396844080455,-0.5838373054107,-0.88327973565459
-0.909016138,-0.465441117058909,-0.72218133027406,-0.687673923235693,-1.13910271885682
-1.846756038,-0.847582720112094,-1.54051484664817,-0.616082403940092,-0.531356390104369
-0.147243346,-0.649240683306439,-2.46776242657317,-0.861355781820713,-1.06008597140869
-0.349645292,-0.254445861210434,-1.77989745024588,-1.06980047765668,-0.596613191009635
-0.715637172,-0.35323415218412,-0.424805468425938,-0.836821883089912,-0.859232073012631
-1.523180497,-0.980901393884509,-3.03770828586855,-0.522919444489423,-0.562325216692
-0.404751075,-0.299545692612674,-0.194700842065728,-0.849587372847416,-1.0941803524038
-0.764605646,-0.462459954690605,-0.499371832267463,-0.818445562335791,-0.758106365904681
-0.996818287,-0.705213500972233,-0.782569654305101,-0.790499256688815,-0.752665303074346
-0.826673016,-0.471825203617692,-0.514580188527621,-0.647062964045751,-0.711104502954094
-0.528189072,-0.590499629002115,-0.867149087468166,-0.656803207210532,-0.47642466875031
-0.020489753,-0.167753891659821,-0.0904683705357822,-0.751255324271618,-0.585196026982826
-0.566916644,-0.561645559350572,-0.6635213910124,-0.662490077531836,-0.427538173907688
-0.760115341,-0.503615627548325,-0.61960357971975,-0.59127352241148,-0.599247720918912
-0.705976953,-0.441763066455907,-0.532468633611768,-0.548842059144881,-0.69743229276102
-0.721079767,-0.416094320745696,-0.270455951196568,-0.653371155419382,-0.558180369753811
-0.338393054,-0.256463878265577,-0.16572872103373,-0.603279001207131,-0.761550716106704
-0.884795332,-0.2596959545477,-0.582019940645824,-0.687134901424951,-0.370704372889361
0.04029981,-0.169391168787556,-0.560720383424188,-0.842983859239182,-1.67311992827579
-2.897655528,-0.753299362748812,-1.73073291828123,-0.531795679410464,-0.282859187802923
-0.383643332,-0.238163842868183,-0.433577898216952,-1.0301528690583,-1.74584260383804
-0.993459447,-0.198763670588628,-0.588038230292064,-0.821739366071862,-0.91879010100102
-1.094392093,-0.170865070412405,-0.55900679660339,-1.30941255394621,-1.17430668723957
-1.302362693,-0.238545473380166,-0.710646206339707,-1.24722032720455,-1.51118604513124
-1.964574915,-0.671494253528913,-1.30021560327341,-1.30241737113201,-1.56666359940816
-1.927057131,-0.670526412701433,-1.60174923387953,-1.67386819370828,-1.68773787516083
-1.381201872,-0.623031737647007,-1.06052750377547,-1.60279077473347,-2.09677216705143
-2.529092865,-1.11842754870284,-1.99470912349764,-1.42956162644415,-1.15296113731155
-0.816734164,-0.269433213895738,-0.572395573132654,-1.55694261066206,-1.68495583635926
-0.894437279,-0.40643001746177,-0.9144179885321,-1.56694021358191,-1.32664107542328
-1.550716323,-0.625301114569028,-1.15946813795732,-1.50572328531777,-1.41088247425427
-1.980027088,-0.846660589395321,-1.60516453907751,-1.2814744599894,-1.46481596988857
-1.496051281,-0.596952872040879,-1.00158079994815,-1.34384100273688,-1.62481629507452
-1.451265659,-0.746801249136298,-1.30205812628812,-1.5549971232961,-1.16067003164062
-0.628724654,-0.242054530364026,-0.430978495938904,-1.62328682298828,-1.50089755098148
-1.525041175,-0.809721857820253,-1.41587083567334,-1.25265719190325,-1.17179586329294
-1.65190996,-0.736901770975288,-1.32122624834257,-1.41579570413906,-1.32142460513769
-1.081802457,-0.67504926684865,-1.22620850765555,-1.4778335133316,-1.85410115574438
-2.177538214,-1.05177601195016,-1.82404606171922,-1.47858649370656,-1.38665782219444
-1.63480779,-0.830438780308358,-1.5023507234096,-1.61336450103776,-1.75234138434033
-1.425485277,-0.760880727573014,-1.28387832750198,-1.67540660946651,-1.73945613383435
-1.809319795,-0.705110465579909,-1.3284261701692,-1.63480768803637,-1.55771959942203
-1.684101484,-0.374520299186007,-1.14654385280946,-1.63255629998946,-1.6065769934005
-1.369636662,-0.562542090788448,-1.19914227917957,-1.73361454832646,-1.81826227871305
-1.981590969,-1.05460106579188,-1.33055646652631,-1.4803756102141,-1.56587714709024
-1.898517477,-0.766790858818062,-1.44375169806396,-1.50139173046636,-1.28038593824315
-0.425806268,-0.080036670202372,-0.186730526271836,-1.76574898099612,-1.95533901775148
-2.059142533,-0.815697030476072,-1.70499612431782,-1.72917314281633,-1.19675336627331
-1.674547945,-0.820560313929063,-1.32096964123084,-1.68778731324026,-2.00200156491146
-2.303394633,-1.11328000182168,-1.75227683462092,-1.4905410072681,-1.51235631205089
-1.10267557,-0.405236267056641,-0.842191508675625,-1.94945148334296,-2.39636260911384
-2.771207529,-1.4211262174121,-2.39503779197185,-1.5829761143691,-1.38176124172984
-1.602942752,-0.528994044574692,-1.31605652297045,-1.18649498297894,-1.71225181607086
-1.115600319,-0.345186139181452,-0.807930377151328,-1.02255930894271,-0.639333720639413
0.757506386,0.190531106703574,0.44185716494234,-1.49007995888363,-1.19910266873604
-1.131784357,-0.35324346763813,-0.874797717314995,-1.02506489058679,-0.522968752057998
-1.718698155,-0.700416553858768,-1.43521450922348,-0.724936340751028,-0.605253224278532
-0.301163533,0.0899214357876667,0.394029881556849,-0.738297199333422,-1.00411574270246
-0.387597997,-0.203917736721596,-0.696528528940643,-0.925573556908868,-0.527729245814346
-0.491584959,-0.132054810268301,-0.211610833224168,-1.04586620881345,-0.677303932771102
-0.706371767,-0.246242611435316,-0.568509234341485,-1.2385751492095,-1.40862017041387
-2.36430295,-0.804259357295312,-1.8361815116976,-0.919436397179247,-1.43281328918812
-2.446777909,-0.499153277998982,-1.52146001120351,-1.41591777213504,-1.43368450226473
-0.364584585,0.194235321309875,-0.374672252574386,-2.53661093035876,-2.68806535100045
-2.677706005,-0.923692325981706,-1.47832812565325,-2.40285611097162,-2.67959895862992
-5.361493862,-1.48794300082563,-3.35913829622084,-1.38317529556448,-1.62933410039912
-1.0733215,-0.253614318459698,-0.767316492372015,-1.6219069900192,-2.35619825707193
0.310929094,-0.311070520280536,-0.429899812459643,-1.68850173611851,-1.03385934985738
-0.349404534,0.12343989622015,0.175687854300929,-1.31005991066415,-0.396562454832514
-0.698399787,-0.533880105638149,-0.702205005007217,-0.727621410285872,-0.869208043498842
-1.485462377,-0.29431334739018,-0.91542275923017,-0.714672036597685,-0.923487451419393
-1.102548643,-0.299890523774198,-0.745920296030921,-1.30314221895639,-1.58625132391746
-1.686681902,-0.245443866773485,-1.33538104754265,-1.44612816503308,-1.83944612362779
-2.713405616,-0.578724984045758,-1.7531895625856,-1.63955486451493,-1.57427708980888
-1.425768186,0.290837258459624,0.433208492268533,-1.82683520403965,-2.3797175231923
-2.332530997,-0.318549183425567,-1.15786369935265,-1.58113096647444,-1.56182788598874
-1.678774136,-0.339120313571095,-1.16468028621532,-1.70707066886961,-1.45306298083511
-0.508403347,0.0327299264063918,-0.468051545555415,-1.9608863876316,-1.72097620403035
-1.467455499,-0.697162247959567,-1.19619491475346,-1.78528642215828,-1.79581241191772
-3.13886017,-1.87935938231446,-2.2810409736062,-1.39973843592027,-1.43365863304159
-1.504303336,-0.941508400001671,-1.21767067987186,-1.63867613369915,-2.22547530707024
-1.561430288,-0.692676101136461,-1.20160504777957,-1.60061053672903,-1.69743706800809
-1.781536891,-0.73427036480982,-1.46549505817927,-1.52940399887599,-1.36283703207071
-1.150650576,-0.749371173202314,-1.12553745484065,-1.55702977765317,-1.42287721017178
-0.967621355,-0.661254205990397,-0.852245835080031,-1.55845482635382,-1.52477087037194
-1.84570624,-1.02072581275027,-1.40526640704698,-1.41466767639164,-1.30343033699693
-1.610295984,-0.671114914877691,-1.25873908791051,-1.53251095936701,-1.6253732754734
-1.510637714,-0.553866162741038,-1.30404356696251,-1.40551187027752,-1.63553082230701
-1.876498947,-0.233596021874252,-0.733451350860607,-1.38565802079414,-0.927959309566188
-0.338156923,0.166763418565424,0.347758298231484,-1.20123799234524,-1.04724239618365
-0.144136282,-0.251279407980799,-0.589279085601352,-1.3932510785802,-0.772863382823218
-0.72592981,-0.174016427446746,-0.547954467055165,-1.15908018709418,-1.32868603798441
-2.748191964,-0.439980383893506,-0.713321942599066,-0.73530568976948,-0.706580300462331
-0.638400479,-0.242918360398925,-0.351835095812728,-0.94142912010044,-1.95836813938494
-1.684115029,-0.2727068650016,-1.08774999098757,-0.884693247069663,-0.627193869596249
-0.330330438,-0.012942176690735,-0.211624607415793,-1.21103243411796,-1.00370084301643
-0.253893982,-0.0870844172517959,-0.194944236264196,-0.941422314920009,-1.00488489692417
-1.682659587,-0.202763652028192,-0.76894385865762,-0.590367778484909,-0.358162370692811
-0.20380264,-0.0183016653808631,-0.325133478990049,-0.74840748841433,-1.57011599937619
-2.085255268,-0.621445376625583,-1.73873278437118,-0.948502409265654,0.157773778393574
1.341063612,0.669334058756288,1.2215624211269,-1.30639110391038,-2.34968420035125
-3.316567877,-1.13069513910825,-2.98966636880176,-0.39292738751562,0.270871998029184
-0.352729899,0.409027590991822,-0.053891093395601,-0.337293692634741,-1.42400829725119
-0.035317571,0.236294556874734,0.148442919222907,-0.460917734328169,-0.780037382539337
-0.863092397,-0.328216202001274,-0.922423265512728,-1.42399655804659,-0.478738091048324
-0.699857206,-0.126601907094838,-0.273005226590141,-0.73082076465368,-1.13411022119952
-1.532131456,-0.325423093386983,-1.01086581432369,-0.583856902317502,-1.0609413870071
-1.556347766,-0.87853249652779,-3.18126200727536,-0.957209092570011,-1.00693155685747
-0.521544633,-0.196123927306304,-0.361866103975264,-1.16963107648216,-1.30766640508937
-1.032418365,-0.320882683912114,-0.84756230022159,-1.35484541091808,-1.01508816590886
-1.28050108,-0.437650770399041,-0.98537733796445,-1.00294097802204,-1.38346993855663
-2.02934903,-0.592323275644019,-1.23092028014165,-0.824231365891233,-0.828758208837906
-0.347081222,-0.499114257047808,-0.997349721382224,-1.12571388396204,-1.37968001533374
-0.904914982,-0.476260949053194,-0.937199924763131,-0.969936362663972,-0.556625681885531
-0.446037785,-0.15926446556879,-0.332124130010251,-1.10722120196993,-0.937184048270655
-0.999273747,-0.184024581915568,-0.726240435380196,-0.975503252395919,-0.815775630410847
-1.022148563,-0.378280467182088,-0.749137992259441,-0.647006341992123,-1.31324520728776
-2.179994496,-1.10164892664322,-1.86346626040212,-0.550202171968139,0.00282708554302114
1.42209386,0.714891817983791,1.06689612610934,-1.38048162483571,-1.65440032218581
-1.270660977,-0.618328880647795,-0.937515093931008,-0.913980293471045,-0.294238430313987
-1.59118786,-0.623138562889794,-1.37502414422083,-1.29922160296433,-0.95281282282754
-0.740286589,-0.239226025211322,-0.461727038766577,-1.30841215100404,-1.85549491572383
-2.445008132,-0.496929032076312,-1.32232439169559,-1.25169558585257,-0.888186327287867
-0.789334987,-0.442346137945761,-0.62158134320849,-1.60620445721373,-1.94331037658885
-1.705867473,-0.312303923427182,-0.876948474076337,-1.38526665800101,-1.2687276551511
-1.648834458,-0.588163328631436,-1.38701690538113,-1.22516170704104,-1.24643029715341
-1.024796708,-0.277955088932783,-0.400584114222344,-0.6952960736761,-0.892315155945139
-0.118945763,-0.0645679254852682,0.00412339999220388,-1.05889296901394,-0.69884921906155
-0.146918199,0.0835898395392859,-0.00783091424550482,-0.89686857473264,-0.652814875055382
-1.051991632,-0.275994028750407,-0.917433058114269,-0.671439141909207,-0.558932562369563
-0.938959425,-0.403032634270453,-0.738666212316128,-0.765263832737848,-0.974834044449907
-0.952208931,-0.345973680161728,-0.428701839269416,-1.05276417146597,-1.20594994044325
-1.507780676,-0.781910314025627,-1.07017626871595,-1.2183500216843,-1.12278433521866
-1.280795911,-0.597250488069501,-0.77867013218624,-1.17364217368845,-1.40234450695019
-1.48277655,-0.766146045159215,-1.02439816961595,-1.19995530088039,-1.05148153213759
-0.702458074,-0.397328377884569,-0.49906361105573,-1.4081712732082,-1.40605063300961
-1.375587489,-0.665106107947959,-0.967271790416093,-1.13409129399242,-1.03155102798322
-1.394271339,-0.593378344113706,-0.929291077461547,-0.991665827518024,-0.853932663464082
-0.431547364,-0.288987644284932,-0.306874691037135,-0.780069817564365,-0.854448539718337
-0.342264206,-0.173516233748339,-0.0423392213921238,-0.714337501949726,-0.41723715951617
0,-0.134602782411462,0.05382834746504,-0.56321966864845,-1.0582645230927
-2.028458647,-0.964463071653013,-1.5554851505557,-0.400580298140964,-0.0796499966824743
0.07302193,-0.0591779470322175,0.271631725872164,-0.604696187639278,-1.41637543277292
-1.163186339,-0.441383154086773,-0.761432018121984,-0.707792886622622,-0.469697034720767
-0.687703736,-0.280679901672973,-0.173068479718722,-1.06621187995876,-1.03285052210788
-0.950897528,-0.641278705623249,-1.395253878215,-1.13621226056337,-1.16552483932578
-1.594839955,-0.436083156659171,-1.09028347738752,-0.980330944180941,-1.25308040474702
-1.883282306,-0.38907221791186,-1.18786671751393,-0.722273924087736,-0.701178226398091
0.223707489,0.286866402412444,0.584064047021103,-1.32639399969706,-1.24283700244238
-0.519458468,-0.281424264097808,-0.586990943802835,-1.3357366910762,-0.772449089273022
-1.513755454,-0.428012084996734,-1.34216462304307,-0.95461995190144,-0.809446055859049
-1.32824441,-0.370479196079,-0.861070217023124,-0.528801986791593,-0.796809285004614
-0.22820402,-0.302261179762251,-0.258086230830851,-0.900689530086491,-0.815580700252876
-0.216221715,-0.265632321349933,0.0397446720111222,-1.10700184714571,-0.580822995962345
-0.605651559,-0.210525289585506,-0.0202897541076327,-0.928454563745633,-0.965259411158574
-1.797683244,-0.745341785929901,-1.34656508492656,-0.628159000089458,-0.807449170479838
-1.120228992,-0.503659144706981,-0.682774382110662,-0.837728293918351,-1.17692674781877
-0.742024827,-0.582401290204808,-0.538159765784464,-0.960052046209559,-0.971307314113638
-0.760360886,-0.46423265282381,-0.535320407673491,-0.966255671606827,-0.746781474011109
-0.665794008,-0.497592273673822,-0.699802140488977,-0.929320108668798,-0.77666563147016
-0.749961317,-0.0851810697614808,-0.116384494765312,-0.623172474221019,-0.83420226012169
-1.185371363,-0.580061680601782,-0.996598536161801,-0.616402300809957,-0.302358916623411
0.401453454,-0.0199853398800408,0.145051810914385,-0.950826578724778,-1.24742425115115
-1.451272875,-0.691082111868664,-1.15455397912872,-0.757283147000294,-0.388976810400888
-0.856994871,-0.447336182376635,-0.491713559812964,-0.786928818631635,-1.3472948249973
-1.473389145,-0.742010994950737,-1.14833816922038,-0.766059834275941,-1.23655088120821
-1.730730878,-0.819806790632066,-1.21193267106794,-1.00151164145581,-1.00211512563515
-0.574079574,-0.329270796993869,-0.352777809345163,-0.978138262428573,-1.26449071740592
-0.848354085,-0.532646401409196,-0.54857210772685,-0.860293718143253,-0.797947712019174
-0.972026305,-0.390216660576211,-0.520761825455751,-0.63964708853352,-0.515087772491701
-0.129929985,-0.216818375926798,-0.261682073859902,-0.766349961935447,-0.767757227114921
-0.513366484,-0.233533518162248,-0.0925029537748479,-0.79681548119113,-0.620380521014674
-1.018922914,-0.558741512560236,-0.594117539681015,-0.76885271145186,-0.64249327318694
-0.806941787,-0.30484152019827,-0.452883893879051,-0.656467540590811,-0.884869747146891
-0.95019409,-0.411328485603897,-0.608910970571814,-0.719768419386853,-0.49601837304024
0.00183987,-0.196998628687462,0.111535414297417,-0.8350903815882,-1.02285617946989
-1.254493488,-0.409429259258365,-0.823924846419696,-0.529569701688306,-0.228043763821733
-0.178299804,-0.228673063693266,-0.0214255290535156,-0.82538535651184,-1.09807088500498
-1.147662925,-0.330330130539329,-0.777666460665626,-0.429593103348218,-0.602418478400404
-1.052037989,-0.334283850107765,-0.995228810659241,-0.570853697150492,-0.498132843551182
0.065882921,-0.124910169329433,0.100056282065047,-0.326747852480494,-0.62241738051897
-0.179521797,-0.191917017640193,0.0282585795220802,-0.417979855073333,-0.199294344970758
-0.14167725,-0.25249360870849,-0.0046989554308813,-0.622288721327503,-0.673946886575374
-1.238131018,-0.43162526597337,-0.85204522582069,-0.465028914584047,-0.498582527888365
-0.923792964,-0.394080753500162,-0.50438213731789,-0.629096536833493,-0.758368493507085
-0.432555352,-0.304417251648699,-0.396425072468333,-0.611914923639143,-0.722602260248399
-0.529580794,-0.297801924638168,-0.184309607868948,-0.738867988892903,-0.417216586427216
-0.283117583,-0.259214920293382,-0.201971548388118,-0.655546362717841,-0.543759366580724
-0.482235787,-0.237730582361822,-0.265384392827985,-0.503834413788351,-0.663214541366625
-1.064108445,-0.598737942862026,-0.904788387736548,-0.511189808560235,-0.569670464585657
-0.688414829,-0.336693896259233,-0.481417553252995,-0.548225382176487,-0.807807473857819
-0.674488257,-0.417519920387467,-0.323429361133868,-0.593945768044405,-0.595951520028063
-0.432605751,-0.259827386918661,-0.0538609869300973,-0.605722332220858,-0.651825390762256
-0.687012817,-0.435986209698691,-0.528812484960972,-0.461070916936005,-0.357466934894156
-0.22203341,-0.319249985965379,0.0562759631137539,-0.494807695417649,-0.514129166685152
-0.340910473,-0.306293506991702,-0.0026993900876734,-0.449886078234836,-0.423373565202092
-0.44121865,-0.286241231497613,-0.0870645999127111,-0.448688485949831,-0.78258350782991
-1.282199362,-0.595691812485722,-0.71799396829232,-0.529317494583667,-0.687273293076014
-0.999812179,-0.663015109442923,-3.4992959360032,-0.61587181111256,-0.909134979971103
-0.720851167,-0.463483940348417,-1.18367492784671,-0.749069553935821,-0.684400405436577
-0.348398737,-0.742824927882822,-0.54623552206711,-0.754290531306979,-0.548917020895022
-0.37959017,-0.793547443323858,-4.13389311821173,-0.403715358256665,-0.235558526416186
-0.08343931,-0.416631631140974,-0.338122652452176,-0.438645012810247,-0.156011441250902
0.206387895,-0.71041778270978,-0.849324555257195,-0.372661596010706,-0.408217711787619
-0.752673346,-0.131918126456393,-0.435955739011959,-0.351665615681833,-0.082336505183784
-0.265861931,-0.175255290852905,-0.0334624646917721,-0.591625014136182,-0.624526004031707
-0.645395732,-0.273038613165518,-0.205944377394647,-0.473230616447856,-0.439527263216432
-0.57688151,-0.382644177044027,-0.224018869309467,-0.474456672770949,-0.532384931840964
-0.518468596,-0.351122006642798,-0.223773263992041,-0.376920014199776,-0.382264561104266
-0.212797087,-0.225751890373357,0.0646223117938707,-0.387766313061934,-0.276524410219407
0.000729733,-0.228148400632064,-0.0555183059258728,-0.378569817965239,-0.216638623686446
-0.14421957,-0.204721367790724,0.132775649754877,-0.294036767600122,-0.188203045974238
-0.317961786,-0.2659829779656,-0.129931623063267,-0.138166485431859,-0.290113579816479
-0.520462467,-0.244248370632159,-0.3414895113503,-0.260825753189183,-0.176431963489308
0.035935172,-0.169829344573801,0.22545540294897,-0.412025828282098,-0.555902902004835
-0.664205602,-0.391960567568284,-0.346448667411333,-0.349837950106283,-0.225661058883228
-0.402331302,-0.331864042555979,-0.301154967835518,-0.370493422996977,-0.508823296518101
-0.501222045,-0.293436082029915,-0.297684825791369,-0.249058222275518,-0.282411630430196
-0.205023406,-0.170540803426795,-0.0435671399032312,-0.387455783126952,-0.12163691713536
0.245307123,-0.0506001560805397,0.245374894613383,-0.239364299955977,0.00402395673848562
0.291469927,0.281757665239225,0.154415490480541,0.0732066623576015,0.112359411158452
0.007757723,0.125721382242497,0.229923681583227,-0.137650549787745,0.292560694002853
0.526850662,0.340542433076682,0.647752839983318,-0.0884523503575025,-0.430451494844202
-0.996523042,-0.18793278977217,-0.66832285088642,-0.138026163019035,0.0226987060095579
-0.344447983,-0.181798255141171,-0.0962311743511168,-0.398120918544908,-0.778925430600212
-0.845484788,-0.381102725253246,-0.625208268415055,-0.327817536394814,-0.405960021096025
-0.395949216,-0.124790442336222,0.0712497532212974,-0.517504220845159,-0.609043950960355
-0.497943736,-0.332117922223896,-0.444656534417829,-0.383360544490506,-0.27551530431081
-0.062675124,-0.281504846144446,0.129773190672406,-0.52685327627254,-0.392875342052306
-0.239237948,-0.14696868648459,0.0918306326341747,-0.265338151258945,-0.367020634574569
-0.731968257,-0.264468146209011,-0.485792148983573,-0.189972394381994,-0.0608785740582188
0.107038399,-0.0236871417189947,0.481640975429753,-0.146855447391717,-0.295666708996023
0.129051188,-0.0787375564423123,0.355589651460085,-0.247554376507686,-0.155406483981601
-0.250013392,-0.190108319636763,0.0861599073257813,-0.0858285093438987,-0.248990896360611
-0.703832937,-0.247874233684847,-0.495294823006124,-0.0543060445147287,-0.125860034647412
-0.041204696,-0.150333432287258,0.145900614570226,-0.140415299998213,-0.382405183889311
-0.123000105,-0.213322753739944,0.349056332993728,-0.317485944921914,-0.173161130312101
-0.198870646,-0.190244444022795,0.119629072657971,-0.228946530672772,-0.222524643428571
-0.321217417,-0.174446357883298,-0.145039095027083,-0.27398418487246,-0.254119935147476
-0.131363553,-0.189365874448853,0.228376318605589,-0.517100225465608,-0.847186152188751
-1.514137843,-0.53000118196723,-0.677202436406756,-0.445597435965223,-0.432227195834947
-0.736115007,-0.404331811858952,-0.43077299040453,-0.756663929882169,-0.928417829778455
-0.548510226,-0.321627228854096,-0.162015300589191,-0.711947664443773,-0.677853327619941
-0.466255694,-0.308397275729185,-0.0322254026876378,-0.927272759398615,-0.751673112421441
-0.882419261,-0.507359951418058,-0.452987350620091,-0.650316556810777,-0.787933701392502
-1.206397043,-0.512029648550113,-0.684730685244959,-0.619567280657225,-0.630194211937637
-0.333482816,-0.323263248781781,-0.0630862074067242,-0.818645535051471,-1.08808581836138
-1.11351736,-0.345850098229487,-0.616399893221473,-0.685608640906649,-0.496997294745562
-0.526345555,-0.430991709215346,-0.396300927746857,-0.804375262753552,-0.810149299629186
-0.591228243,-0.282038969620332,-0.206919758952504,-0.452296792026397,-0.642619900754592
-0.787562745,-0.366029179173454,-0.597251997489002,-0.376939686770643,-0.350121393388198
-0.203638006,-0.14751962102635,-0.00376863410198352,-0.264801357763783,-0.161414129527786
0.530836337,0.0812438765925582,0.763629424220236,-0.371700798856842,-0.196179642717513
-0.075123956,-0.206199234966501,0.012194071927732,-0.268827710483054,0.0651772976477598
-0.235052739,-0.148764993069847,-0.194194105374226,-0.138239965739222,-0.261877919677956
-0.564696297,-0.211472791485282,-0.328970670370866,-0.11002089949433,-0.237318820750596
-0.248127783,-0.236736619515849,-0.0438978974840524,-0.288623209459925,-0.466929266365429
-0.442378706,-0.334455137822832,0.0182312385214426,-0.406701585159794,-0.303124547152281
-0.254475107,-0.332484446538083,0.107650024009136,-0.44503930141666,-0.551505449539916
-0.732871166,-0.415760583291997,-0.495444720857413,-0.355934832000173,-0.342470984157716
-0.410086491,-0.307808936573448,0.0179147182295491,-0.389542248183003,-0.522999126385746
-0.383282769,-0.332107421492999,-0.110362770245362,-0.538519354172694,-0.40867827014156
-0.292421616,-0.334337392308539,-0.0682274024299218,-0.582619101685405,-0.598217868589241
-0.852426049,-0.367068785723889,-0.126521616649162,-0.398461668861782,-0.41650896064815
-0.5489872,-0.349570981915239,-0.151880907808278,-0.43916662087217,-0.58159567250374
-0.385266346,-0.373935309436763,-0.157508458158993,-0.466121066289982,-0.507751027379761
-0.441285246,-0.418441056102857,-0.179963158714051,-0.597679350333456,-0.401322116505374
-0.324853265,-0.352905324585697,-0.0376972448284127,-0.520197952290074,-0.591074640129181
-0.792035984,-0.367342528896469,-0.353194369929128,-0.411056740814752,-0.409500700563848
-0.487553547,-0.42041572733318,-0.268146073959856,-0.46112885203536,-0.571760829238988
-0.407424401,-0.364744293930727,-0.0527565994882499,-0.510789394978514,-0.503944910531593
-0.468107487,-0.40881027675309,-0.0586056336754606,-0.562179769443164,-0.502109489702275
-0.572708933,-0.472560654360289,-0.340592575556984,-0.499212222507018,-0.539606073553851
-0.644852507,-0.502070541126658,-0.396887336083392,-0.478189246243426,-0.509587088430927
-0.480978323,-0.489115627883307,-0.285529248845528,-0.522102060352472,-0.496754751053979
-0.323665208,-0.366423235450949,-0.0967710064249779,-0.562502038274374,-0.541426443630238
-0.583039518,-0.441536497557464,-0.203775521428151,-0.506401204406532,-0.454360725211504
-0.566465694,-0.476289530281306,-0.311528172010648,-0.546355066039533,-0.529333600770613
-0.475082591,-0.481878185332741,-0.270249473844124,-0.610020766976184,-0.637459960568823
-0.716613675,-0.502710360831769,-0.446815437584516,-0.566837197090051,-0.584238092254876
-0.695822453,-0.44626632127178,-0.142878144498747,-0.553566469643143,-0.636632331506102
-0.615456222,-0.489137513369717,-0.27813425058802,-0.570354941216293,-0.572657294376982
-0.416417018,-0.334465306377014,-0.0926840912566785,-0.571372666916718,-0.638708971649603
-0.785832682,-0.358985926407765,-0.571739784442499,-0.409278454665021,-0.164815343914165
0.188996713,-0.132215372354885,0.3720321206037,-0.458620320930968,-0.508500230728277
-0.255553712,-0.196718343345362,-0.0383980396716155,-0.315893410931402,-0.190277384389821
-0.422264702,-0.237494896412926,-0.0865999145509467,-0.295230437596182,-0.34499271848761
-0.451684606,-0.286202950536817,-0.254123659496292,-0.321436270816977,-0.516557841465692
-0.709308125,-0.408145319215385,-0.378746645139803,-0.503573000866651,-0.354264831465336
-0.149831299,-0.257006290313612,0.0784736852517357,-0.555721890636474,-0.797037789593329
-1.02319244,-0.407749849173283,-0.463925829220249,-0.428040503697334,-0.297413165858725
-0.352009531,-0.29494183535,-0.196135685046923,-0.69728261619766,-0.67805833146783
-0.27043435,-0.203269477209573,-0.0120715463138233,-0.58899218863154,-0.958495071936293
-1.627025092,-0.940335088928171,-1.27408942072217,-0.625820403038065,-0.478042136985089
-0.675919685,-0.413857481155117,-0.509465981049555,-0.577277778448692,-1.00186526149467
-0.659017898,-0.423644386438322,-0.478051465981424,-0.599303986939967,-0.448620607959805
-0.049280511,-0.217601852887844,0.0782630870218691,-0.695981386381628,-0.561646540841564
-0.438145236,-0.382091563833722,-0.248062119334854,-0.478806321003088,-0.313232062298428
-0.468769436,-0.308007696599163,-0.154119078755595,-0.512562998761763,-0.478293081079391
-0.515738199,-0.381105226818786,-0.195141238616285,-0.500156106715224,-0.642896427308916
-0.875600965,-0.535815372684457,-0.547657807762522,-0.494498016523535,-0.533501779632748
-0.585025849,-0.469565597458891,-0.382797478883285,-0.634193169868762,-0.619341758926629
-0.366408855,-0.371947792172393,-0.0373572987299076,-0.687575975175371,-0.666590359299873
-0.714753956,-0.468509412121275,-0.47381943488835,-0.626644243379481,-0.553188627861859
-0.799736738,-0.494385671207185,-0.526470226262597,-0.550176371862772,-0.407698862595454
-0.045227273,-0.287154503053379,0.0649943809803739,-0.591463111410469,-0.75251656397419
-0.755955447,-0.481280333910447,-0.343368138494389,-0.544306044826015,-0.352503417837338
-0.536018067,-0.347969141360024,-0.152972178916498,-0.459043146941535,-0.646271835757235
-0.673356178,-0.381687466056923,-0.320561544683078,-0.43632413887636,-0.458613065382715
-0.336612299,-0.393723556901646,-0.124199341499117,-0.652315226205122,-0.579718355619987
-0.466664527,-0.413732824566768,-0.173786022934692,-0.571023458731152,-0.549154597983299
-0.758543154,-0.348984274277709,-0.484417166830226,-0.434295650040424,-0.457463198428674
-0.56232787,-0.405890202606473,-0.468674832291662,-0.287724149747953,-0.298405884509077
0.117307076,-0.0495224931672514,0.416298795544766,-0.296505224246351,-0.238013576908799
0.174325939,-0.0296790102525129,0.435890068260146,-0.285810643182123,-0.125144029017278
-0.227933716,-0.170832130423461,-0.144206908737254,-0.249726413555805,-0.15363044160242
-0.44416366,-0.299769306178697,-0.341760797547197,-0.305079476405853,-0.351460391228141
-0.485994499,-0.314966455117736,-0.187944420963282,-0.350907715486982,-0.59695393224251
-0.800272644,-0.431946620131056,-0.554782336661587,-0.487230381165584,-0.604845217832915
-0.761262123,-0.407377269288265,-0.416929444182484,-0.627375933683874,-0.672455561372065
-0.574822951,-0.352525372397549,-0.28497929815259,-0.635402942871072,-0.729737701422912
-0.73426749,-0.347865102468156,-0.422806864520668,-0.522466892963516,-0.552949948264299
-0.586752605,-0.325029920392907,-0.247574385307346,-0.52397063843003,-0.372475798057868
0.058364946,-0.249167797312567,0.0504462299495879,-0.489688748379355,-0.569931448109592
-0.619607522,-0.372157239864049,-0.494836446506838,-0.372935531716765,-0.044930752960982
0.022095272,-0.132855821276953,0.21062516153717,-0.409079095929857,-0.491325124050252
-0.418663949,-0.274717236518764,-0.12717830728916,-0.460859978806017,-0.34376983089902
-0.570419781,-0.389351937785027,-0.265465015124169,-0.533803256269201,-0.654470449941619
-0.937005987,-0.486204726118755,-0.606487787504049,-0.600625452150716,-0.761352136523977
-1.018963655,-0.498275872278169,-0.536716845884875,-0.702167623004437,-0.828629936900341
-0.787957274,-0.568930669556034,-0.495811356881786,-0.782776682358639,-0.865591783930225
-0.725712019,-0.487943172765918,-0.399054489863147,-0.848623395945464,-0.798317244338121
-0.777858258,-0.580528133050508,-0.550955641582106,-0.808009597173686,-0.756419659565006
-0.762192785,-0.572208575670821,-0.43065074590198,-0.72922777311772,-0.803336418308682
-0.895122656,-0.606218261926729,-0.755862859777866,-0.732095658493033,-0.627301162636345
-0.434473074,-0.380828409752527,-0.161343358175832,-0.720805264039372,-0.843215307513983
-0.860288602,-0.579261281206356,-0.52264801127878,-0.651034108714979,-0.516248855520452
-0.497866929,-0.467327037206518,-0.18608103849458,-0.706178233357346,-0.765612428711289
-0.73467105,-0.499692259589048,-0.365806709946069,-0.666884365804659,-0.606975934221697
-0.627192856,-0.459055401856487,-0.300880022444055,-0.750436809832339,-0.808780410050149
-0.924983885,-0.650097872406442,-0.626555535786892,-0.652064804099105,-0.736788528757742
-0.841932191,-0.533120885516249,-0.86093213892533,-0.905971916006461,-0.837430871857596
-0.660860437,-0.352326953282608,-0.462539956762579,-0.933321612700146,-1.19400127078316
-1.704961759,-0.619673701685467,-1.45426986380805,-0.64609744939178,-0.647020118957635
-0.679140182,-0.314328685898948,-0.275323666337596,-0.699683591275346,-0.869319629574808
-0.107617228,-0.0994697684602119,0.143354396975234,-0.814084569034274,-0.720341489720526
-0.629441075,-0.319956841359301,-0.262448361689504,-0.695240456716067,-0.424872089538431
-0.592008605,-0.315053429459159,-0.224476209421503,-0.696580951669907,-0.728810094690502
-0.77105586,-0.405215262766312,-0.364076198692028,-0.646525580229392,-1.07849479055529
-1.724627644,-0.52024077818231,-1.02206211672988,-0.729243103667974,-0.714378469344943
-0.626377069,-0.390190067002004,-0.261007925566179,-0.816639573895966,-1.29799863176432
-1.049805315,-0.50356274976669,-0.410154377013253,-0.835381638761494,-0.804949185313336
-0.745396525,-0.321931837735838,-0.302591867777899,-1.00571821223659,-1.19457776758119
-1.422565076,-0.857703158243552,-1.0077742454629,-0.887503777055805,-0.96640341585287
-1.216455287,-0.588210859715262,-1.15582508900338,-1.05176816734249,-1.04357929557701
-0.729678717,-0.378592821692948,-0.247146109759785,-0.851238976446432,-1.08314676519798
-0.994381328,-0.514352091811105,-0.297823289983257,-0.791275215747439,-0.696116011638781
-0.558187675,-0.471352894342557,-0.280868551489214,-0.812941219128647,-0.858266649946095
-0.753357486,-0.389888574928757,-0.117437016455483,-0.744376334126024,-0.676914192656237
-0.739204577,-0.432576148543778,-0.218847780855187,-0.749356199869635,-0.720546782075154
-0.71226959,-0.366067161428355,-0.303168858161722,-0.657782478172457,-0.710628886949485
-0.723823431,-0.415774757306084,-0.196943867498663,-0.665764597421698,-0.58398679608418
-0.411956463,-0.389981339758363,-0.0707335948834235,-0.768597588955633,-0.700314406391237
-0.609534703,-0.291122865904819,-0.388956328997654,-0.707863323070668,-0.762174098511664
-1.122825448,-0.384620303462114,-0.46055310639527,-0.725395840636164,-0.664688881528849
-0.646261841,-0.394240050974003,-0.348451199133258,-0.981124299778798,-1.16541079105643
-1.309137073,-0.584769320688382,-0.830885031066561,-0.862966766181078,-0.937998956862465
-1.253506795,-0.521837640418233,-0.758193092976861,-0.915742892624785,-0.958636776976182
-0.654810122,-0.255252174430861,-0.371942775683412,-1.11129294999333,-1.09765857297876
-0.822624786,-0.478747494885135,-0.560979583426778,-1.0905532421178,-1.19785425108025
-1.844865616,-0.869482609994075,-1.32064122768709,-0.788265356956419,-0.684188568996645
-0.529383929,-0.193866423289152,-0.242071436302867,-0.86126746315774,-1.20348647575715
-0.669666485,-0.296614192232825,-0.426142426847221,-1.00946201452743,-0.844714011629951
-0.963312426,-0.476891467981995,-0.732693456412997,-0.98092182823051,-0.894626326071135
-1.251145122,-0.292440143768108,-0.669054559481463,-0.476285962378401,-0.630343396897171
-0.407796694,-0.17226769185395,-0.0446085443214329,-0.526981762729694,-0.580981194427986
0.115508721,-0.126533306156707,0.293189787667055,-0.650485360660696,-0.459099201564743
-0.344238507,-0.186638137009024,-0.0295340276623457,-0.723496552094515,-0.320058914914149
-0.541984528,-0.135795493186465,-0.138904447273344,-0.629735718922046,-0.807004003767815
-1.356926219,-0.464846614051961,-0.92857675049052,-0.754399906294225,-0.821755797653421
-1.144333324,-0.651368813641284,-0.888806908306328,-1.0154721091278,-1.17026372689419
-1.088626646,-0.487787587681521,-0.776096847599806,-1.06586536339444,-1.19913923181604
-1.334895387,-0.708882959770408,-1.28714540052218,-1.11956370981874,-0.904513784686305
-0.622720358,-0.626155799907448,-0.927837167693331,-1.2335270065107,-1.25230852641614
-1.187185527,-0.46193962823946,-0.851550299188722,-1.07015364797072,-1.01523492522188
-1.35867405,-0.637498112212066,-0.973145601569406,-1.04900784475687,-1.06328845996342
-1.025065715,-0.497039826458664,-0.607530452556313,-1.002276757847,-1.11980520685456
-0.922884595,-0.558254010231203,-0.648968648997048,-1.10329120558972,-0.976910950365727
-0.846027536,-0.648610687385077,-0.581447219715591,-1.10738646064747,-1.02256561979919
-1.095649835,-0.740280184137396,-0.720247408846789,-1.07112018333509,-0.993608978524548
-1.088815207,-0.697726904035353,-0.808867650294008,-1.08857899592832,-1.1997070902975
-1.38394806,-0.904032365592882,-0.995889286845364,-1.07295787625609,-1.08421446206678
-1.065289668,-0.73263307029104,-0.869936352275553,-1.1925506464011,-1.26414462191166
-1.207155187,-0.906499017186474,-1.02868642669427,-1.1450375514086,-1.09690483281608
-1.115299991,-0.83343417651074,-0.91584912954954,-1.07918047151733,-1.06077331906993
-0.973667843,-0.734195249612227,-0.640329230925486,-0.97089639916805,-0.903024662073578
-0.639657589,-0.473269653508052,-0.379879542290929,-0.960824242199547,-0.950201481721019
-0.929360854,-0.47750300410972,-0.550059877649681,-0.817877767698433,-0.725827664690446
-0.733159196,-0.483163073167306,-0.48443468311993,-0.9177728441938,-0.898000340180312
-0.847961786,-0.492754644052625,-0.481981036455335,-0.872931302737625,-0.982960743662638
-1.221861695,-0.725234533755447,-1.05939445902805,-0.81266400804321,-0.984028064953528
-1.266068424,-0.609115745081921,-1.29554288941097,-0.797751794531587,-0.773844042892913
-0.328515713,-0.0753757347794461,0.0656343936134802,-0.870535093887719,-0.974721796507929
-0.69713865,-0.319678608557211,-0.290490719886182,-0.704049337884828,-0.586952155694771
-0.69215236,-0.376999886595408,-0.476444671876216,-0.903885492076955,-0.72734675008494
-0.629860853,-0.300577155808153,-0.365470767424783,-0.89618070010306,-1.19959831540597
-1.724566205,-0.69956498023932,-1.21211266734089,-0.721912332680948,-1.13783638866008
-1.902986604,-0.87928042877092,-1.54369160706908,-1.0993753038064,-0.846183198402787
0.096165425,0.026447748746077,0.215774178261338,-0.986209254827992,-1.63428027112983
-1.540985089,-0.704545758249323,-1.16962354445053,-1.24368023983893,-0.453998092161709
-0.616936061,-0.287178231490587,-0.378910211591697,-0.988590649422553,-1.29630085458729
-1.231917275,-0.628184777206201,-0.766539323301908,-0.852000719362697,-1.04994291026723
-1.400615769,-0.589849816854483,-0.952361233223109,-1.12363844583352,-1.19135288758518
-1.126472587,-0.592736548893353,-0.883511797843371,-1.57556280038866,-1.57907753328391
-1.084141338,-0.606954691606773,-0.948468693022047,-2.06227630143484,-3.49000648997803
-6.631184156,-3.38195995087851,-3.96641155765331,-1.1160655348131,-1.15078548894738
-1.363909173,-0.361408951536786,-0.817926603218852,-1.39124858577967,-3.05535374102506
-0.598708537,-0.140051756276399,-0.298895413253392,-1.2521414749234,-0.349975283271514
1.520428155,1.02429655067236,1.62547687724844,-1.07271214107294,-0.283208199305216
0.195572498,0.0756980893837732,0.245406935965383,-0.153598739239988,0.853942346808297
0.823594032,0.583719645246303,0.930828090286432,-0.22817714581129,-0.371543151864826
-1.097633942,-0.409489165951811,-0.618623279311782,-0.307235213021042,-0.130937988515192
-1.003891466,-0.484622997933853,-1.02721106755916,-0.421636117229148,-0.945113773468245
-1.229681387,-0.437006809693341,-0.792806222862412,-0.384748145899792,-0.570771371528451
-0.182720553,-0.179577195250099,-0.0133920783782714,-0.972207490835186,-0.628827683675058
0.284111417,0.226644498071895,0.399453296673484,-1.28950939437375,-1.1914125748767
-1.972145383,-0.666398962233685,-1.63832404327877,-1.00491630540082,-1.14541393130477
-2.783572436,-0.588966311205663,-1.44802992471128,-0.534986781293912,-1.21080274661337
-0.872874708,-0.227699724767909,-0.574487372195913,-0.969556335258046,-1.41331536343498
-0.221705784,0.283107042616391,0.658892884553604,-1.16843771097761,-0.65011778289986
0.012340273,0.15877702872776,0.153822886024157,-1.26183587047126,-0.768796129179287
-1.043481668,-0.574207861195611,-0.809940940796439,-1.07867723374099,-0.995179740978897
-2.090566743,-0.949150748568751,-1.73894632004329,-0.891476631239932,-1.01328007309762
-1.117431684,-0.55166576404519,-0.808316226090601,-1.15674932444961,-1.56659371698551
-1.312016936,-0.646197606599537,-1.04678829414086,-1.08693998895865,-0.974349854386421
-0.747109346,-0.506700777124587,-0.4771197090115,-1.0249837338977,-0.907678778815037
-0.493774875,-0.403204848842051,-0.319685290998365,-0.934547452456617,-0.73151771144287
-0.63711648,-0.303153138575454,-0.404019544793301,-0.554369835658439,-0.576472629034467
-0.94404435,-0.241584670678807,-0.579095469645341,-0.320645278837484,0.334062741689798
1.676388271,0.747063865497102,1.28397890860415,-0.768411168264219,-0.894326873835829
-0.873312983,-0.0522020943669757,-0.649780743235941,-0.448022602220261,0.14386413793174
-0.982888309,-0.330996881834232,-0.801841296131776,-0.756140832553872,-0.833068778459016
-1.10408899,-0.313980319537091,-0.713578732245911,-0.829345533760735,-1.05517812821963
-1.171983165,-0.428079124939214,-0.852517580332632,-1.07242262383324,-1.19244038585284
-1.358217071,-0.459951201635157,-0.797286792205457,-1.16104848514676,-1.09259881544132
-0.925181714,-0.444634624240266,-0.949126674640229,-1.26827651890737,-1.46816751766634
-1.872914314,-0.766698716636598,-1.38847065895973,-0.811578173808755,-0.544662591247506
-0.108485173,-0.0967853380938381,-0.287854952658361,-1.0591048809628,-0.912345925707819
-0.071299143,-0.211797202884888,-0.18323434694869,-1.11979790021962,-0.204351144247777
-0.029329791,-0.186382267083526,-0.57394268903178,-0.701488294482179,-0.113502809307734
