630
-0.884038744,-0.297070168964532,-0.885441701525922,-0.275043313929908,-0.432890179352187
-0.508657913,-0.305013984541717,-0.334729113442167,-0.53269300340735,-0.408141654413565
0.066109291,-0.523863854997987,-1.02672807924755,-0.232532145442304,-0.477465305863269
-0.597515561,-0.0860758113761954,-0.321858651768336,-0.555693291235791,0.350172704441109
1.036901605,0.145279661183585,0.82324870354929,-0.501630477402249,-0.778485227359469
-1.101854308,-0.27840468853952,-1.11916249154487,-0.500944648644295,0.0413666977988587
-0.645105546,-0.347117627347341,-1.3235354121529,-0.831783145700015,-0.986845878810035
-1.093011532,0.00149824785867199,-0.5908200403754,-0.78881661800872,-1.0976192285872
-1.630227518,-0.526159600977151,-1.03501279546035,-0.930452377151993,-0.977528166142861
-0.897230997,-0.0469786247350413,-0.681518148428665,-1.22823140815265,-1.31229059754564
-0.999308498,-0.331350027695507,-0.888636058703939,-0.971180054284177,-1.27984857355752
-1.798315154,-0.131625978902882,-0.977100274603157,-0.913751375272418,-0.62348138426942
-0.068907895,0.0170934664998356,-0.031788996261067,-1.17110608099394,-1.47244241295447
-1.37807411,-0.0416931424665151,-0.791562241833657,-0.79554873812115,-0.472078461863318
-0.716955481,-0.414254978785081,-1.31658576219013,-0.901099066706196,-0.690580901970176
-0.017915931,-0.17973749757458,-0.00767879561166992,-0.767381928627778,-0.889768215071275
-0.995316463,-0.221092897943104,-0.979214887005202,-0.837620051450536,-0.53832738297703
-0.934474775,0.238671936156227,0.129921423659111,-0.721448620566709,-0.92764412785007
-0.995737473,-0.509433831091414,-1.00431554635065,-0.806491521154605,-0.938208223674747
-0.93605516,-0.446502427058865,-0.865849566294934,-0.931871396995286,-1.01406300214272
-1.126109323,-0.434912063529731,-1.00323678779543,-0.884324723374566,-0.758180140399148
-0.494501845,-0.330169399943252,-0.378501137890756,-0.961279816061447,-1.05816497329351
-1.092209661,-0.320781179262038,-0.741336782541694,-0.784868704832991,-0.589704881285792
-0.601166659,-0.317173864325158,-0.538793829416705,-0.81983434385358,-0.785812827150578
-0.46304165,-0.525924057856714,-0.691256368584554,-0.769434483937904,-0.871499608668326
-1.157069905,-0.554220870633883,-1.04754639026523,-0.708544382052581,-0.566906701080549
-0.638496013,-0.296064991626489,-0.575070916801306,-0.705071259618794,-0.855572136192005
-0.613236491,-0.47217443352785,-0.739771339214156,-0.863426307057409,-0.792234606458302
-0.804556565,-0.605281460078472,-1.00171937704937,-1.06568988595569,-0.977430631653391
-1.333718682,-0.631754219894871,-0.912170559332212,-0.855558655919737,-1.03823149846015
-1.345411541,-0.694499662910271,-1.23217456401758,-1.05788614279438,-1.14209923080669
-0.987015386,-0.738565818856347,-1.26135843666983,-1.20710863129219,-1.31529871729192
-1.315091135,-0.694570796483154,-1.13385600884493,-1.30880259046765,-1.12483317280395
-1.132587827,-0.485918336163419,-0.967650090104463,-1.42242254983685,-1.46473370284794
-1.557585847,-0.553010836177741,-1.25193069787483,-1.58796210510589,-1.68316969539629
-2.228994467,-0.908846564108623,-1.36404471334424,-1.99862969361684,-1.80825565614801
-0.452621423,-0.404013824764708,-0.341081160321627,-0.56461360671416,-0.755070076328974
-1.009454303,-0.635753946268888,-0.884498654401918,-0.614127978216815,-0.634412317951705
-0.821615841,-0.493397803502217,-0.566121975493315,-0.671256174470817,-0.817175182610325
-0.718909813,-0.491688478693234,-0.587325268933591,-0.732702286523676,-0.737189595712644
-0.580189027,-0.39385880804627,-0.412569397859424,-0.83878322949638,-0.847247596813025
-0.989786077,-0.4477239232181,-0.723591085969439,-0.700644678114629,-0.689989438317661
-0.813799673,-0.492741403007849,-0.834077472950249,-0.643135482498635,-0.747701543300447
-0.583538857,-0.435721478931426,-0.553366545836617,-0.656896188884346,-0.6409351194294
-0.42335076,-0.322366453366954,-0.327194959563585,-0.726248221416185,-0.61217795641824
-0.585349317,-0.299924895149341,-0.410772917747619,-0.530654064795798,-0.580085738978507
-0.793925994,-0.394417698605363,-0.635540786064992,-0.518898620110735,-0.390726727870434
0.002113856,-0.121661879804153,-2.80150579769108e-05,-0.759280223070421,-1.10580166539454
-1.569687861,-1.19462858527715,-1.65551177210921,-0.561961034477395,-0.448037434873781
-0.829447062,-0.473025662919615,-0.724966186394391,-0.741043087837042,-0.938651116941287
-0.4965279,-0.25596759540993,-0.329292482402321,-0.594642054481038,-0.801122968933812
-0.751251345,-0.341155184997036,-0.555342256986048,-0.549485613176082,-0.46562483644868
-0.476456418,-0.314939008189672,-0.377529059735507,-0.573082905189093,-0.254715517292444
0.358311901,-0.0441671934428948,-0.0369984815506854,-0.688819314909923,-0.562632724968245
-0.538444052,-0.381124593817998,-0.544637233824994,-0.662038099994949,-0.400289927634871
-1.083511865,-0.47369905342721,-0.797272014852013,-0.541059026571183,-0.569315828714833
-0.72187804,-0.408877545752511,-0.612418322193576,-0.75955376183047,-0.830708226797485
-0.642646558,-0.441443558809899,-0.475329425369686,-0.788019040851212,-0.816067565616233
-0.887152555,-0.690766423863706,-0.722273815790972,-0.832227455744812,-0.719395953822119
-0.759439484,-0.621987005689859,-0.680131793800428,-0.775039906884519,-0.869390725231305
-0.911587589,-0.554160858633212,-0.638065053084077,-0.762765315242558,-0.755640355057852
-0.732662254,-0.3940911757958,-0.543388124419399,-0.787184724475134,-0.828622780335082
-0.808924588,-0.358600698870725,-0.567017474203494,-0.765488426684518,-0.640686294370198
-0.458360527,-0.510355020869828,-0.635643905664685,-0.763929664267062,-0.851848068955919
-1.015238751,-0.449745735374097,-0.89819819910252,-0.50037320648891,-0.387117982648814
-0.286469043,-0.108456696597198,-0.129439960963428,-0.487789094308969,-0.539852085738884
-0.129195599,-0.0506057303709017,0.071337049473222,-0.475300923202654,-0.293849529208558
-0.093825108,-0.132767752090672,-0.00368233035049551,-0.565243575679166,-0.495756787691254
-0.823008549,-0.448531481775657,-0.644566681627204,-0.558358716476834,-0.467475635305285
-0.818529881,-0.473574870224369,-0.65549712308416,-0.657143225102691,-0.805588607307768
-0.921061468,-0.561108390106852,-0.76551499099642,-0.710149247844235,-0.778137609838775
-0.764957194,-0.576763051952461,-0.652636348007811,-0.810427878707569,-0.795127297874677
-0.669673663,-0.414721465183418,-0.386850847751006,-0.817911631672487,-0.785019774508806
-0.770134545,-0.493733291364621,-0.524971982732888,-0.856290538808086,-0.775719056929846
-0.8231966,-0.55444671339961,-0.757756387795728,-0.832215841564776,-0.927420863445763
-1.155833385,-0.649339211209869,-0.961837554106046,-0.753710688084926,-0.788943984745491
-0.7669644,-0.495993207989951,-0.544768129086728,-0.817001796949687,-0.927502909620082
-0.785791356,-0.533984684799635,-0.629348628711099,-0.765738829909689,-0.684279493171211
-0.557123056,-0.312441809069175,-0.384104493469206,-0.761732953060668,-0.65327691410675
-0.478605209,-0.414814162943107,-0.409662665765821,-0.664335718893759,-0.659986134203503
-0.753975514,-0.311296490999556,-0.303989643590632,-0.696721827455437,-0.537668817419958
-0.459565389,-0.291808797407113,-0.513571372105211,-0.707464519825977,-0.987923776213486
-1.418772974,-0.517112812227411,-1.15218974285512,-0.506594089227801,-0.431341922566905
-0.325675428,-0.187544564681508,-0.238376378829413,-0.718505096650058,-0.933754377235704
-0.578012615,-0.286289177415641,-0.380175563791483,-0.602466874984289,-0.552927852284942
-0.631284599,-0.306933764370588,-0.455952721720287,-0.754325559123947,-0.615516151285521
-0.489817897,-0.155228623448939,-0.21170689665532,-0.750537161573246,-1.15393504509932
-1.782341675,-0.825023369468877,-1.15525881367832,-0.835641699569946,-0.828036268803587
-1.167614307,-0.532578071864853,-0.921849611126054,-1.11087366506391,-1.30930354326606
-0.965313459,-0.392859276698669,-0.686749400946166,-1.09617654200061,-1.30446984161417
-1.47330647,-0.810911711129895,-1.33108208663717,-1.13646764780128,-0.920436485835114
-0.837760368,-0.497939962124071,-0.681166734647362,-1.03360814737532,-1.11339871469973
-0.891338546,-0.531039569448546,-0.718781844144678,-0.891978069844833,-0.681321492012023
-0.353666276,-0.284998391187265,-0.281308449680054,-0.975693595755612,-0.912854927017169
-0.945766368,-0.672587906227483,-0.79937405374542,-0.767335879735378,-0.636912209825179
-0.843118883,-0.565885915848172,-0.700798873774279,-0.791045921365787,-0.841884960572123
-0.811461457,-0.621242457218258,-0.688889814943216,-0.725023318443208,-0.839748768769959
-0.846752155,-0.647541326496281,-0.678318150932371,-0.818603242844314,-0.784275878016268
-0.75048697,-0.60228615327839,-0.616251845836422,-0.762314569580823,-0.800665738732881
-0.795020351,-0.582194458220645,-0.612971053235653,-0.709625651295234,-0.659799737206069
-0.527811281,-0.523644478154454,-0.452206179401354,-0.752317137283995,-0.750882415940578
-0.713437873,-0.55596899332558,-0.567421205261818,-0.712545295289613,-0.633443364123156
-0.666369594,-0.544862973144412,-0.572680640174896,-0.710626593609537,-0.790130673657182
-0.929143687,-0.688867629262966,-0.722192163462638,-0.730198514320945,-0.665057102598137
-0.620138199,-0.53220029080554,-0.468347662319695,-0.821722138460091,-0.888123467437943
-0.87930334,-0.652005660586704,-0.668386978438302,-0.836675515565895,-0.792142577907646
-0.910629772,-0.683975725899825,-0.787856226455708,-0.893550512810394,-0.921916354188969
-1.004675062,-0.757545001599579,-0.862842097271951,-0.878239159135082,-0.928277713600507
-0.955272418,-0.634524445491753,-0.722303690314561,-0.960394995819667,-0.973063413439993
-0.950577943,-0.648654306471762,-0.740063297792959,-0.94777181445259,-0.976769502597635
-1.012079989,-0.700750032481371,-0.762982609327345,-0.945248679851517,-0.919306676424618
-0.870221791,-0.678629011083726,-0.739152996568937,-0.970227837404548,-0.991151133323394
-0.982704928,-0.660168701843799,-0.844666192894856,-0.927806039663851,-0.924706498203213
-0.954765671,-0.361096453784961,-0.750507502554331,-0.987065496162628,-0.976856801111587
-0.8212608,-0.280913581598481,-0.707204139281855,-1.05593082531511,-1.4345306682059
-2.046901536,-0.99550686839197,-1.898858681713,-0.9409747070216,-0.994939255048677
-1.233944633,-0.565379171813574,-1.07990723986958,-1.0653083208532,-1.26420335259527
-0.564305292,-0.232881956256688,-0.508851093599088,-1.12419597549099,-1.27312369355383
-1.27591289,-0.530626195253142,-1.0651031046663,-1.12973573824161,-0.782496169423213
-0.919021604,-0.556751814639638,-0.736364780800919,-0.778228055269024,-0.942862286376844
-0.829093825,-0.285550518000296,-0.570437013054024,-0.775275220193161,-0.46154603916139
0.253284741,0.0485755744108522,0.0617886469715376,-1.03652701588893,-1.0219935465161
-1.212283425,-0.3854519734108,-0.802436989934495,-0.826795019532629,-0.505997966001392
-1.070695002,-0.280697608372538,-0.537465347509547,-0.786719071896343,-1.14195786768187
-1.369776792,-0.460927640982309,-1.06339032624645,-0.720876123575303,-0.872413020658497
-0.653021996,-0.368394937466358,-0.564905286684614,-1.1002396236345,-1.08560522506814
-0.814160341,-0.460807051527016,-0.645188315529801,-0.962877018410279,-0.894952616679252
-1.069685384,-0.607323374627815,-0.783570960833415,-0.901467138031594,-0.825906643847214
-0.797642848,-0.518794887831584,-0.627778632644776,-0.914841523872664,-1.07722871482527
-1.131004822,-0.636668797368546,-0.798550664424064,-0.942681621223269,-0.959876765555204
-1.129278577,-0.692956717269618,-1.03040127292457,-0.828802791620197,-0.967755180095051
-0.943876352,-0.412673680594129,-0.662936217910113,-0.751171978046212,-0.718038731670024
-0.223853508,-0.231781959689886,-0.177053563545372,-0.938765607502262,-0.895322548443893
-0.803014374,-0.506295274733264,-0.665440514853871,-0.79859780383326,-0.625544088737134
-0.87602838,-0.540176766233708,-0.668347144434087,-0.78143423857964,-0.935173947314054
-1.228139525,-0.765859847401193,-1.07249858787369,-0.674645076887087,-0.738774171827222
-0.621642766,-0.365685419211664,-0.451600207238476,-0.675769566324909,-0.901528525774914
-0.754929092,-0.408974765645159,-0.532212204118575,-0.680318214492739,-0.316354584469087
0.182043144,-0.0123259687996833,0.181813158802036,-0.701280786395768,-0.651477191282224
-0.535784395,-0.327805062627387,-0.314131825960037,-0.575366974857197,-0.312625839538014
-0.575241586,-0.348279318592445,-0.416542674517038,-0.644134215052743,-0.821190451365103
-1.221432248,-0.462692634007961,-0.692213357781948,-0.602038066607119,-0.795263711512063
-1.026341964,-0.564270699609903,-0.800789914770065,-0.77664427151321,-1.10035946748302
-1.150764689,-0.597503490700317,-0.872436077681574,-0.828913480226222,-0.856517339608622
-0.651380309,-0.46954260975566,-0.526936726216261,-0.972258057078667,-0.962888441548677
-0.806567397,-0.50821091895,-0.590754136819381,-0.839876225966463,-0.714805819817013
-0.702976678,-0.461782615112656,-0.550359883404134,-0.84021165080367,-0.758070191053047
-0.69337583,-0.355274175970738,-0.448956061476758,-0.789197612430943,-0.800350922974004
-0.876029873,-0.527032739813113,-0.675270759457436,-0.824204333596516,-0.813279048382949
-0.919448652,-0.577765723740802,-0.910921767924714,-0.937691914418453,-0.918598716458987
-0.92880469,-0.379254310738698,-0.659988040891429,-0.990651872527783,-1.11637299947681
-1.397715303,-0.634577429158637,-1.05384688964799,-0.912063015089351,-0.915403773576359
-0.892468136,-0.5196100684189,-0.787062802363223,-1.10565098944016,-1.15153281141487
-0.931034065,-0.624353963328161,-0.910624213813769,-1.08692238711992,-1.09446218822606
-1.293244745,-0.749135276211797,-1.04030556346702,-1.04595307808417,-0.907524437770788
-0.843611154,-0.554320518257332,-0.726953523874925,-1.08971777297981,-1.16289099592819
-1.047990834,-0.541378910659223,-0.760281068641272,-0.996320557751889,-1.10296808182162
-1.408387025,-0.799229761665825,-1.09710306563062,-1.02051137903701,-0.865782247322735
-0.6319205,-0.37243098520666,-0.398752665077837,-0.975255015222364,-1.23627088634617
-1.195416779,-0.64951534573585,-0.849369822551213,-0.914541319448947,-0.720975074190598
-0.665307351,-0.42289611136021,-0.475916918612603,-1.01632481274901,-1.0190843859304
-0.866659212,-0.50453205322243,-0.684311654678916,-0.865688901429409,-0.948626827232546
-1.240556549,-0.553127848046393,-0.922890195336588,-0.883748151617106,-0.784113037595818
-0.6898783,-0.083914264209283,-0.454864981758378,-0.894681520542572,-1.04082946879953
-0.939818792,-0.370303558758453,-0.721392307133083,-0.799824036000963,-0.719653940535272
-0.729034579,-0.38876178104359,-1.1166887773519,-0.935465320947962,-0.643387577644567
-0.25083736,-0.360704916472431,-0.401243511197457,-0.964037536812441,-0.912352569229879
-1.05255882,-0.436222779626009,-0.874390975612965,-0.897285819433462,-0.741061739970075
-1.135901312,-0.468949282786519,-0.912288379736699,-0.821221138350743,-1.10478174307307
-1.35540586,-0.81446822686781,-1.14575430421993,-0.766074948781136,-0.932810645903252
-0.809604565,-0.400698467343319,-0.521838780737156,-0.875414336915571,-0.893491528521414
-0.435680942,-0.15929532215469,-0.168416517944519,-0.802937727044089,-0.771161543955034
-0.688818586,-0.31279176178297,-0.437702904065066,-0.707856019481128,-0.488016947011367
-0.407083011,-0.165131025390352,-0.218023610077198,-0.629868277241083,-0.753182772046854
-0.96321396,-0.311629576352264,-0.612348459845064,-0.419393032590364,-0.311438807086574
-0.138543239,-0.217891867444851,-0.194087084052866,-0.566394990453734,-0.642966934160447
-0.368258621,-0.242341859791625,-0.268146591852534,-0.521304882284203,-0.417049241101043
-0.549112373,-0.368116948657494,-0.48919482927737,-0.6503745868692,-0.564643735322775
-0.76896357,-0.454943159236861,-0.629460235253261,-0.637045189813094,-0.676489692686573
-0.754615404,-0.314447192151251,-0.576865780295832,-0.741764810167538,-1.00654907133774
-1.223490062,-0.571064810279242,-0.960330748545502,-0.748821297807483,-1.18094102019909
-1.822724177,-0.992249064036025,-1.41716052693184,-0.736031993307958,-0.780855660804745
-0.39795499,-0.635353302147954,-2.79837258883861,-0.961014406282126,-1.09706667648434
-0.396944788,-0.279750117598464,-1.21998513517908,-1.19837991597173,-0.746595406386394
-0.804127501,-0.388696890658253,-0.63267388789392,-0.95725497889354,-0.923732667474652
-1.546973308,-1.01508551242565,-2.23630591754576,-0.65986200303959,-0.725798116622351
-0.658897099,-0.349447553508396,-0.484268686073372,-1.02748067545488,-1.1934598561011
-0.875008524,-0.526755500009507,-0.735184818119538,-0.987114114237365,-1.10725204438932
-1.543864457,-0.846414976712747,-1.32143225333587,-0.899163175676428,-0.857005136177884
-0.902398789,-0.613640863355648,-0.739463631944748,-0.895083510059256,-1.01091961236499
-0.603210169,-0.613677738696296,-0.705589089139172,-0.889652953686338,-0.717549117126447
-0.414917494,-0.175016787475524,-0.278827823891126,-0.893385257029064,-0.660668831712176
-0.646163056,-0.638875077112506,-1.28227848529331,-0.762372207735266,-0.599043579471119
-0.726748707,-0.487018420011084,-0.666487907398695,-0.721777508264649,-0.737479513569947
-0.87994262,-0.419207573235395,-0.742991868933931,-0.640944878950225,-0.721927739582167
-0.762405426,-0.412568471530486,-0.590388387512963,-0.741293138494392,-0.712611988229207
-0.505688496,-0.270906717109315,-0.319736035942812,-0.910262245909354,-0.857933731327543
-0.888575163,-0.384710784837412,-0.780079390697998,-0.868466764510763,-0.887610994327854
-1.251736521,-0.250180955653692,-0.98398394673106,-0.839260860164699,-0.968572858246583
-1.080056001,-0.775462087310246,-1.75974963372586,-1.01470942498198,-1.20109733886234
-1.23143759,-0.289222556173185,-0.747342995372055,-1.01451756203581,-1.10109390138681
-1.149215429,-0.232131655775011,-0.828270961718941,-1.15264471710941,-1.03523046083558
-0.74879459,-0.144315528178327,-0.553381949011231,-1.29103030874059,-1.32200170355465
-1.472491153,-0.191704070053876,-0.578707545850595,-1.15291976865908,-1.18444539474691
-1.659183377,-0.638491743253206,-1.51858092820818,-1.19950710848044,-1.1810038632136
-0.878895967,-0.518777301045638,-1.04989582127364,-1.43236675675467,-1.61425779181183
-1.620220132,-0.652470953277605,-1.42496518079461,-1.30731180859165,-1.27813855562035
-1.653712295,-0.991429754961853,-1.54191272027721,-1.27554212148691,-1.29980896857792
-0.990762075,-0.31893595205336,-0.723494665894803,-1.48148248589108,-1.59021459638779
-1.520389954,-0.559728495766623,-1.01836316990023,-1.53380576233208,-1.38855561113555
-1.69444602,-0.687958376452907,-1.21454573549902,-1.42448908432716,-1.55950226651208
-1.755716327,-0.930549779899834,-1.51706755227619,-1.47093545522134,-1.3999856517906
-1.058299941,-0.612601501292336,-1.06962350927765,-1.47989887314025,-1.6766124732829
-1.776525579,-0.79781771323186,-1.11629888428432,-1.48892039818501,-0.920151847704664
-0.49475911,-0.21457468539213,-0.41047234396325,-1.54977068695357,-1.70596574234041
-1.796582172,-0.785956492717509,-1.5625726726129,-1.28728695167022,-1.00531220611201
-1.306161364,-0.633989899437336,-1.47414516804492,-1.39750250672453,-1.57164443394287
-1.633772605,-0.668779482765022,-1.42263482399173,-1.33137245509858,-1.09881944020798
-0.660538584,-0.767176691691155,-1.39791547537911,-1.67648332936296,-1.73539325071255
-1.923963833,-0.72256482697855,-1.60365169118073,-1.34449801092899,-1.21135339082425
-1.669248558,-0.677288369881748,-1.27613794470708,-1.40458245819694,-1.55657663551158
-1.385357175,-0.593345261936335,-1.25922796204072,-1.47807301780755,-1.44121698497296
-1.149695353,-0.393612977448407,-0.768966640460928,-1.50971005359253,-1.45844102659017
-1.732743773,-0.716141555914667,-1.55749781893392,-1.25781115887291,-0.643049474458453
0.095802108,-0.501135706053309,-0.622510418814439,-1.22243098317097,-1.41233387275255
-1.299628917,-0.706143369145311,-1.18604558965737,-1.17182674223527,-0.310787481773909
-0.243317867,-0.164439083800025,-0.50463226653249,-1.39738922380099,-1.39365457784174
-1.657265273,-0.673653568501354,-1.22205244583321,-1.13769546415982,-1.01804584951206
-1.674547945,-0.822423569087692,-1.49006162095612,-1.24168904249067,-1.52090553636365
-1.665531504,-0.786693137633346,-1.42097910325099,-1.28451786189005,-1.35761541118612
-0.997009596,-0.340730550869858,-0.821502209896732,-1.38359962967701,-1.57996118401449
-1.628648186,-0.976121587127104,-1.35021312496147,-1.27356903926795,-0.925963756633399
-0.743354565,-0.24776193200184,-0.792406264192738,-0.921625533160333,-1.18533394047983
-1.056177094,-0.273775075688378,-0.918404003322077,-0.82244347506174,-0.178554977374775
0.790925786,0.0268661145084822,-0.332540044569946,-1.14281080238436,-1.06482981268728
-1.078805007,-0.428152839064703,-0.975526481282975,-0.812940074972393,-0.358621451142763
-1.409257923,-0.749395471515237,-1.24915239326013,-0.729398349785737,-0.545427462164373
-0.152072675,0.0815775857412069,-0.260294709421641,-0.751234618648989,-1.07004434789947
-0.84449151,-0.237593885381498,-0.562195161623988,-0.887453025877986,-0.492447138623623
-0.57919416,-0.129912072191027,-0.335197730502014,-0.957056937282613,-0.93264237464067
-0.985202728,-0.35049406749386,-0.828059892363205,-0.997527576806401,-1.17325411681295
-1.766916795,-0.947316614606775,-1.76501621190642,-1.09640974472396,-1.25446068222428
-1.650193987,-0.424339001994346,-1.32974675316252,-1.01830745286251,-1.4130240078754
-1.4059614,0.0821213147760247,-0.564696812997217,-0.961882513392677,-0.790299432158046
0.158028551,-0.234460989001512,-0.478552555188647,-0.957597480043313,-0.941423532097404
-0.493231813,-0.497980977161151,-1.43962101574423,-0.735809989838233,-0.111626579309155
0.116057652,-0.0781696524568573,-0.363662290935277,-0.822256833802299,-1.01574907370513
-1.759091998,-0.492796420039489,-0.367624370068639,-0.407548329139621,-0.332081570022877
-0.640270089,-0.165192520863874,-0.481876209288945,-0.893775693336981,-1.25849192014182
-1.023079591,-0.527754874086538,-1.07742365165603,-0.98002146866807,-0.90744891531496
-1.004611769,-0.245175448952375,-0.893424922557123,-1.21597394803459,-1.13675730381045
-1.280780191,-0.439928010262725,-1.02408234240041,-1.05143371881902,-1.16757280856021
-1.380012465,-0.424001168716404,-1.02694384805197,-0.729181684744321,-1.15448242683956
-1.435369786,-0.843679774089304,-1.36210180287786,-0.901077999022285,-0.17905014196056
1.420087835,0.674955058542924,0.786661574030622,-1.38713743541733,-1.40037652566747
-1.33766554,-0.481145183381734,-1.20815519750657,-1.19343830438558,-0.302535161661297
-1.546619715,-0.555669899757127,-1.11711001497706,-1.19267106156712,-1.44092943673821
-1.987821861,-0.268450452674288,-1.10937613206968,-1.02736433035111,-1.41215697856472
-1.347817188,-0.725280521692355,-1.2946662980397,-1.53814980782884,-1.67397978131782
-1.426754623,-1.11977527162752,-1.95728223350844,-1.53944034754741,-1.46963902544887
-1.501381413,-0.591918235514114,-1.33317749366577,-1.6138943214185,-1.48416750178054
-1.475637415,-0.566192623121123,-1.27111104825409,-1.5264874469933,-1.69952568805867
-2.010211776,-0.533117274018319,-1.22252602050113,-1.40158741487021,-1.40554775079951
-1.348269235,-0.749894076905921,-1.15616750253584,-1.52565583756305,-1.58933251886416
-1.22326176,-0.604140248644804,-1.0080952392859,-1.49165148509517,-1.41248625185704
-1.401810351,-0.915512121090564,-1.26309192817024,-1.47166947567292,-1.28687175616959
-1.306227506,-0.661605060193204,-0.951992238667088,-1.41794655544002,-1.3843477758871
-1.403390649,-0.664240471070025,-1.2483200821855,-1.16665721618502,-1.31183327299821
-1.631557713,-0.332951354956432,-0.810848159843879,-1.06890965166842,-0.427020236383608
0.740520856,0.251172791749453,0.489794044308543,-1.20330279403365,-1.1083833721611
-0.561887201,-0.370357638506054,-0.46212886079478,-0.838026390759589,-0.283948355645326
-1.018072295,-0.31199110127549,-0.867155379528872,-0.709051108083015,-0.518708982390732
-0.560125856,-0.262259300645435,-1.04730494187013,-0.690159856989145,-0.938504902824977
-0.871794203,-0.452874254433355,-0.864688615354863,-0.744214101137928,-0.999988101282907
-1.605601508,-0.432942000342601,-1.24141836475909,-0.604922961561993,-0.482670564459412
-0.059891687,-0.0875595355185272,-0.311404611127856,-0.81194316467453,-1.01544259329772
-0.511694026,-0.15032602995784,-0.429740298731178,-0.566168178093176,-0.490770085099311
-0.907757531,-0.118419018006024,-0.758567998418347,-0.344223162672874,-0.0232567656426382
0.461103473,0.30236244580006,0.315203644268323,-0.196035203193325,-0.296342769660335
0.288584434,0.220549541863013,-0.26733248108615,-0.305811326127015,0.149351040107068
0.21238564,0.268781488845884,0.777301311866703,-0.470412599599333,-0.348824720373439
-1.04748042,-0.554858929904538,-1.26905398026527,0.036634872581672,-0.196867476462711
-0.63710129,-0.0694876693062016,-0.411987784838521,-0.355371049105114,-0.680333611671261
-0.451280073,-0.102973595157313,-0.316895383701239,-0.484569232688612,-0.735818456637349
-0.849301307,-0.325809005778577,-0.782542846790269,-0.798764757495379,-0.507728879789989
-0.403036271,-0.188622234760474,-0.335053439417975,-0.826342093562847,-1.02648356176975
-1.27406379,-0.337212774647786,-1.0707424550761,-0.772863642112978,-0.815612977509763
-1.159716202,-0.783400329481234,-2.70675853458052,-0.993914502382961,-1.18834783524445
-1.24755847,-0.218438447522101,-0.695365553768849,-0.954567854911707,-1.12606621073067
-1.115705897,-0.35098074822663,-1.10600635071282,-1.21830002817672,-1.10082501113131
-0.907485548,-0.420730551433748,-0.63383955542604,-1.24362779413571,-1.22012132677813
-1.30713399,-0.5699905459495,-1.20715320233696,-1.15593824784625,-1.1228091654965
-1.346675143,-0.674564931088851,-0.876522593335087,-0.992176305077234,-1.15800042357016
-1.171637523,-0.466304975762035,-1.03775039020293,-0.999589681966877,-0.891873793353622
-0.389431344,-0.142775602541318,-0.422309900407876,-1.07206545026133,-0.998647230358802
-0.803915342,-0.194227634043368,-0.366749563493069,-1.07778137225844,-0.649248896183808
-0.664835885,-0.41509738408174,-0.779251870769738,-0.678663854655307,-1.12353472798066
-1.892364656,-1.11286852614935,-1.53204744604531,-0.380229255386356,0.0649170162808932
1.101664986,0.638472683627091,1.01117852039531,-1.04061020925784,-1.28090087138674
-0.794163111,-0.50744664859482,-0.644284813187687,-0.80871221447864,-0.247939963677451
-1.179021137,-0.678317572565169,-1.08515797477231,-1.08110605992385,-0.86564479821776
-1.084341626,-0.384139019362968,-0.753400727767645,-1.04475114881352,-1.33249687441066
-1.574610945,-0.670358328689775,-1.40616488660106,-1.17157472103256,-1.33704381654869
-1.662518745,-0.692481219580033,-1.29980104092042,-1.30252748639886,-1.33699578711928
-1.131530183,-0.47292464361745,-0.818539921697197,-1.31484345946755,-1.5226836154796
-1.492137428,-0.700113900854639,-1.33387991443674,-1.22654124829757,-1.06562064901189
-0.954236934,-0.383829991368948,-0.723209656989173,-1.0063062330407,-1.09986586317259
-0.792654565,-0.0912778907515087,-0.56595855051052,-0.948834177268507,-0.769290344448311
-0.443389901,0.126052450181897,-0.215000872950236,-1.05886276538138,-0.858079620093568
-0.828559781,-0.104632194427595,-0.231131074663452,-0.906585562229232,-0.863609402328577
-1.286415776,-0.276622974642122,-0.910249200831709,-0.782675453080314,-0.832184270475789
-0.867105849,-0.286916669365826,-0.801420266567747,-0.942780859642504,-1.09835150602849
-0.963247026,-0.519865362576993,-0.886727981890799,-1.11668901113977,-1.01809240949526
-1.088005418,-0.578346255176084,-0.957630749969349,-1.06014145180111,-1.12091579694745
-1.331099231,-0.734930047489255,-1.15326605804331,-1.07836264294886,-1.04681218218209
-0.963006159,-0.357764614362028,-0.634957596645213,-1.27178027771723,-1.33481642330887
-1.339675044,-0.707772681932497,-1.12916713469989,-1.26828068412245,-1.3035496104238
-1.702252508,-0.685726646365629,-1.20649082877315,-1.14379802360809,-1.13794227407984
-1.05203645,-0.352316206293191,-0.659577769650632,-0.96473617736856,-1.12381275203751
-0.648417969,-0.252738220283992,-0.4431055916254,-0.933110044449166,-0.756624918504691
-0.164033902,-0.190931024350331,-0.226493150086081,-0.873719376846727,-1.13973956046422
-1.778863149,-1.08052586460951,-1.59160878743872,-0.65790387184022,-0.274688182330393
-0.156001396,-0.108453276182361,-0.0729103991974167,-0.753968482562956,-1.338341928593
-1.137490028,-0.567087674411882,-0.896339693044315,-0.928921974417602,-0.717803554987424
-0.998065692,-0.438590282765432,-0.724555666577443,-1.13398687899089,-1.25203941026043
-1.536985313,-0.931725394724691,-1.21628619342854,-0.868411142218296,-1.08756818947166
-1.218016194,-0.517846699886909,-1.10592678666004,-1.1620240107596,-1.18913624181452
-0.8648273,-0.497661789048349,-0.937979435758421,-1.24174779496796,-1.24816953316668
-1.266184386,-0.0363726781738108,-0.180727921087993,-1.20836689413218,-1.01582025456548
-1.057007529,-0.333422929977422,-0.80161606991259,-1.27015279645997,-1.30717451649323
-1.39630891,-0.523642629370136,-1.25268558439855,-1.07798485499829,-1.24954161955503
-1.558993872,-0.533581581768484,-1.22878806396443,-0.988188078536713,-0.985274207364006
-0.580597655,-0.437058330979007,-0.493877230561625,-1.14369365852453,-1.19085359804959
-0.862878611,-0.52127003054703,-0.620756279579104,-1.21004597410492,-0.763838070628293
-0.654001893,-0.421835227132089,-0.514864912697066,-1.156910716636,-1.25159120025023
-1.750942563,-1.03657528184427,-1.48412471499961,-0.935055881521221,-0.917729918848319
-1.141108227,-0.66962856320649,-0.967346710620918,-1.11743206104719,-1.40656112485377
-1.254867302,-0.595822465458927,-0.862231359930641,-1.18493616657422,-1.12341765020708
-0.99572625,-0.493366185046699,-0.809248212327586,-1.18639396502659,-1.2639450512739
-1.382083629,-0.529598538422091,-0.923876012854679,-1.0611850804775,-0.86722837823589
-0.648346529,-0.127544511554063,-0.295510889030697,-0.996151679655909,-1.16436267377524
-1.158724731,-0.61772010520101,-0.934320592379226,-0.89096080936337,-0.421841856343729
0.144523243,-0.0256397254744459,0.0167680326662897,-1.0980099444231,-1.26905886298814
-1.52007396,-0.771219912499076,-1.31244141484862,-0.769372068515718,-0.516025463706762
-0.942008762,-0.485688674413914,-0.719818647829108,-0.836709939531066,-1.28138274297461
-1.238343314,-0.790368760971689,-1.01023175459783,-0.885945668517194,-1.20374818341751
-1.492279599,-0.748791140042937,-1.09097067084739,-1.17621303541509,-1.07955624054965
-0.88931546,-0.351616815680624,-0.653116670131944,-1.08675808565133,-1.39529553729086
-1.393556711,-0.615344741965838,-1.11850329344072,-1.08377660291558,-1.01095840772413
-1.059814021,-0.413977608871399,-0.800731013723008,-0.992055799850407,-1.15785879493441
-1.022744967,-0.377018347073267,-0.60180577298404,-1.03806047827924,-0.93640424727766
-0.68693762,-0.258303695088853,-0.436279707603035,-1.14177115530641,-1.14565885965646
-1.297082888,-0.671341101575071,-1.05031313599705,-1.00553985926002,-0.884182108293756
-1.020389288,-0.483165981938138,-0.755182669696389,-1.00137161574458,-1.14684330653652
-1.118701416,-0.655893912087805,-0.847332617955252,-1.01910688401455,-0.955922120898253
-0.754346523,-0.462512278268431,-0.507949432627823,-1.20843073560582,-1.29186871838892
-1.533269818,-0.907941221040357,-1.29641747743001,-1.0121311720946,-0.977355141056588
-1.145233358,-0.635159423908925,-0.804688492491212,-1.09113106146839,-1.29161773736248
-1.215099049,-0.713417037009286,-0.977629559888724,-0.921725489092918,-1.01343487163125
-0.900544519,-0.529166910923184,-0.761832315612956,-0.986738751486242,-0.853187441486147
-0.485993496,-0.28261312783898,-0.244579216328824,-0.794724680664661,-0.74824160680388
-0.489715924,-0.315842693131282,-0.329871569808982,-0.814390604426928,-0.721445198801691
-0.806646279,-0.423289835047566,-0.465006184383415,-0.894713267199473,-0.923451562121376
-1.379086343,-0.716602863255282,-1.07485352620987,-0.901048405128288,-0.964248242176643
-1.180621832,-0.674294410141171,-0.909885353432634,-0.983039091686441,-1.19125049997412
-1.133996463,-0.625610661637466,-0.841418688565498,-1.06241197147509,-1.03921788087903
-0.854255668,-0.510536541611376,-0.637701472103977,-1.15715865771196,-1.09115220020291
-1.040239157,-0.596555922236298,-0.719449469790677,-1.06229258020514,-0.964373792976267
-0.990105371,-0.531147882065851,-0.693306040627046,-1.07980739098869,-1.14109975108818
-1.283323919,-0.927123721741135,-1.17400035445832,-1.00695511557745,-1.07206680304508
-1.184352907,-0.587333928809229,-0.834236994253813,-0.943453602634068,-1.09671556813318
-0.998530658,-0.563408233251898,-0.728879955705899,-0.935934744994703,-0.945231941763251
-0.668930593,-0.355715951489252,-0.431226048429013,-0.944096452950831,-0.944490706848412
-0.908797534,-0.587398175375013,-0.730245605395297,-0.826490307469843,-0.657535088487881
-0.555083525,-0.484091299079928,-0.446598823873917,-0.794697129458429,-0.842277241226101
-0.824413307,-0.45691213063402,-0.544167055258513,-0.664895692103807,-0.644993852869547
-0.616551654,-0.37065329880507,-0.369743169688705,-0.801501402807481,-0.935700482715003
-1.077498773,-0.685257369894597,-0.920185367505611,-0.78036322218946,-0.868694806713063
-1.143339904,-0.774434967990088,-1.32387461942853,-0.800109883775892,-0.91534086369076
-0.847054897,-0.544760649082687,-0.749356268139665,-0.846734195718572,-0.889762451009298
-0.658189871,-0.727783544607569,-0.911980584552056,-0.929826469274063,-0.765547334982757
-0.620632503,-0.871879755515799,-1.82936398335111,-0.76240803267674,-0.729698222295421
-0.832894186,-0.498271496864184,-2.94709765844251,-0.680415249769264,-0.511413783467535
-0.309581843,-0.772971204139583,-2.98560884172703,-0.772187522751112,-0.828878729887518
-0.848367757,-0.282329160819545,-0.648321456413519,-0.808540219972763,-0.638315067777275
-0.904241212,-0.40302915886421,-0.610806342708428,-0.844464663225434,-0.804348810662354
-0.816042739,-0.497224365265361,-0.615937569655509,-0.855454937336882,-0.897368143482342
-0.937518813,-0.637560734629706,-0.71981436072169,-0.795829312127986,-0.787932477868819
-0.769988453,-0.600903151533601,-0.594426846528108,-0.784415746411448,-0.776816179168751
-0.657447716,-0.457539650870244,-0.461325458200773,-0.709582492481177,-0.64277209710306
-0.502786187,-0.43065022747337,-0.334735218177107,-0.714257929281135,-0.557347490628238
-0.395809657,-0.424991706576516,-0.295151843509211,-0.664534555829797,-0.599676353659052
-0.652133388,-0.51637629593693,-0.479539555980077,-0.594415035535933,-0.594714464085572
-0.79218986,-0.552203949926003,-0.612073569517755,-0.631519915564806,-0.642651032567824
-0.646462633,-0.399458422797393,-0.352311440566276,-0.646504658259835,-0.780003138799148
-0.826574583,-0.60322294775676,-0.653919257627395,-0.688649241686372,-0.637299636684591
-0.580225862,-0.533835383120065,-0.5124912663205,-0.741796386655052,-0.791201340334787
-0.815714308,-0.482013507699836,-0.642200894129128,-0.597028563640237,-0.595852749890594
-0.636233924,-0.412297626091049,-0.472956397612754,-0.663877232012079,-0.517465354375317
-0.212324653,-0.344229913596335,-0.215533955171153,-0.582682827117876,-0.559627357881506
-0.484568754,-0.050067981482508,-0.338962960595277,-0.341159206036141,-0.302350109618156
-0.349914131,0.02868581273137,-0.186463461248475,-0.675109225490599,-0.320448810493035
0.054549413,0.167160542421475,0.0208349313179203,-0.676429389571444,-0.961339712681975
-1.669487653,-0.266649545292602,-0.733441627487813,-0.615308326334984,-0.464473168788897
-0.877265957,-0.283641205456739,-0.665951701987711,-0.882810052254292,-1.2930802559763
-1.208902195,-0.502465896597917,-1.05555070787403,-0.840941332681806,-0.939998528973895
-0.924820217,-0.240159234037765,-0.621708352270968,-1.08281427987187,-1.03596252283175
-0.92428234,-0.663235139306313,-0.812092290193738,-0.914852086710263,-0.863685457946369
-0.763786686,-0.517227678250561,-0.580154760824879,-0.943647407128341,-0.85266987307585
-0.770681656,-0.347751823250725,-0.44281962009033,-0.720778279272946,-0.795276134002364
-0.901636977,-0.4964934458366,-0.746791025123011,-0.707451408787682,-0.504980445745953
-0.180680818,-0.291829069989722,-0.181053013596224,-0.706043788429591,-0.717989052805362
-0.51408916,-0.349311735249193,-0.299019131691473,-0.65249087865042,-0.531651134129462
-0.771373266,-0.496461805125102,-0.540932812389782,-0.572315894357968,-0.645708163956272
-0.838956981,-0.519466369160881,-0.714305975284762,-0.579204233352993,-0.691977424915068
-0.668047743,-0.486855010000304,-0.424684805490406,-0.59186452383658,-0.706196657365323
-0.630729439,-0.513059305169802,-0.375118334977323,-0.63749508600915,-0.525688872214014
-0.315757883,-0.362260806423001,-0.198977133390656,-0.622807155497564,-0.626070635534127
-0.614092121,-0.300081251837872,-0.379360935358793,-0.644173978882001,-0.48332065742805
-0.472342262,-0.361700719779382,-0.406624731881187,-0.716760347795089,-0.957773942045263
-1.40727958,-0.654502070547886,-1.01621157578718,-0.683127892613567,-0.719635606881241
-0.98446493,-0.541861927439895,-0.831197286845029,-0.891471897399378,-1.01635618895794
-0.768234498,-0.464620938198539,-0.638463931060671,-0.92732304499301,-0.88133740426288
-0.673395204,-0.399505055878317,-0.488848308639258,-0.977373077678765,-0.947094051773875
-1.147083202,-0.717370012172217,-0.939830100105,-0.745074262814455,-0.720182774099864
-0.753033865,-0.583879933261657,-0.751218098361747,-0.864735608955852,-0.895739454656555
-0.626383067,-0.423542339740756,-0.484815372807541,-0.88536092937437,-1.00085019659809
-1.275307164,-0.631988109811268,-0.95252094681317,-0.817209128473542,-0.712083809260223
-0.74713922,-0.56094252918554,-0.638344127456295,-0.933382843190414,-1.0456239964163
-0.873405359,-0.552677112210911,-0.632478534925982,-0.789395992175819,-0.962450238238727
-1.208727543,-0.709171341348697,-0.983681621302941,-0.735684159790047,-0.715749636574848
-0.62177471,-0.400643373205506,-0.439055951003028,-0.686442837140685,-0.707710578946863
-0.217390119,-0.20057747433833,-0.0104083526191682,-0.725158635359459,-0.596312343147452
-0.487144001,-0.463053242685212,-0.413498290098602,-0.660645654742503,-0.399999944851773
-0.467311981,-0.396971333668843,-0.414131142364067,-0.526803872734201,-0.6047431273325
-0.793756204,-0.414654785005198,-0.590757124223934,-0.46811852325995,-0.490364438111566
-0.492834928,-0.410185578034888,-0.388364702714732,-0.609765152969433,-0.69233011822888
-0.622236989,-0.522269181286049,-0.528274723764393,-0.675204391735494,-0.636084210537902
-0.714953871,-0.49959152915647,-0.485016329476855,-0.698575152177028,-0.750574620311028
-0.904969102,-0.638645471461051,-0.790928543297809,-0.709866819596682,-0.760868248670122
-0.818934051,-0.525894933827382,-0.611588155070941,-0.796703068288533,-0.859176651053724
-0.830334126,-0.590899789302176,-0.65174884494616,-0.878467196579666,-0.875176019363365
-0.90944069,-0.531252197947739,-0.56965906386762,-0.895495590220728,-0.91528609534231
-1.021615663,-0.626009413394613,-0.774763242909232,-0.849712834172024,-0.889820571273893
-0.896860277,-0.599461642480545,-0.646091404996838,-0.873880829171648,-0.900760994944817
-0.785082982,-0.567602806702728,-0.617275536562465,-0.859323380990185,-0.893619013764665
-0.896479196,-0.669496034631398,-0.68661506447724,-0.912531529223506,-0.776918422471637
-0.695501681,-0.573142726403151,-0.516899640944318,-0.875633960854523,-0.969413522885496
-1.111321036,-0.781111049087721,-0.880350740088979,-0.758289208184054,-0.733579912094918
-0.762479575,-0.644696288990492,-0.612738395790012,-0.802789022021267,-0.844879182000909
-0.609895967,-0.507005210432883,-0.445128639313992,-0.811691783140069,-0.796954050161395
-0.794882522,-0.593842573188554,-0.556441202741414,-0.791978488217657,-0.693611668612007
-0.734946912,-0.639592818261327,-0.582250436615922,-0.754482029109236,-0.796467595640364
-0.845454712,-0.714577373732393,-0.704886707189404,-0.694087505519838,-0.712723694517902
-0.713551269,-0.642071785884221,-0.577030583389579,-0.747509199437702,-0.676530590164177
-0.471099894,-0.431209479192428,-0.361146409840436,-0.773928970645197,-0.775392906220746
-0.829139065,-0.682719822302129,-0.61610947889623,-0.723108054310431,-0.638559343039751
-0.766584629,-0.66469664662428,-0.643328466424168,-0.791497741018222,-0.775456180564334
-0.735904672,-0.640858627165185,-0.584372981351618,-0.833823515018261,-0.864802284299751
-0.962383708,-0.782068222015867,-0.79982910339572,-0.823821161874429,-0.846255804711368
-0.958860983,-0.707932637132551,-0.689240444744004,-0.820296525993619,-0.920038682822108
-0.948517148,-0.74440911302872,-0.724292612442519,-0.813268048231986,-0.826065424750395
-0.675451167,-0.5235681337557,-0.505741581891941,-0.880337685777336,-0.886633832608362
-0.886443655,-0.594949069398761,-0.762870320458177,-0.774313918376165,-0.59287677250964
-0.418323268,-0.413987076794073,-0.274904246373614,-0.771767993347043,-0.809304470937236
-0.763384806,-0.482710525354143,-0.496150610780724,-0.689360428313054,-0.604864731337452
-0.683402083,-0.428474322129576,-0.480258707492331,-0.749927051372515,-0.841279624027056
-0.972556268,-0.580887180017057,-0.739912221451294,-0.696349889042094,-0.792216112374634
-0.957266642,-0.535225880679799,-0.730409541770234,-0.732582287898677,-0.737320804569041
-0.526365347,-0.346192522498969,-0.251671339017356,-0.779264403732947,-0.800564313327028
-0.64872201,-0.422445229058267,-0.313016241363515,-0.771984459008159,-0.616987909822493
-0.620478225,-0.382830822654982,-0.531809225489585,-0.816329805610833,-0.707233229976395
-0.649453605,-0.342794911829901,-0.494312249622556,-0.735592952557508,-1.05324041468752
-1.602139784,-1.01180311388139,-1.48011403310226,-0.726326197769931,-0.726787061478204
-0.808285745,-0.544827323434179,-0.673585274855043,-0.824790136502914,-1.13270981608266
-0.835233553,-0.593286320940589,-0.706000154953829,-0.818372658023764,-0.775539500925279
-0.648387031,-0.438995124464438,-0.391085536555688,-0.852146708119348,-0.736581079966521
-0.608327712,-0.562894356343684,-0.496992984870658,-0.771632391886334,-0.706508237314189
-0.715196636,-0.528104595546734,-0.519922581693468,-0.755711335943705,-0.73305684848018
-0.849214403,-0.648956498382283,-0.602556092624295,-0.753739761028393,-0.768699448003995
-0.837720664,-0.682555447993766,-0.729554049536274,-0.778763956381162,-0.828929791602781
-0.845277112,-0.638335282644276,-0.672305452920552,-0.814728935755556,-0.792830827172518
-0.733361343,-0.601158218629747,-0.57695737098871,-0.853106269481734,-0.842642597977263
-0.839036192,-0.630625091434139,-0.705614456712176,-0.803424139718916,-0.802277301851116
-0.908677475,-0.6567675615313,-0.759790256076034,-0.771313808034906,-0.686902169209018
-0.505875421,-0.436365760561938,-0.344934658273863,-0.796120731987723,-0.841876653837571
-0.784580266,-0.628736220735381,-0.64836367436414,-0.772109755142743,-0.684359405195892
-0.801277205,-0.494535251230695,-0.540877589825114,-0.731181119228177,-0.786553857589722
-0.833588242,-0.543319927506602,-0.668007934588306,-0.673675125439837,-0.77348436952539
-0.783715658,-0.46758071738468,-0.530840729533022,-0.792173384005818,-0.703682203489544
-0.499274819,-0.436894288206001,-0.444035627204229,-0.864471937828258,-0.913072139390297
-1.0719532,-0.549307372226876,-0.814239066706178,-0.685484627968195,-0.687031592213799
-0.923398567,-0.587036429407887,-0.85718121746976,-0.629723380304821,-0.650445160396433
-0.285887445,-0.263952980809602,-0.195075065832607,-0.660275245639113,-0.684638224862374
-0.370838816,-0.203144292595751,-0.152036149294642,-0.676921108672255,-0.592564460049811
-0.806254901,-0.452910149788914,-0.629267623458675,-0.636572428767581,-0.5755366125661
-0.762650081,-0.461019762329685,-0.570398126109804,-0.730684036098419,-0.804641435951079
-0.825684809,-0.492984162813193,-0.615629757741219,-0.770839823864188,-0.933711235304698
-1.13679506,-0.610361133905363,-0.874013674409156,-0.801598209034835,-0.880243268763318
-0.984592873,-0.547751953638398,-0.715766887228781,-0.952210341456787,-0.903741355215358
-0.648428329,-0.414217891143722,-0.483819157751579,-0.922299785089574,-1.05883068948091
-1.208900376,-0.44067899826067,-0.856155078215602,-0.835958409538482,-0.64998648415447
-0.558188584,-0.338140275457241,-0.452387015648037,-0.91468324610525,-0.980852263166079
-0.874505476,-0.536149448548351,-0.702968457360734,-0.714429654505286,-0.607596750108814
-0.589491584,-0.418259608878712,-0.545145093123185,-0.763473798402432,-0.652724175640981
-0.415641253,-0.315094907960085,-0.214196159330417,-0.743156323526959,-0.687576702177616
-0.721271156,-0.417034193775798,-0.572940424619025,-0.843805857283964,-0.673789280335199
-0.838201716,-0.48644124069774,-0.615267425816699,-0.848186376655226,-0.965996487574123
-1.232125982,-0.639745316969548,-0.898864861125987,-0.901935590371454,-1.08897040835272
-1.450183269,-0.656316450446172,-0.973053629094113,-0.895809046123931,-1.02055193393295
-0.891081637,-0.567806632374665,-0.725699482423785,-0.986368775845432,-1.08461090969973
-0.734337187,-0.488893873565672,-0.569645409890114,-1.06006565382902,-0.940737394708696
-0.916879734,-0.606042662781562,-0.740658743397598,-0.930314915807344,-0.829578215423308
-0.88809864,-0.605789372991381,-0.704030420957163,-0.83971722303988,-0.896684346291474
-0.930207865,-0.649252779792686,-0.795695262370661,-0.864561956952309,-0.804227689730986
-0.661025071,-0.450689990591432,-0.431247722126966,-0.919455955448593,-0.987148599678862
-1.087331915,-0.770945920886969,-0.868391369883606,-0.864611004881276,-0.770468265715361
-0.822846605,-0.582774546427315,-0.599288147683338,-0.906916921861731,-0.984839627753091
-0.955697913,-0.621902672058086,-0.712184289153826,-0.930340808272113,-0.853727615455993
-0.785422083,-0.560458935096346,-0.622380613018843,-1.03455204842259,-1.09036861244545
-1.247102873,-0.848781936817096,-1.00393133544011,-0.880861104375765,-1.00500064768369
-1.267920095,-0.544198729455013,-1.04254913956677,-1.00597541660421,-1.00263924617707
-0.724184475,-0.382439739275573,-0.641146203571323,-1.16148893206138,-1.32196374714767
-1.481426845,-0.580676315211619,-1.14055878456093,-0.846903504882258,-0.834345658094519
-0.991170006,-0.365865866087939,-0.754362629289911,-0.863480262711569,-0.764679580836591
-0.014932534,-0.127718985326342,-0.0572597326384416,-0.936304711077695,-0.981076760776773
-0.937950973,-0.325416990685312,-0.659415142401345,-0.861006326407612,-0.469763946375118
-0.717528557,-0.403087456338784,-0.508465943445119,-0.921754135965336,-0.943387172581505
-1.016906744,-0.537165513077113,-0.705045923179006,-0.787810096726711,-1.03230894208567
-1.419257385,-0.716259169049963,-1.19022644186112,-0.907283503962862,-0.90356795956096
-0.792495457,-0.494431565382606,-0.598226422252903,-0.931913477442759,-1.20691471026044
-1.075197807,-0.669633559543543,-0.849394983723777,-0.988498518583772,-0.929536275057441
-0.892954612,-0.535966552748734,-0.60901208678431,-1.04911250129331,-1.26773300105695
-1.55661285,-1.01621656671894,-1.27447555051229,-0.987346621913243,-1.01418117801518
-1.123031521,-0.734971316644841,-0.949864237996747,-1.2259524262549,-1.25673417470997
-1.022653687,-0.565450910723805,-0.719762928328232,-1.0839138018078,-1.19911147647539
-1.2857726,-0.762915766550271,-0.968814421127182,-0.93950114879296,-0.961488188356658
-0.903052763,-0.651443785821615,-0.773060375365689,-0.977724698284765,-0.991710157256908
-0.691258605,-0.501003366685204,-0.569288078348997,-1.05355133875433,-0.964759232981179
-0.957260426,-0.609569653258269,-0.734033148467955,-0.966340977161533,-0.901442543549469
-1.116064152,-0.512507205222955,-0.769958830421835,-0.83252000199531,-0.873145477477165
-0.82267443,-0.425308543529777,-0.603315187472456,-0.917434813958256,-0.956194225452086
-0.747341093,-0.465522659634335,-0.713330566206491,-1.09793888935071,-1.064580188486
-1.264627411,-0.472934187504874,-0.750916006142153,-0.976428888182862,-1.0218919748676
-1.313994888,-0.605832464368176,-0.986186496210325,-1.05651163046667,-1.13583696851038
-1.016075332,-0.564000051356738,-0.873825192588955,-1.23814287134258,-1.37554968482605
-1.507777814,-0.771003654767982,-1.20668517555816,-1.12547431042854,-1.10922646429344
-1.214174385,-0.804871958081459,-1.02103679349162,-1.15725076253872,-1.14828315299667
-0.801354723,-0.37351325894124,-0.480143140697164,-1.20847135992307,-1.20773819133605
-1.183301617,-0.649729932164883,-0.984958562431083,-1.12189580502153,-0.972593747057082
-1.121800395,-0.880788743304434,-1.21176824466288,-1.01011859200748,-0.979035687845458
-0.772416721,-0.289782268226138,-0.446831692806141,-1.0255957265046,-1.11352855203439
-1.066080318,-0.445504002822764,-0.779414974244177,-1.06380816548828,-1.06888690851405
-1.371556353,-0.638658608315992,-1.08026975985717,-0.972582928544728,-1.00431363002253
-0.993653514,-0.452990882667764,-0.72115517728899,-0.951924475413115,-1.10725315580056
-0.926810668,-0.402556476283685,-0.678951757722968,-0.895045925718173,-0.875947654154151
-0.754546175,-0.293843339909126,-0.401233224307567,-0.885101345537619,-0.698476234505921
-0.400013861,-0.244968577563229,-0.230298844535333,-0.898955414900211,-0.76763337206112
-0.644608818,-0.268988855525127,-0.448941728180036,-0.894557013406246,-0.910038169080334
-1.387342996,-0.638066613123979,-1.02788426163544,-0.947028993921846,-0.91955645705921
-1.212771362,-0.649519888910062,-0.910508793059747,-1.12505645620012,-1.27519751482483
-1.239342517,-0.614199923996891,-0.958513256521544,-1.21530130218846,-1.361520472613
-1.550463954,-0.842478064719537,-1.10191967472687,-1.24504580404909,-1.22993038416221
-1.244437946,-0.762246266027691,-1.06476808825852,-1.32630703694882,-1.30292409363626
-1.028312169,-0.616198355950081,-0.783548101818435,-1.36853292068051,-1.40273310226511
-1.588056699,-0.861191901793024,-1.23975096703168,-1.21162680557177,-1.10743426071502
-1.184008489,-0.688236447185305,-0.990336880780916,-1.16591998241187,-1.22801817625687
-0.929400991,-0.580949925834152,-0.772243817004318,-1.22547204987858,-1.13713817632472
-1.011460022,-0.675909745384712,-0.832191201743812,-1.19490444701456,-1.09300957622127
-1.237485087,-0.783895381828006,-0.957103785562179,-1.08188139082516,-1.03386057766665
-1.020746963,-0.690069144865132,-0.891166747512463,-1.15536675015573,-1.24847130185531
-1.309774872,-0.883436995760797,-1.13991183408125,-1.14650043593131,-1.12673825411466
-1.199128035,-0.694427664641062,-0.900580741440679,-1.18857365987333,-1.25585389273625
-1.2715645,-0.88403812941805,-1.08911992438394,-1.14006623981177,-1.13934550606143
-1.09166724,-0.819722404265001,-0.997856555658113,-1.10661250894032,-1.10072052188858
-0.992021619,-0.725723472542442,-0.87914386924752,-0.979593870425363,-0.878401940677735
-0.613346262,-0.480499375394777,-0.496777368470612,-0.945611099142038,-0.899567373441266
-0.802588669,-0.444589688084038,-0.67981111819496,-0.699509477637468,-0.690083999506564
-0.751080355,-0.476496359320082,-0.665196383797654,-0.826263461090388,-0.620972379109908
-0.280749894,-0.327102122636015,-0.22970360153836,-0.896199055225342,-1.11204251447726
-1.521393765,-0.807200965192157,-1.30706862605696,-0.653849741714889,-0.759183708726627
-1.331450345,-0.685716120928292,-1.10851726262664,-0.732771336505008,-0.788574360068478
-0.148751915,-0.0892740728856287,-0.0800434793108406,-0.848504822782799,-1.01611251904592
-0.676931732,-0.365124842332665,-0.488637282604129,-0.614144630666572,-0.573578075933126
-0.90740007,-0.478536672180356,-0.708403651328318,-0.613269300230396,-0.476996461884883
-0.15791045,-0.262936354141226,-0.30241044959508,-0.841933941574119,-1.08399014867498
-1.308164536,-0.865963059039588,-1.1241912425564,-0.633664486748977,-0.768692824127555
-1.469942876,-0.969492532015873,-1.30128025080756,-0.920401535732638,-0.655820159272608
0.033581577,-0.0201236616858984,-0.012825828516518,-0.751029683678983,-1.34026600254293
-1.352879535,-0.840405593177346,-1.16342994619509,-0.975274359536534,-0.453421883089297
-0.700095661,-0.349999743954252,-0.532578647176391,-0.720591590987335,-1.01223046830042
-0.82151084,-0.600039433746461,-0.809321426401499,-0.783545772727191,-0.880895561391274
-0.960824584,-0.577440370869868,-0.766639238088254,-1.02354083079036,-0.984662520150953
-1.148081652,-0.717071737632241,-1.08322593956023,-0.882061715185277,-1.06707218615999
-1.269159471,-0.659700195381979,-1.16625442355462,-0.967083733546217,-0.946714846321935
-0.744886036,-0.435059964654109,-1.69496894804323,-0.991709076460559,-1.10136833602601
-1.058393518,-0.447998157917446,-1.10417843302039,-0.660455725847061,-0.599310048640269
-0.580082049,-0.24237572527038,-0.564505079976469,-0.410806991526878,-0.129577255854684
0.886742143,0.359022542012452,0.876510080658047,-0.421387160731915,-0.291098613826013
0.090899893,0.131288884941733,0.439539088378444,-0.261099446731758,0.284994893920997
0.012868657,0.345096677775158,0.195708935078894,-0.243131909748485,-0.238199417968983
-0.59593762,-0.344800139982153,-0.646370962854588,-0.571840953111887,-0.467373215424472
-0.940614665,-0.41551599089712,-0.943938729022539,-0.469290089175406,-0.825826158914483
-1.31808584,-0.407192498455885,-0.952156125617578,-0.354575927999607,-0.538555981471377
-0.197183921,-0.209434030096118,-0.242478942460314,-0.854357580657179,-0.741836520661116
0.030414016,0.159496214284113,0.137643476032898,-0.978835923613205,-1.03706875705571
-1.814110361,-0.876492735932622,-1.5462253785624,-0.882846313315199,-0.602814347555475
-1.201179837,-0.70896894825756,-1.49873089579846,-0.567996872533333,-1.29709655868684
-1.266115191,-0.376158752140419,-0.9431414828144,-0.57649113310226,-0.53244082373554
0.265210315,0.235579098528951,0.386873353566602,-1.02101012476177,-0.75694080478737
-0.061701364,0.148562052358799,0.223435016935581,-0.888995149412208,-0.639762257103038
-1.272284958,-0.638543588561912,-1.17790067713987,-0.916959176030346,-0.803186591689703
-1.648658326,-0.97484661807918,-1.50187981195156,-0.864204769767558,-1.07047809847361
-1.039857914,-0.517617781115311,-0.889577917551688,-0.98101843233942,-1.34432558732637
-1.277378766,-0.58229836699418,-1.08189988751091,-0.948434896859288,-0.686257957671376
-0.150614858,-0.331183700138972,-0.503221968743768,-1.02404652647401,-1.04691104938111
-0.871405594,-0.423822937883435,-0.737424786913073,-0.789466493136675,-0.489687314219582
-0.655809384,-0.351304083414229,-0.586474853246413,-0.598590975009538,-0.746989217912029
-0.894056343,-0.192602915379116,-0.786002773625291,-0.460842259099759,-0.157735064911891
0.699089577,0.50020183735113,0.748032724208084,-0.983403352378209,-1.21130358486965
-1.6232145,-0.269167763436713,-0.618916929894661,-0.65470392751611,-0.372617231795822
-1.23355781,-0.430172826625343,-0.983626420815821,-0.93780998901471,-1.19461185668769
-1.040455954,-0.40187361649823,-0.922860842929517,-1.01266588980171,-1.27166988382084
-1.397173888,-0.420704952796282,-1.10641969395143,-1.05900414120074,-0.904314959484388
-0.684214615,-0.467837816703594,-0.733523268830115,-1.16930917433346,-1.19370656785006
-1.019618125,-0.440825346551349,-0.738678693369163,-0.975379540219238,-0.966720220906577
-1.280127092,-0.781545965312374,-1.30028787780295,-0.83690091844305,-0.696314571307538
-0.413599722,-0.145790629102982,-0.191266449095194,-0.836818200317187,-0.808677386170565
-0.349811419,-0.29038195714383,-0.308269573967397,-0.996128880280027,-0.528431213611551
-0.518491048,-0.210649716869865,-0.268077025739874,-0.678402715956552,-0.377804246447076
