630
2.78140892,0.453737609180807,2.40456578103429,0.599399553581691,0.477009944231026
0.371283148,0.205452994536391,1.10188972389388,2.09384961214542,1.85974757525943
0.938751932,-0.472330145693421,-1.0883304734196,1.23099285135465,1.27751290718412
2.187556968,0.484434294448628,2.31271229873535,1.69569308859183,0.437997900689355
-0.41210192,-0.44124955216894,-1.58169400054369,1.26329951109893,2.08561794245859
2.410723668,0.467284516509853,2.20226333138674,1.40062767520838,0.39748024212747
0.713987453,0.170352469655688,0.665662218625789,1.20030487055631,1.81834243349317
2.162800439,0.61755964737011,1.99918881843166,0.877184517355987,-0.353786907915485
-2.156736406,-1.20286449325569,-1.98335529581323,1.83377027212372,1.69681828466652
1.167695937,0.635446482753566,1.08421675175123,1.58157395913172,0.650139070972493
3.041920209,0.778188713054664,1.94101983263254,1.62028834708023,1.22015517043363
1.607132147,0.949854430334298,1.5832895284621,1.57873946502445,2.39089344613612
2.283875327,0.751819996605355,2.09393400792768,1.67662190587292,1.35368440053355
0.990542966,0.636325878990832,1.04958041433637,1.83163563913913,1.41794996996334
0.447554027,0.239845627046348,1.12249602030054,1.8722715070709,1.41531843512336
1.472689507,0.330120845370559,0.953247172625471,1.70654440431912,1.63039524819744
2.959879361,0.664929415434655,2.09014210403003,1.18347237497341,1.29576439668076
1.160391753,0.620615475022107,0.803792152500677,1.78512099237915,2.25869878540915
1.759951867,0.316255970943116,0.582721942873941,1.90638547526738,1.71415384017643
2.065602849,0.896177675869652,1.90296360636975,2.03030522139936,1.78225805804549
1.852127812,0.883696256204296,1.76811241275971,2.05727486020101,1.95631607740912
1.74387193,0.722219930914641,1.84629834512251,2.09696889026795,2.33390166061189
2.921513423,1.17622026610106,2.6359887004198,2.09649920600799,1.90980694671555
1.889380929,0.623435893060788,1.47833798732139,2.32208676681684,2.87381894165466
3.171937293,0.621750432431848,1.97153462259459,2.15721427950547,2.02071273247354
1.959934736,0.896510589009352,1.73103718367652,2.56806654235873,2.69025686374465
2.430532639,1.09478234652203,2.17904911584903,2.17695366450537,2.11003249143793
2.280716102,1.03509891691391,2.06054904094711,2.27778059759529,1.74373147862107
0.932463358,0.381694121258024,0.529075394721109,1.87335131490418,2.1867227382899
2.247167556,0.721304791779279,1.75967555135613,2.01643327117596,1.1259030891588
0.847609271,0.755316781459609,1.12069738668013,1.88095260209283,2.35485155258965
2.801814948,0.924678886363989,2.36056576225041,1.84454108986285,1.3410583654066
1.527095751,0.664644835671881,1.06195387387391,1.77828876809055,2.44003386569618
2.526831678,0.713295576315346,2.25255517229294,1.60964835707095,1.49155185287084
1.451874825,0.664558802549701,1.43435490170552,1.53293493725817,1.4348550730783
0.444224096,0.472495652594085,0.964483382758833,0.801728114684502,1.10513868443836
1.608207977,1.09261360581363,1.58022845684886,1.54102369625466,1.3875036522989
1.119612039,0.881835136190478,1.39157425043508,1.72247433902125,1.70948078513834
1.76689757,1.12999216104791,1.67485886128955,1.71054222830548,1.65409369248014
2.150149028,1.23846258756549,2.11882779190904,1.59033999804943,1.80340158208091
2.042429755,0.901010633869343,2.07463120815217,1.87085953616045,1.67367341421602
0.829244368,0.500612342276822,0.765233740586728,1.97375440511918,2.90008010617244
4.195277627,1.49273309674187,4.47570414402738,1.544504801003,1.12596647389812
1.202043425,0.512705395294439,1.53896039149264,1.88201064176536,2.58630716292504
1.315596128,0.783884500526741,1.76511840122727,1.99881830894458,1.91076147582704
2.264197609,1.02257760959997,2.60776738300828,2.13416733909637,1.73601331843404
2.119209468,0.86465417223698,2.13298017457218,1.68414785486336,2.1158323312406
2.241592917,0.942616400666973,2.14665484134889,1.63133162698561,1.72180630459336
1.428052118,0.255815101762284,0.774573513918716,1.75754557116762,1.47541314483041
0.510854995,0.401645775499968,0.454933015833148,1.92315476465634,1.75164369312746
1.963956812,1.46629529226931,2.04745804007476,1.8699974844994,1.28827130379067
1.907687284,1.13902865566381,1.80623024456743,1.7290361925353,1.84702977760517
2.118888927,1.45165463420174,2.0111531158348,1.77093412611418,1.35581947720742
0.605498325,0.28414577457037,0.18335906669184,1.91926347378939,2.07578916669095
2.157385081,1.23989176795455,1.84473142806931,1.72481999859942,1.19245937598704
1.52823318,0.973467344859593,1.36169045233095,1.8010423433131,1.84136920145859
1.689501797,0.960279333384682,1.46493181413686,1.67408135952248,1.75868587839577
1.971940698,1.35752658346632,2.01981983952875,1.70527057534289,1.66597499739157
1.721730658,1.18812600484743,1.8190062433333,1.69656710789554,1.60872220059485
1.173617478,0.854616245765823,1.20797506591968,1.81242604855285,1.85120871421661
1.963608941,1.21674267050845,1.80088991707681,1.77531226636917,1.5657574302159
1.885713698,1.1985411319444,1.65322654055305,1.71828759410193,1.82324132129681
1.838128412,1.25460788026969,1.85708284317922,1.64064193931795,1.69395900065511
1.602535222,1.11983853016737,1.61390908133977,1.70449455272138,1.40290481245331
0.862192248,0.552305138759235,0.660230422480821,1.72034477359347,1.58065020666649
1.449848413,1.17378796646338,1.46928056555035,1.7088960111452,1.45640221007446
1.879382278,1.32077024995744,1.87731368989134,1.6789156373757,1.81173193186761
2.338925914,1.38437820473986,2.18600763799248,1.62912524509725,1.75623017480638
1.685125212,0.938712408369361,1.60671462289586,1.8917703927151,2.04854021591234
1.819813289,1.0958012304685,1.87904566322907,1.87707078557266,1.85680138380292
1.97801725,1.16633731837154,1.83833491222981,1.83906423982859,1.7766278440097
1.710671969,1.16741057393649,1.80639471532615,1.83529898612597,1.93204741492156
2.011675792,1.21803424506556,2.03643284172375,1.6504226710128,1.54315604688162
1.495646132,0.830458564202175,1.30065854666032,1.70691572017962,1.21272118515124
0.20579915,0.180976427468254,-0.0265064819341,1.79993260812896,1.71243853477881
1.834301488,1.01311074781739,1.81015949528875,1.49870704561875,1.20014329109742
2.083699742,1.42439673050148,1.91168658049211,1.52555606014658,1.54065380538068
1.318853936,0.730155970123374,0.961065540756248,1.64707448447086,2.13961560201844
2.349112072,1.22884196513553,2.15502213149077,1.69100622551721,1.60560614428655
2.009962036,0.979060117450997,1.76436769362903,1.4626995458995,1.37056143373039
0.596523024,0.209121345798003,0.414025072613558,1.59158267091392,1.09974579703314
-0.285414294,0.278197400348684,-0.0366547022438925,1.91509620950277,1.74690178891404
2.767047913,1.23019979806523,2.05786272665098,1.53654806389919,1.03521946740252
2.212439684,1.08019991511724,2.19378960847209,1.75433573478513,2.2024077178269
2.075542547,1.22887333634767,1.9555648270624,2.01519688639012,2.13742631966117
2.071638002,1.28119990777042,1.96785078812843,2.06655227655828,1.99357460131189
2.096420597,1.36940496703332,1.84450981449149,1.85424093050201,1.39238103498916
0.558959223,0.455123500429125,0.434731126149219,1.86680930411706,1.82650845250103
1.516431221,0.971073299269822,1.28429975575709,1.57314636375133,1.29657623755317
1.886427954,1.17138380022902,1.62813910737665,1.47004281548062,1.37244588518171
1.285711547,0.667221823037721,0.962565913125145,1.4608244593485,1.72337603060545
1.561482642,0.859084432310202,1.20376698825644,1.74030733610944,1.699044492235
2.000708358,1.15091584529276,1.84533178757206,1.6739350264781,1.87432685762042
2.382899006,0.867738574323152,1.68971605710932,1.65916222254112,1.6024864565473
1.106087666,0.663721321249083,0.951336325421424,1.91420506346063,2.2721633648595
2.299107316,1.46023317497277,2.11797224417825,1.89152150262419,1.56026537720544
1.80791251,0.992523531699991,1.66862317335884,1.90611821862229,2.06181403788077
2.009356303,1.30330004461418,1.89337823696719,1.90747546487426,1.82364241945216
1.704726058,1.0611426009324,1.39500093400423,2.07057870624391,2.12478927005896
2.310516907,1.16501640198849,1.83736178866527,1.92353164490302,1.86960532916149
1.983669884,1.09769181284257,1.64140542706606,2.07102478313559,2.1333447074991
2.04135803,1.31061382384601,2.00111153746257,2.02081071612361,2.02802856201676
2.076099691,1.21212668307994,1.80896744716158,2.04035985171963,1.92347916601293
1.79210007,1.00116237431367,1.38845435189993,1.94807852268081,1.98693149733915
1.928217225,1.22776401865867,1.68411498809838,1.82022211504816,1.79847107077476
1.87357768,1.03099169262933,1.48922003504065,1.73267744851576,1.52551292569774
1.078610022,0.843190863294331,0.914471017532753,1.7578850438749,1.67389697668362
1.373552337,1.01359049013128,1.43377219315993,1.77941123937405,1.60151822534398
2.019941448,1.19683820370404,1.80500893273013,1.70004353736883,1.63145544875137
1.923387687,1.06465291961681,1.55396823181314,1.71143817559882,1.89537988248333
1.873227646,1.0185371591066,1.48195885957662,1.80745408005248,1.89256556114668
1.910767125,1.10743481665795,1.52925089559111,1.78427132301753,1.73436266860344
1.609949149,1.03910713654898,1.4182032599952,1.77099400760606,1.68539184979457
1.412752114,1.03586128697315,1.46621198225177,1.73517486708822,1.70588370637423
1.978455484,1.24355514442759,1.85913022130221,1.53010187391289,0.976680650377702
0.31789546,0.246526866134745,0.269713281958321,1.73780115952557,1.73047760570061
1.436186334,0.706902535730648,1.09893012337433,1.41923039728455,1.41470451915737
2.501472711,1.2053267106504,2.01481838411607,1.51590948269255,1.14564626846199
0.82346512,0.541023244959271,0.632705818436067,1.59665408534024,2.11893049011632
1.934346316,1.2163180460152,1.71522837355045,1.74720691979749,1.42988775438106
1.876297522,1.12031300918888,1.68481489399586,1.77670857144269,1.6231795708751
1.509840212,0.87155327578788,1.23981461787671,1.41983762205533,1.47141280423994
1.057046539,0.795556042071859,1.06005620440754,1.59165966633803,1.37903364512948
1.115089673,0.805280972094228,0.910487300907768,1.63964236314256,1.39030853193443
1.562567332,0.993291970771739,1.38013246494274,1.72860038699343,1.62411003662392
2.051094186,1.23063640059416,1.81851028267085,1.8163990133663,2.03771802468269
2.662114976,1.4148835827311,2.10338613377259,1.88527849745608,2.03985767143802
2.1262592,1.19236183734912,1.87314668038043,2.13294057504166,2.29434765460069
2.1255163,1.04412566044563,1.6989537556292,1.95913590433649,1.84210996318003
1.559471705,0.963767741378155,1.70101700762124,2.05191954842152,1.62649776345921
0.919403219,0.631215947102695,0.880103983799665,2.11407422268855,1.94333927045401
2.216688101,1.04659040098991,1.84594934417119,1.94348950547274,1.70284821372132
2.399499975,1.19551822644676,2.0618541088411,2.02745143184588,2.14534322298508
2.226202925,1.04238796103362,2.12356715985478,2.01158746411659,2.37279704651097
2.54432828,1.3234132077291,2.0706222518846,2.01413027698547,1.91385794058964
1.507166061,1.10019212749192,1.58650963266785,2.38524468119718,2.25825349559477
1.898316885,1.0451543931616,1.89000958026869,2.31697448366508,2.17346377274371
2.71827825,1.45198033141013,2.27704136970314,2.17681562528424,2.19867828194737
2.586431164,1.22135419430766,2.04227567643122,2.06553674723992,2.41775238425808
2.27804732,1.43242042925267,2.31092481656141,2.29784496097548,2.32447142545158
1.971690126,1.05607734912203,1.84934652803778,2.38990280622871,2.44910481846105
2.696763586,1.58649203922068,2.43284266751515,2.01887667225997,1.95084596894771
1.970532757,0.895940231212356,1.56925889750939,1.97827451933743,1.97159559378993
1.219622775,0.85705952408636,1.24239280926095,2.17149494007119,2.06752996089909
1.998106204,1.11078727120054,1.89590965154945,2.08259433760387,1.91439134958673
2.548696273,1.36569579942923,2.50356482174765,1.81941942993712,2.00392194040818
2.20185491,0.857184899902617,1.94340558184385,2.05400431801361,2.01217552559467
1.38675166,1.17089202355966,1.61252869285937,2.34548062226323,2.43346739053352
2.698625453,1.18600751139321,2.50527503528846,2.20964136924838,1.86983425619559
2.244562987,0.805519072837962,1.92387639072983,2.11516492497028,2.31764259093077
2.180563031,1.09132909595762,2.11556852296291,2.01631292318018,2.01199415585714
1.766072083,0.845930392299263,1.45436877354348,1.86257139516937,1.88743661461422
1.594487464,1.0581412580384,1.60165099260637,1.71936835020079,1.65922432266232
1.528603206,1.06939114651537,1.63942930687381,1.72536811112335,1.44363368728742
1.106963896,0.581040783656541,0.821039891957935,1.77877704939533,1.8267188053177
2.151836299,1.03017055965244,1.88804349634993,1.60265076844029,1.52169879498736
1.938726477,1.04119509742073,1.68246432645351,1.76143226534096,1.74608737211498
1.351797869,0.789722448288002,1.30201069403687,1.79032549731012,2.10193117557665
2.373678878,1.32171740631817,2.04631037979915,1.91054193429109,1.51165920887668
1.491272437,1.12615063767538,1.61003999672521,1.98997157016752,2.16505472398003
2.101997841,1.39780467115591,2.15184552163984,1.96781419667111,1.83314111467083
2.136084685,1.3502587480566,2.03822464707587,1.84906282400305,1.84003790482367
2.164962142,1.22283007612456,1.89300677306104,1.54988071260261,0.435575253345273
-1.77517465,-0.998956220294761,-1.56741100206059,2.04435859895546,1.94763220672042
1.651033013,1.06144120952016,1.62308833941012,1.91913764335772,0.519352243633473
2.199642416,1.29080240833266,1.82519807663292,1.58990348214803,1.79439311155316
2.516387574,1.19681673096995,2.06897982179029,1.52849747139861,1.77434201787263
1.395659772,0.765731981808988,1.41158168251134,1.9149428712582,2.25318755068716
2.178877312,0.898241004706931,1.73622635231841,2.02212428195713,1.46777862601072
1.135998255,0.611405884782683,1.08186564421735,2.23102216105413,2.43169947217584
2.851681533,1.49205124829375,2.40813911280825,2.00673256206408,1.81959877786181
2.341785062,1.2252038132684,2.11484726589412,2.26196550311989,2.54238296601298
2.537853953,0.908883673590848,1.9291113421982,2.16358751428387,2.23089792166446
2.064566777,1.19176980435839,1.97692637934312,2.38481307525098,2.33758026802987
2.148708066,0.947025369277091,1.78131539987467,2.35632464882568,2.17973015125071
2.128195039,0.712309454396477,1.62960078020872,2.44406732150253,2.46778491229513
2.894735946,0.852520257810023,1.67309440926613,2.18532993904181,2.16056084794332
2.14981916,1.06363987164937,2.14881502095216,2.46491222578124,2.5998229441282
2.419906209,1.00457685529457,1.97124734711685,2.29762157084739,2.33066193936561
2.586185464,0.870305384118758,2.31048632253892,2.19770042859041,1.92576671409125
1.747613269,0.737578085423873,1.60650936964235,2.19033930796116,1.18632373067252
-0.613736741,-0.59437574944988,-4.23882422486339,2.31001878092962,2.05851262517899
2.208650196,0.0176193050734799,-2.662801193538,1.75896169744871,1.11465741139761
2.588488092,0.915223766172895,-1.41556907133827,0.893922231780632,1.82249898050203
2.186845613,0.659780173987996,1.94790379844489,1.243652984245,1.05507563669479
-0.856981795,-0.755793902869489,-0.975755293139117,2.33718289287522,2.32315226671601
2.461451305,0.998865074477372,2.02857023214708,1.71501832485928,0.882422957230686
2.23992982,1.09393047381038,1.91502004524049,1.96215904607269,1.86630518263261
1.584315055,0.26792619327301,0.908135393923402,1.92408693163701,2.27978630672358
2.324961515,0.693315716554977,1.8572866460453,2.22624950398187,2.08705886344697
2.49698596,0.485420746405202,-2.19495344525392,1.950148103096,2.35963928942362
2.737943215,0.972702419979622,2.47543380878373,1.72216015531713,1.77536769113264
1.043919088,0.20195892105405,0.385879752012452,2.0963362531815,2.03672821865052
1.190954687,0.558325626818494,0.95288057213789,2.05730319909703,1.86383043328429
2.502273612,1.15026175386083,2.11735464375937,1.84498827348969,1.63336991028119
2.00959262,1.33747432247692,2.03958924665816,2.13003279346832,2.32899264240027
2.349740529,1.15896543947605,1.94165540050181,2.09912925117849,2.2033153592338
2.39420766,1.28739684636482,2.00268597876665,2.27539009983403,2.21011019654369
2.067502371,1.14539199800155,1.84475006683853,2.14830640074195,2.38194750568258
2.527742057,1.16777482286349,1.60531818193506,2.10117154454195,1.83838450839848
1.452422721,0.628162985560654,1.00896857918449,2.20420709470333,2.32489611097
2.230442136,1.06525017499224,1.90587885551936,1.94905957329258,1.76261303376316
1.906022592,1.12057047927868,2.08967148267251,2.07120928194559,2.07006513779902
1.977010034,0.86062564954197,1.77325005596885,1.87983905093587,2.04723743574619
2.33746241,1.12481734928956,2.23030900463533,1.86175094277756,1.54255219457036
1.039771927,0.490118136198518,0.697177972847346,1.36983765899871,1.90723879514916
1.897829882,0.661829924007026,1.69662471703961,1.24695766449885,0.342116205458275
-0.84432494,-0.297058602031585,-0.720825624289131,1.55910846055308,1.48499095528849
1.061662335,0.66345096263229,1.35049744511493,1.28507747227456,0.677385743213547
1.870187037,0.791804393635218,1.50593641574243,1.11063478443015,1.1290056002043
1.455874278,0.526476984607603,1.17330573967269,1.204195800375,1.47551133969036
1.116015268,0.544672940764762,1.03863710945447,1.30456174898696,1.70544670917567
2.155083517,0.800625691630103,1.67720275601603,1.3843047362943,0.867338035423149
0.27977866,0.458842506043852,0.247715659686425,1.60106771922091,2.08458710655271
2.300249278,0.767248875526408,2.05324602088585,1.08590009712207,0.956001082788873
1.621639793,0.424595475755873,1.24920432594681,1.24311881151166,0.999846191947285
-0.333455313,0.205528155321088,0.146859058418669,1.33662659978207,1.66582364719885
1.642627741,0.558079892366533,1.61162938634588,1.36128412290293,0.823321548402336
1.79688886,0.653011481193769,1.33401948542264,0.794156682770421,1.19642090751679
1.158495732,0.465543699873497,1.07718275085624,0.924939583813063,0.922634338977994
-0.172224058,0.0505448973548079,-0.273212552116638,1.65153009321631,1.47448448284168
1.641178902,0.452246560873626,1.20559083342537,1.313183406376,1.05014466593135
2.313834115,1.02299319143813,2.03760902908276,0.821720444093133,1.01135838677445
0.977951676,0.496042218696961,0.772967718496125,0.986367581228515,0.389881179009837
-1.961422104,-1.40160435952619,-2.1790514504971,1.88042912485802,1.47956039018416
1.560369514,0.599379025336256,1.35331925829152,1.55536889244971,0.836291136672781
3.406450143,1.4594397609774,2.68815786670921,1.4517129857502,1.45334861363347
1.649610468,0.575053931732913,0.268603307468646,1.65721921451636,2.87066602460856
2.955898681,0.987245792288631,2.14907859072201,1.57670279011658,1.49003378128174
1.315995395,0.141761767234442,1.84549962870508,2.02099579612234,1.39723873856759
-0.059650147,0.160100656813232,0.066279122271318,1.25694990577386,0.947152435174457
0.355796988,-0.198971145066678,1.96156328029499,1.42800631880265,0.27114435175974
-0.013515538,0.168569318791966,-0.690413314033903,1.36942694124164,1.41166112091513
2.224833864,0.290039977458961,1.98517815546237,1.87306605174664,2.0284302990037
4.322242323,0.756913107562332,2.87948741351038,1.56489063309369,2.09853066742277
2.420948549,0.694903231631348,1.64570162710247,2.07306935667846,2.78772995836246
1.498734617,0.522958845438077,1.38644779172727,2.20748699214447,2.46906871591119
2.632944547,0.965517854098809,1.9624705591295,2.08498608535498,0.996408440845689
-0.054065732,0.212243044234313,-0.0295276074459804,2.27196900455021,2.46831008477288
2.468875946,1.21629165679644,2.30096592413878,1.90414898188018,1.32748613735362
2.449994709,0.977972149348137,1.85954184202508,1.44694144327213,1.89134494899927
1.977264033,0.474034371910597,1.48710280544759,1.27999480204497,1.05082658954963
-0.752032249,0.125400476831797,-0.40627913283715,2.32755631694861,2.14205304661016
2.137184567,1.2014437280491,2.64160399885267,1.99665017719114,1.25376105169183
2.818175828,0.718017551668117,2.11626348521016,1.98553033273381,2.36725575698024
3.036258173,0.636854690637672,2.43785427845161,1.88056791612216,2.61972821367359
2.743873986,0.981822415159428,2.3930542669352,2.37162510370964,2.31213652132411
1.563164076,0.267420511965631,1.04612568893846,2.20082120480325,2.44205880361289
2.345217869,0.765479994396177,2.15359947846901,1.84412438746489,1.24368880516745
0.54958821,-0.260996248928255,-0.125360539979038,2.08979995534479,2.04271345082629
1.740401544,0.548118524294174,1.25600521488124,1.89903165244513,1.57197515083976
2.346024557,0.720851367795927,2.09643439528453,1.76342894865839,1.94830368230047
2.562880292,0.698506884501752,2.41157869169107,1.45989433959144,1.51037903308893
0.723736199,-0.0422784496122382,-0.355150058215814,1.98479189818131,1.82861418078193
0.994061484,0.702686318815847,2.91237327324322,1.95828368094232,1.4916578099823
2.071704847,0.448023776387409,1.93250009966455,1.43233791583585,1.26429432881761
1.629216228,0.269240160808794,1.29173091371969,1.39517581235278,1.45497757346806
0.886476967,0.512673237885497,1.01367166884921,1.63429391370945,1.65712077464577
1.665774861,0.608778833417813,1.35838731010015,1.57327949423528,1.25890753012648
1.492692287,0.607445475520823,0.964715821446261,1.6299228884235,1.59973164507667
1.566637693,0.524794934294365,1.30940077466195,1.6036776283028,1.75614903659823
2.103641245,0.911299058798573,1.86462142725262,1.66731152705955,1.51312952356639
1.39332139,0.820201892915477,1.67690742049571,1.78947240907064,1.96010537988626
1.963436995,0.896406049211834,1.58544068244829,1.76581158208943,1.50916025861942
1.440780349,0.800586810845295,1.28425345216966,1.87399923574196,1.96609463409116
2.114617083,0.842503665454266,1.8871459514143,1.63706238760908,1.56258734574134
1.590024752,1.07974108413344,2.29824882822647,1.96682242827656,1.89585205943925
1.718368516,0.599023141628156,1.1998754577479,1.7466517479838,1.85217041550472
2.27089585,0.909184833604158,1.96301868663718,1.49135802721876,1.25082001652067
0.978086796,0.364918956711132,1.10272482967658,1.39133264472233,0.964271579084481
-0.627847873,-0.238928525786787,-0.704367004548223,1.79532970507222,1.49894090060513
1.817037726,0.626390805221133,1.43263038752008,1.06665307493121,0.800330555071751
2.242886937,0.681943098688806,1.69823148945264,0.461101157739481,0.925783023665117
0.418735798,0.0416057188865014,0.099736707099119,1.00200983802627,1.08167569539886
-0.349385169,0.263578203719778,-0.0531571185273687,1.78449710357427,1.43811454938757
2.207348255,0.642983298945186,1.61433166679894,1.67392420338374,0.984170076229037
2.245985228,0.585767325686605,1.46206256402182,1.21523878848387,1.77317306697946
2.315707988,0.698649183902659,1.73634405652341,1.05790058406859,0.196259808086101
-1.793463233,-0.376048962599506,-1.10095425520839,1.08771235103031,0.251692120973839
-2.336603001,-0.95001768043257,-2.19909036208669,0.492002063196742,0.0541435757628081
1.404779304,1.00371062347483,1.68604921812969,0.884739471953946,-0.766790407172008
0.291117935,-0.593316822764893,-0.648009643462998,0.0594375785241863,1.70930062625528
2.649575751,1.18104858977511,2.62834518992717,1.29044229535427,1.17920552148907
2.491850836,1.06220331194081,2.39539932800531,1.98471622942862,0.696298253595297
-1.552646908,-0.765413098358029,-1.87495523424666,1.90740613856141,2.57824381750264
2.6961235,1.29291894084034,2.39715854184394,2.4509626629481,0.858308742305237
2.314471721,1.10773075535554,2.02789265967165,2.41177579864406,3.40550108603218
5.100164561,2.00820422603278,2.9934179337598,1.90137494518276,2.23278033299945
2.186931474,1.02869194535509,1.88404055832603,2.35557107673186,3.39519002958273
2.312964169,1.13855331372764,2.13644770945229,2.15026695969692,1.76548718135614
0.885215964,0.472494531925939,0.927716197569403,2.27452011626161,1.90105923571449
1.41998009,0.71766045563585,1.33991940222392,1.6578296600482,1.36829711845382
1.795381747,0.278854979987279,0.838448360468737,1.27535925623225,1.03821195423858
0.594249647,0.180933518389979,0.183628261162878,1.11602658758861,1.52782922647353
1.604373277,0.458827848102971,1.75875645407663,0.928080338778197,0.248948960611438
-0.524831906,0.213371427318491,-0.194876794835254,1.18252248177838,1.3372169344408
1.344315732,0.340357546696349,0.888782347385113,0.359647140717714,0.0659102305739556
0.523726,-0.151498255577314,0.544656239766852,0.0274432213519947,0.25843028220019
-0.500479384,0.137427489137835,-0.206205690427663,0.352149705217721,-0.249638075660561
-1.693619758,-0.405866173147837,-1.18423292658844,1.15865724871757,0.930068183546445
2.189810958,0.719045933761314,1.79402815360209,1.06830888437325,0.363328848278951
2.291117251,0.753924628197418,2.10981001091773,1.17125043984408,1.71595145427828
1.857398217,0.967148062141558,2.04666486404493,1.61182971089649,1.81360091651832
1.40229842,0.516216819839587,0.953303301323782,1.75853079006442,1.76095004699023
1.697295274,1.07726010302066,2.37820251426056,1.91952236035057,1.30956163292917
0.900505691,0.432892032792346,0.788576848904101,1.97020545288241,2.08373313810573
2.567031753,1.03121132178711,2.17286795989376,1.86091609080777,1.57659448824743
2.164812888,1.08470036724767,2.02413162338662,1.81077436197828,2.16070554484681
2.556903721,1.45969834949933,2.30103358462599,1.37396535445675,0.474374301702892
-1.584790661,-0.551469880522585,-1.53331802773602,1.66030998137801,1.60362184255337
0.634521479,0.410176402352383,0.204318714762664,1.36322632139524,0.0674202083522773
0.868997028,0.77505624029511,1.46273743662415,1.82723881226001,1.42422275728719
2.493716604,0.900351600599368,2.04097827892737,1.42572229705407,1.51605220527207
2.3041311,0.880324751717664,1.91626172407447,1.76301510566684,2.03972265858441
1.783516061,1.02654283523242,2.03427253973594,1.98918439479521,2.22781674360498
2.240202657,1.38801539158164,1.90552588374563,1.94591748745156,1.78704554872513
1.763582731,1.06770830237647,1.59353883612713,1.92214690460784,1.80718101604754
1.289223499,0.909206915802294,1.28854022634109,2.00821928679952,2.03079427660111
2.204692752,1.21787507971521,1.78672261596009,1.96862541462482,1.88816958940407
2.479060466,1.04294598538911,2.04029722276212,1.88175301343588,2.03751063204548
2.087189988,0.901810514528419,1.82894234657328,2.10578131210064,1.94752103190899
1.35890882,0.45827630478855,1.33745346723918,2.19937086466216,2.13729338545922
2.164104471,0.74929438264585,1.77164239634381,2.0496784920669,1.73153340629582
2.064270307,0.834698895945287,1.97706453088737,1.6347954592712,1.80699362572424
1.723569923,0.850015330388624,1.91506060839367,1.36840702725699,1.3246291245151
0.807365826,0.371250191022438,1.06846524550065,1.63009432493979,0.551463391013699
-1.195178391,-0.517071312379093,-1.02514269133748,1.99124079324377,1.62435703687678
2.151862213,0.366152509578469,1.45249884914057,0.722544761550552,1.12105100575534
3.941725952,1.39867353282383,2.77899116177916,0.383211076030119,0.0646667797407699
-2.039068314,-0.262744655542083,-1.0571460631886,1.38563273808854,2.35177156503678
1.004820431,0.521990469263127,0.805063052042754,1.61742773800216,0.217500467010009
1.488965428,0.427098706726316,1.19177229581468,1.40024443529011,1.5444904435477
2.564044779,0.508732465883758,1.60755086188522,1.08348504528465,1.46453923522695
1.426527788,0.828907020518834,1.69122660094799,1.73903924986376,2.35729183212275
2.524396413,1.24132406591473,2.47040464913704,1.76472704427651,1.39923981297812
1.097489516,0.433408538412024,0.785163523657321,2.09918611231613,2.17614564510477
1.947278716,1.05345680706884,1.73312673704611,1.96322041366562,1.69687581093254
2.089880051,1.1189985311151,1.83528127955234,1.89491120834697,2.01512672951839
2.269968181,1.08901415633818,1.96889747614013,1.82721032848601,1.8667177900446
1.617729823,0.966196956918594,1.51525748032382,2.02811003686588,2.13446725355303
2.090834717,1.30601980245501,2.1769996457147,1.92887210099888,1.70247035748758
1.702154518,0.521030483800114,1.27020341887547,1.7268862811001,1.84178124187606
1.747660704,0.611095903876188,1.22026806925687,1.7003945339894,1.4233110148167
0.956765081,0.554315975036839,0.788417762520134,1.86818678268377,1.81246054836223
1.855222496,0.705916466964595,1.70441307170326,1.59769337608877,1.53687038602333
2.056651023,0.360577557759575,0.997109109451074,1.66956920903929,1.70277054012708
1.59415315,0.413515139755338,1.68322799616354,1.68017056129915,2.04542791202914
2.195793076,0.946201257505469,1.95369868949793,1.94774330425086,1.54655175512609
1.290156213,0.378007081453957,0.793562485935892,1.87852026119403,2.19126998619774
2.507039051,0.953845007444066,2.22162825794263,1.80013177380007,1.1622639393563
0.671425901,0.398511225978843,0.867684233226628,2.06700211478566,2.30475330464768
2.357445015,1.0106581557955,1.75441116484672,1.69486705239824,1.33580918513621
1.750712952,1.05455141842717,2.04635455784369,1.92309431703901,1.94246958919609
1.772466049,0.89647365376672,1.62460272899257,1.63855808293438,1.69220780299211
1.661669468,0.976347808859603,1.69478713105062,1.6448768336981,1.43062782937766
1.199594958,0.747594529202378,1.10818107286553,1.38968350153193,1.05162219052168
0.186839456,0.36549836543147,0.406514758298921,1.72294213264124,1.52081885310152
1.577267498,0.616466332791554,2.02250228881782,1.40506091445781,1.60622587618742
3.310614161,0.700010122688616,3.15270483390157,1.11734798457538,0.859622443061266
-0.011782825,0.614005301957961,1.55191619602813,2.05328252329907,2.63252716575903
2.19638258,0.72340703550469,2.24052919970649,2.19463125527889,1.47141309141407
2.548721029,0.644107609766546,2.18188388009748,2.11187367865784,2.07688876468501
2.303397873,0.834997618506655,1.82593261163391,1.88933153049235,2.1027698367067
1.78359876,0.949424256845847,1.52669153402479,1.82049362328264,1.93937016145598
1.731035872,1.15219890372936,1.64900725022478,1.9000884113682,1.20198587047531
0.288235859,0.458161579669869,0.409546851596743,1.82137275716961,1.85619982662482
2.064932198,1.30424131243298,1.92982339695216,1.43989456961472,0.940295714203747
1.430730345,1.02761503015409,1.43484914812795,1.26417092613747,1.43883647862957
1.097446891,0.779766541668618,1.16738244551957,1.22511101668355,1.12387385427524
0.503282192,0.177390795392684,0.303010024744369,1.6182000871054,1.67589067368958
2.268586859,1.21969944654457,2.09498715486036,1.55487749890478,1.19079109067952
1.734947018,1.01222471559221,1.62358291872611,1.5770235815832,2.02835636287193
2.174844998,1.31790888445489,2.07326271218881,1.7545001010403,1.52034177777978
1.108057241,0.44752430110559,0.63654249792981,2.03648330559488,2.12881037458171
2.179878862,1.41958558772565,1.84556999867228,1.82781577293579,1.594032992144
1.937289321,1.32497095108798,1.97720772009104,1.99530116971011,1.96177150802616
1.887896318,1.20602820901896,1.77711846203014,1.84151655820046,1.89770098542023
2.007516412,1.088659298161,0.964182366519574,1.50838901284088,1.40243747631864
0.939276676,0.464708938553542,0.67609830440587,1.73312247284606,1.35687619936015
0.66476062,0.326082507571762,-0.0538796964337872,0.721841665117039,1.07439795947392
2.283430443,0.415524115367998,0.847821095566118,0.183851740401491,-2.59911411295888
-7.215303514,-3.69357137352551,-2.68553731041743,0.189149796995655,1.71136750423319
2.386763962,0.175722714553325,0.754058331349176,-1.06585638303698,-5.10108847382417
-5.504516187,-2.10164178280832,-1.78989512465948,0.69547956832591,1.58795150674993
2.015103458,0.747568369610532,2.23202848312345,0.844013894975763,-1.22568661495915
2.109033253,0.806204907758796,1.99871672197734,1.53912159155408,1.39167087452278
1.753209053,0.694864733376831,1.58435063694823,1.58921895190352,1.82794845392612
1.730644529,1.10849865250265,1.55732400754288,1.81773842134412,1.68042510422483
1.504170261,1.16141658300401,1.47316807035457,1.84000253543439,1.86676789938251
2.019984286,1.38671185789637,2.02325854908516,1.79231791190557,1.69688689115356
1.721440661,1.08029841537992,1.69994180452958,2.04137214581147,2.27665017360786
2.66520307,1.50630084190005,2.83384009372057,1.85178442034964,2.01071016780938
2.392818302,1.04691797872853,1.82294202742505,1.90983616156895,2.03804070791394
1.431794337,0.782693286604194,1.22743887536458,2.13998725245018,2.30768055974174
2.227610209,1.22930807751583,2.10977549015255,2.21847235515201,1.81826115897746
2.022076157,1.16819651971497,1.80584704210355,2.1082164557965,2.19380680415927
2.330211886,1.36283898301069,1.98449911608138,1.98136734919003,1.94124162411897
1.79195071,1.16789233540612,1.7533051746206,2.16127043591422,2.21271127822691
2.202348199,1.03555005104006,1.7671671440003,1.8704745021349,1.82287555416885
2.094386867,1.2797243567011,2.03834394302984,2.05393089333115,1.07409763623334
-0.402592837,0.247792002656635,-0.0341572251710557,1.38585720750749,2.1800509199318
2.675597783,1.17666479269237,2.18186902313336,1.39734826788654,-0.0707705812877069
-0.359749928,0.433614225457439,0.410934382045304,1.27924433097598,1.77261230673612
1.158071474,0.751528268867597,1.4785553965903,1.5389942872153,0.98621436131658
2.000758401,0.896725006968248,1.76174187545536,1.69647662273499,1.28532718769503
1.48436927,0.637067864591776,1.18085849326739,1.19676786376576,1.98919927033785
2.292337567,1.36210482768263,2.29128894684396,1.59909847529306,1.37256455189546
1.072430889,0.694301008160217,1.04364576947033,1.92729765769438,2.07118043669078
1.980109017,1.03825665387882,1.70775841253722,1.5427814140406,1.55226723892244
2.026018786,1.1235679186099,1.90883502797576,2.04609626185086,1.41376746474067
0.631907218,0.172825721838921,0.235925705154193,1.86068763097268,2.40656945043853
2.909731847,1.36777841329269,2.3400996157675,1.89195090019354,1.54313766255554
2.38850478,1.34029603200558,2.18966040978472,1.81624692956932,2.02821367707973
1.506064026,1.15937198289861,1.89199201185443,2.21423695189818,1.80144225519028
0.975565906,0.548702832653964,0.806199863688596,2.08446321736891,2.00012107755425
2.462977453,1.26350590906061,2.29294578684821,1.95382170472491,1.41614321158002
1.613471967,0.924884839175473,1.47246267364529,1.95214402171414,2.41134572262053
2.596682438,1.06887433487629,1.82318427654946,1.95499930553667,2.05633897383159
2.496048284,1.38474494463022,2.23802450340037,2.16528327424484,2.1698013109089
1.965496172,1.24036798535092,1.8812426133824,1.96905666558088,1.92991299552438
1.427276448,0.732970992381274,1.08180594801768,1.76636450293303,1.54029153274721
0.90933999,0.637931954150404,0.851806434053305,1.813603463185,1.63746088167958
1.70036169,1.18144975824191,1.65455076031188,1.73466165777155,1.53279275738274
2.104575783,1.31140353615736,1.97817503907873,1.65451368945022,1.71687221489302
1.833478002,1.18260711578467,1.76136692254513,1.73286370347138,1.94716000953968
1.943408912,1.00433988292474,1.69657319014794,1.66634249510303,1.64557002863819
1.686234979,1.062022671986,1.58180154227044,1.58969586220741,0.94969406817399
-0.220763546,0.0576978571439584,-0.119491966619434,1.56777850962438,1.38107781592061
0.858139315,0.483205368422868,0.741758939763489,1.52586828227138,1.06774584676258
2.033730306,1.26898450519648,2.04404517676868,1.71092577284181,1.49026123219439
2.230013611,1.24255723020922,1.72593875536294,1.50140666140166,2.07003367211135
2.329618783,1.48103204562153,2.19244957866208,1.85159950523595,2.15295817236931
2.267935055,1.401976563643,2.13666600897338,1.91075718029732,1.84184393401211
1.377788837,0.825328507714946,1.29130158841791,2.01673936985323,1.82570890402161
1.2710407,0.858857058856367,1.24062037517149,1.82539080039189,1.74688345727951
2.053585689,1.34398005390615,2.15206708214795,1.67173696644006,1.44022124776109
1.534287488,1.08189134347227,1.51556285238797,1.62470382558508,1.86778496521463
1.833646111,1.03670504252669,1.55764624101851,1.56696543740243,1.58209123920757
1.618600168,1.16865071382197,1.39066020971011,1.73126207847343,1.54243166835481
1.188889128,0.91995507742226,1.07846023872682,1.49158004167488,1.74428792223272
1.983530129,1.33329959474609,1.98237011545658,1.43292682660948,1.15208651592387
0.984049982,0.806562478696152,1.04625240205359,1.50695280033435,1.63866270824782
1.340975502,1.09475427639739,1.63793138792284,1.60171234660004,1.43516388016365
1.792876424,1.32783809880933,1.99993157276474,1.55952441852952,1.4162782361292
1.564069968,0.921433896798873,1.34031189536871,1.39204597970694,1.51218295435849
1.219061165,0.874242039003701,1.00946501846808,1.60215838510415,1.68753079594832
1.825201297,1.20441939139366,1.83776757555441,1.56114821992633,1.42428158082925
1.586850712,1.05290299125055,1.48439535829898,1.48586188383532,1.62281371294284
1.521355261,1.19475699567136,1.63294987232951,1.60928600294125,1.50466584391614
1.317748892,1.02325452942915,1.30173270148891,1.70796741018052,1.69751204212729
1.88377957,1.38691075863625,1.79006589592735,1.54548815290897,1.53903172280164
1.777458142,1.21420116462761,1.69352172183335,1.56211912409798,1.62503398630858
1.406062488,0.958457339880844,1.26786293656756,1.60280454448833,1.72772865271337
1.621952416,1.05567673319121,1.35525852191602,1.75595633455358,1.71575922370457
1.931556535,0.98723550594111,1.48119717360111,1.69959277028957,1.88998988476758
2.295604129,1.37486380061629,2.1192627913171,1.57847967390348,1.70968835205059
1.588071817,1.2109463031198,1.65077336838882,1.59344253176111,1.74323991845156
1.236756535,0.833393119542053,1.06004746858304,1.46673697140159,1.51487193478916
1.357627233,0.922140640801109,1.24368782111798,1.41538765479137,1.28812982712012
1.173228526,0.90750301746005,1.08706049866743,1.44124091766325,1.59189537387884
1.897673298,1.3030873525596,1.82256459256392,1.37406612499445,1.33723802062466
1.481010921,1.03533931816324,1.35048721394766,1.40066675197099,1.61659869315461
1.516919674,0.979459536683389,1.34028670191372,1.52982267623954,1.2668023276599
0.756868916,0.592119043454807,0.732099107642908,1.80960575770229,1.96762239684913
2.456957265,1.4986668177479,2.13916712849763,1.79517329257487,1.5296229007742
2.19514086,1.5690590728283,2.22845313767255,1.88037533197015,2.18361101163962
2.27245083,1.33716609383704,2.04130037890128,1.81172072309157,1.82079438557432
1.470928074,1.03138035255774,1.43636399104111,1.89860029571477,1.77266641313897
1.203680247,0.769545217980349,1.04485969323389,1.63889869856526,1.66373400327678
1.865493214,1.24343654652689,1.69049839905612,1.54988241849979,1.1382649179327
0.931975284,0.707131000404191,0.770023176123964,1.529648786546,1.63009867032939
1.410883166,1.01339667113911,1.37059109617379,1.32537690286713,1.48280781327902
2.176370427,1.47288394309142,2.13804807667471,1.294894736394,0.870196049773577
0.255963161,0.153606344099539,0.19603246101757,1.3291303671238,1.57681264133338
1.037052857,0.695920673872958,0.927222175678862,1.39821409025932,0.991120038549328
1.412590537,0.775651427058042,1.15766246015523,1.27364635489079,1.33348456542795
1.642769689,0.946621858666008,1.51654333716026,1.44318585494563,1.70678220760651
2.085481751,1.32883992937755,2.01413867728661,1.53740630186759,1.78608812264599
2.065475715,1.25601068469938,2.03350125650898,1.66950273278633,1.73420037345406
1.414974032,0.979135952206349,1.3810691698795,1.68352089567868,1.87306407350362
1.743364626,0.963954717070464,1.49379267227536,1.62963323454813,1.44456247100857
1.307946024,1.06428254582133,1.26439291604247,1.65840539889704,1.74095337643419
1.820627973,1.34433026893259,1.83310496038355,1.41537850832797,1.4366626382184
1.578961234,0.960040725806412,1.37128501236559,1.51170507608455,1.4203393947947
0.933258974,0.730764963326734,1.03478416886333,1.61656629526147,1.78492944165992
2.010101011,1.37377362969891,2.06411694421789,1.70075705406115,1.37121430069555
1.661540629,1.1466237309834,1.53125508417756,1.66136086735346,1.91890234184875
2.027730541,1.20970049446143,1.88957756015821,1.64832428869129,1.68066132898319
1.683199691,1.11602443373761,1.45337793563501,1.78636976801667,1.78444280272598
1.568024291,1.27690936774158,1.61843688994483,1.70878546229298,1.72609736891159
1.803686509,1.11771557331288,1.61798969532782,1.59058511500821,1.43522689174595
1.421700642,0.968107137005511,1.32705621677562,1.5616861697903,1.11962378465025
0.212611598,0.0616968245216477,0.046087752383574,1.72317126623023,1.69288050250955
1.874582619,1.23336399288222,1.8056506567207,1.72093025436986,1.26128222015815
2.063385204,1.19621728155361,1.97707421894731,1.79332395577473,2.04958525198119
2.489084678,1.58179837903886,2.31343201476958,1.886123287578,2.10024732612646
2.244236421,1.22837831951192,1.91983746893589,1.96152503919339,2.17770197593962
2.044756679,1.19716679060354,1.90454076664567,1.90170960628883,1.8059518940492
1.500025605,0.900481759685241,1.37616124570081,1.94203212633001,1.26213995390291
0.106056612,0.130208284113284,0.055544474163439,1.93711419524008,1.97843765619676
2.482954747,1.51490319047588,2.22313604655293,1.64031420856308,1.02921246055992
1.740072602,1.25655250887645,1.73962221873136,1.63617052069166,1.91761488462707
1.665044411,0.981675498970172,1.48700667380893,1.53028546901462,1.7689819422317
1.847093122,1.19328373640856,1.78584970484393,1.88405911750431,1.39264667306427
0.891208658,0.557957006345971,0.721583191598006,1.85040825679492,2.05168189848852
2.358357641,1.65527540288668,2.24983234860722,1.755044245358,1.43497069795763
1.819941643,1.30779380222237,1.73816354953225,1.84247954652508,2.05283744952797
2.004491628,1.19636678963276,1.84768461130666,1.7131978638195,1.74406573836613
1.682183976,1.09688235376033,1.49615676780609,1.82973986748878,1.61711294800013
1.101890504,1.11400882955058,1.21850166457926,1.83051459493126,1.90755218745002
2.164885378,1.41069032515766,1.85036277049572,1.68657309973766,1.4226960275902
1.623208627,1.17052684467776,1.43121318465367,1.78652523064573,1.90956139157794
1.762593712,1.12640504337027,1.56277900859805,1.77692518941528,1.84609882187028
2.172053822,1.47577455047033,1.79844624718064,1.93056421273323,1.41965571773343
0.878029861,0.738821666806069,0.691814525090311,1.93070765704361,2.19609651311969
2.32737463,1.53213315561455,2.08857828722703,1.92267731713778,1.54809967615763
2.02960838,1.2411641480252,1.76139498970141,2.03934985545821,2.09654105464396
2.038135185,1.35209569031984,1.97818782439706,2.10986231014706,2.09938104199386
2.126167211,1.37600069220878,1.9793883812159,2.11459768297913,2.17188953975059
2.398787799,1.50579406881762,2.24121007955412,1.95073823899816,1.9415269455105
1.929758712,1.16258794735454,1.77185775194599,1.91411467114745,1.60999442532517
0.783055814,0.536019304174683,0.606782566917013,1.82433971463558,1.65831529297421
1.193051819,0.842445005921251,1.05710103784667,1.80913375805395,1.51205420028718
2.05042481,1.29124247757467,1.7891500775876,1.51894822878155,1.63497490551647
2.207974483,1.26634754800128,1.90565441926599,1.76166391116308,1.739810684429
1.452575126,1.10820309928265,1.39317365930043,1.92927412024824,2.17655055294361
2.178345638,1.48823080920931,2.1011467059097,2.13863144246989,1.90382478448238
2.268868223,1.32966101699729,2.05742240804791,2.10878604461569,2.10886249185399
2.12275366,1.293061705267,2.01874618547246,2.19160471905582,2.21296807678018
2.156789062,1.46541556640499,1.2316504922911,2.25055609912019,2.24038303091255
2.346477606,1.46843540544293,2.12933623260193,2.26688209796806,2.22950509945995
2.351295043,1.22654394291334,2.03110295431595,2.11093873290915,2.17897107002656
2.397438619,1.49213101490483,2.20212297735788,1.90056200644368,1.18105272024546
0.077348274,-0.0557968773804751,-0.104204335848133,1.64144622068816,1.02896518435367
-0.79604834,-0.604217800510905,-0.926351172869875,1.58719206619175,1.36200309109442
2.355662217,1.19792292405768,1.98340071875366,1.69603786188663,0.685278772454779
1.981529539,1.3155246702208,1.82546711062889,1.73863514468812,1.95350900447903
1.971594478,1.422436155299,1.90283653206492,2.0269859361421,2.05492819466816
2.150582326,1.47658331210612,1.93657010064509,2.0025596159942,2.0225436295625
2.132576702,1.37898851182078,1.83460663472151,2.02226949347083,1.93175866427126
1.627937556,1.25624655855379,1.62385076383317,2.19001454512512,2.25228440684791
2.383479673,1.30505526234772,1.96467072345493,2.10524762351446,2.00876388529225
2.318595113,1.50423988306307,2.17549554606297,2.15684547194556,2.28505294757891
2.301464792,1.38128421989592,2.11111372955812,2.18311669909519,2.26441261922896
2.213789322,1.25440531304589,1.93830055569435,2.2291101619342,2.26505230182208
2.294740125,1.12818196283319,1.62688901367788,2.12549158748019,2.03463069962995
1.787766668,1.23881510336526,1.71950896507822,2.25234949764206,2.2172381904256
2.130790541,1.323855362611,2.12132648915369,2.12464600400007,2.06012051867701
2.324441602,1.22000157900389,2.07378933295986,1.96723764433068,1.98576530000512
1.937690246,1.26531175131115,1.85047301667039,1.97851671634101,1.92474354050809
1.446130442,0.652236840947278,1.17757446234469,2.2203467486516,2.09846850959193
2.12541178,1.20940914161818,2.15150090069796,2.11191004625734,2.09681957789767
2.842043017,1.51758605259105,2.61209191982407,1.93229751290042,1.85177398620811
1.554191794,0.74849354669409,1.49157403948941,2.10910850480832,2.51642968467547
2.331729563,0.953279110872361,2.09334102395472,2.08502834320605,1.96368887441751
2.264066061,1.00448896854722,1.74731592145827,2.06774488934212,2.03311269337522
1.701052886,1.02026603785573,1.62792034683993,2.21233386504631,2.39375275945633
2.563051773,1.46945598192867,2.22465509496125,2.21289872693487,2.05298333738977
2.348172022,1.48836330427897,2.21443502932581,2.22252873087712,2.30638020766174
2.16128099,1.12712323033488,1.84339082763051,2.30415842561143,2.27910951481963
2.138842834,1.30171374153753,1.98518629108227,2.29970250988131,2.35320249362564
2.654889619,1.44971408564481,2.35950728416137,2.0179944923889,1.93402845128225
1.823073001,1.10290860082108,1.64136174881842,1.99820021452343,1.86182044035995
1.110066725,0.575982979334776,0.816871995713593,1.8621452241804,1.63963664183906
1.257019969,0.738023201292244,1.05949071703033,1.84905865570822,1.53193527184745
1.766664543,1.08855262977201,1.62437147218726,1.78541837179065,1.72108073954205
2.174521427,1.29801773280143,1.33247658795911,1.79949382660432,1.97920321390865
2.262003989,1.33510581699388,1.87877415502957,1.96653938382651,2.20431472473145
2.333758977,1.31924903776471,2.10143440978066,2.10267973437301,2.19620484313797
2.153366986,1.45895048393674,2.04062988555381,2.19405651779094,2.23962467828914
2.178460514,1.39902079302379,1.97110972620411,2.17285426624814,2.11615376480167
2.040998881,1.27673097008609,1.80623583261935,2.18716161781012,2.15304982183987
2.148743114,1.21908665091849,1.81060869613262,2.00401942411433,2.0348749793702
2.1753726,1.2203765381701,1.78753480528947,2.00458880576611,1.59805464093006
0.831292373,0.525914672965306,0.686112772858537,2.21819192364742,2.2644982197637
2.342859569,1.06778667756111,1.97463047519467,2.10337590052227,1.74301386221824
2.458062619,1.09280914498984,2.01952689915293,2.12650764049501,2.28818098354081
2.489866088,1.40764823950336,2.29971261185671,2.143706045067,2.25135447334727
2.083219816,1.24897058993413,2.05395797406331,2.26429790877771,2.30800510224646
2.28284222,1.02080151370156,1.93909655681976,1.95886959105444,1.72951997116259
1.662975864,0.784003301043834,1.47872632088038,1.75674699106074,0.807966383488139
-1.11351061,-0.360600875197481,-0.634334537216238,2.05961434857869,1.87881587395063
1.920108639,0.725638854789693,1.62028797930206,1.88762412703376,0.900555210275554
2.520812943,1.16494777041644,2.39451483993546,1.93742498498569,1.9054221764714
2.283732653,1.1114057805142,2.13993117568109,1.99885133190293,2.3198483121813
2.355002833,1.15159567013972,2.14031294143272,2.16750283916737,2.03450097186496
1.822217924,1.04712933030274,1.70541109772021,2.20547952001531,1.91700398609876
1.365050062,0.735692406425884,1.02467434837112,1.90962084461997,2.04178901784066
2.286600112,1.24291698115068,2.13044250737753,2.09410850902594,1.51916152492663
1.466091211,0.902060415869553,1.32421788063755,1.93872232498691,2.23584369871493
2.340300465,1.23477047811572,2.19287842794769,1.9598489868333,1.8584485166226
2.235598319,1.28107422874943,2.12858886935942,2.03707839605143,1.93402845386229
1.573932493,1.1279092549172,1.85231120132958,1.97478667533463,2.13535038708926
2.218130568,0.941657456151637,1.86558399125735,1.86731117452251,1.34066465330869
0.804991173,0.213435321553365,0.31626107534807,2.16097084665331,2.14862526684488
2.050256353,0.346743863194316,1.35684709535486,2.05047151842955,1.89637802124954
2.831475443,1.36924239047096,2.68255260149245,2.03354685035348,2.21770723213581
2.700840735,0.852152287680506,2.35428622402618,1.76369805313631,2.16566321655549
1.733748199,0.876361578250157,1.71561829952297,2.26448245845091,1.90591756165896
0.87869897,0.165203181434329,0.817375407939448,2.36332939537858,2.15793895401379
2.560862695,1.39249299270794,2.64449952314388,1.58433834407267,1.38260204942179
2.103798389,0.44734643792938,1.38829765755095,1.50841620405088,0.993382429709241
-0.77187653,-0.360133709634888,-0.58287061764038,1.94142883299484,2.10859192227686
2.133371353,0.558828773874016,1.73974817671137,1.60829034701681,0.7189853956177
1.862399726,0.294541976722632,1.59898356437346,1.69496413650403,1.51676880091937
1.000695306,0.436880522928919,1.16050825056235,1.43206035362501,2.32339063961113
3.075098143,1.01667563450378,2.47175889188363,1.97642641565082,1.18098536724976
0.935050172,0.378049119146561,0.74340896485997,2.16395843933623,2.85674300685707
3.153371599,1.02562052749705,2.9560356856279,1.61073333023171,1.43950675087417
1.86149196,0.788186466773784,2.0938079652098,1.51582069354946,1.71251952983849
0.715735819,0.422469347575329,1.34567959836809,1.43151421728089,0.854126807019897
-0.578941656,0.00830508135079427,-0.624363102848763,1.68109350796543,1.08480940112243
1.138763998,0.256560731000291,0.69585996391464,1.23385685920463,0.794357642860438
1.88024042,0.981504514253479,1.88461139481829,1.65607956730104,1.61185636238551
2.271879136,0.855390749855396,1.78733218499762,1.71649881950291,2.12767258983583
2.548522698,0.856032480719952,2.09700644292619,2.2259660050092,2.27437641353035
2.285898666,0.624158629598576,1.51836834120227,2.43073281919316,2.62861404117846
2.839763677,1.06568918139574,2.0460646280977,2.34065777169404,2.31966807600174
2.439518909,0.985500345548402,1.89918770685038,2.23094023659428,2.20824878260789
1.947463821,1.05039363511075,1.90986370194585,2.13167837505478,1.24276180975058
-0.401676808,-0.0196004221069642,-0.501362695384262,2.25272695635549,2.14506519323599
2.351675719,1.44239259832289,2.22118297734419,1.84370924401832,0.856941678788615
1.72590655,1.01645887615083,1.56129784590186,1.89403828472907,1.94417784533087
1.82772722,0.84316160284822,1.4609365280626,1.83276161998071,2.02126057986356
2.330414553,1.14074543747293,2.0173666243503,1.98669822763215,1.89492449380053
1.949226545,1.1529158555211,2.00324075627819,2.08031724449222,2.17548749161399
2.031145278,0.963275450691239,1.64399420686139,2.12011837587079,2.23385179654952
2.515499946,1.06674378797486,1.640322483897,2.1323622060497,2.12655163999922
2.230326311,1.03117146665545,1.87107051133969,2.08771456174293,2.34260613529178
2.225584298,1.38579058522075,2.28222002998844,2.229173134939,2.2621156904803
