630
-0.699796666,-0.419048530723927,-0.537794081963147,-1.00939036985414,-1.33499275129525
-1.522260906,-0.824723900458969,-1.02391093750206,-0.455695607549755,-0.468930851299485
-0.257826235,-0.631465243664712,-0.895686010026718,-0.779489771128015,-0.879941619083512
-0.327508529,-0.00278897160641469,-0.434941603030516,-0.678184005888799,-0.47555666546487
-0.584918854,-0.214581566386484,-0.254605155474456,-0.264824322113574,-0.256937216474664
-0.360606864,-0.000721478440840848,-0.533833344976188,0.0109674570290344,0.176280609631569
1.095487242,0.264476180084983,0.650854053042706,-0.15987991557046,-0.294808349277939
-0.368465644,0.00702045516386519,-0.359622495508888,-0.028550170904656,0.811018414533785
0.967216327,0.0911274900023006,0.761999898341076,-0.00487774445772832,-0.335018803574686
-0.547408081,0.0459944661032339,-0.291143498819983,0.0536712857890687,0.322304287283773
-0.094274387,-0.283293639594335,-0.202088540690449,-0.367254805540879,-0.406598658919151
-0.47710402,-0.0606025876084703,-0.234382826582921,-0.157926087919143,-0.271186014506482
-0.473431938,-0.0700568443545221,-0.512104317867859,-0.382911811179226,-0.239196786806448
0.115257107,0.131619844962998,0.182646661976677,-0.280676281025576,-0.736244357510081
-1.329626528,-0.494867947303965,-0.706026691597476,0.0418708882216002,0.427297875101216
0.956710701,-0.0823640655534861,-0.205025962637383,-0.37952518962735,-0.518573541814197
0.211353449,0.0309046229082701,-0.0697426822787727,-0.142985705135685,0.0194567498437555
-0.674816949,0.433716542036881,0.307053410187269,-0.0659187165326554,0.0320886615083572
-0.176936337,-0.226854778839604,-0.241369094099951,-0.0469178784533489,-0.472006866726593
-0.424561867,-0.139308127696653,-0.348405082581724,-0.269604869332308,-0.285094947788825
-0.294701053,-0.25672243430102,-0.153787100383477,-0.412110054841503,-0.495889646955417
-0.669374797,-0.252416835063351,-0.445640794607827,-0.274535377839875,-0.246413979336437
-0.168385053,-0.160851585752398,-0.266029781532191,-0.443105692184332,-0.440616978891518
-0.210798699,-0.150311487009412,-0.251557435552895,-0.458344942283141,-0.405784014789572
-0.603789993,-0.448833682805529,-0.46712266861369,-0.397205890934898,-0.31704460322514
-0.413239252,-0.316463917899157,-0.172753440345646,-0.442574010036679,-0.500383283284973
-0.457964916,-0.102162972305942,-0.452922502717043,-0.32181008389595,-0.436843714981206
-0.760511432,-0.159474100887491,-0.44491386350738,-0.315697472489404,0.459317726415063
1.734164861,0.115355440869103,0.64148313173257,-0.417912323529424,-0.69496527077812
-0.811896691,-0.188854651019779,-0.255538126787499,-0.118916563341843,0.733068256882688
0.171539971,0.203896921623329,0.0154767767300849,0.266523177320312,-0.397905989462244
-0.506049878,-0.0881227440489699,-0.421620099158187,0.148281462985762,0.434836703762963
0.920895052,0.164095112018374,0.369784657476639,-0.0505938115784916,-0.163544060305804
0.008157142,-0.0656373343373933,-0.233405249619233,0.249644725048081,0.644017179678352
0.536813786,0.309089482028221,0.341347182705046,0.402803210692141,0.429953024095241
0.751309586,0.468113154394322,0.431434581958975,0.678442739106705,0.591707490346832
-0.616846895,-0.426446215738138,-0.541227813408485,-0.583598379510127,-0.536311743329466
-0.480112259,-0.485200268915605,-0.396816883683356,-0.56477992372201,-0.535679008653471
-0.431983586,-0.414634649590814,-0.41073270463515,-0.590636150188263,-0.551653852889346
-0.597172224,-0.440736552096365,-0.529683112710225,-0.540786914978133,-0.539692990209652
-0.68105898,-0.388160341369291,-0.588682965465194,-0.48009866777435,-0.481239037367594
-0.41661237,-0.344597537624766,-0.331995821741357,-0.492640788314823,-0.447237444277963
-0.182403375,-0.210938670527501,-0.139274868940441,-0.589345625534769,-0.475128252748272
-0.457662299,-0.36400280382135,-0.408106642065291,-0.573329703636991,-0.469555895240778
-0.74629804,-0.338110459718222,-0.637755933227246,-0.395774284110163,-0.483342324140226
-0.585349317,-0.316931225186914,-0.552051349330622,-0.445416854670916,-0.504424812365065
-0.26944375,-0.256437355741863,-0.335969915040406,-0.589903231223287,-0.574764830678025
-0.530577766,-0.233727290835153,-0.540733414487227,-0.512908660639291,-0.480757925853731
-0.684789323,-0.784444912683721,-0.993346495448854,-0.485720401328135,-0.449944080096331
-0.349976551,-0.259716425262418,-0.241054450007903,-0.534136013405282,-0.673542189272932
-0.73110801,-0.211364906973891,-0.619419034390164,-0.440558229792857,-0.426946739198748
-0.452478867,-0.163321482473121,-0.442843208538374,-0.585698887317105,-0.584776765965711
-0.338888015,-0.234323216015992,-0.649625582396031,-0.663205210257916,-0.912245663152982
-1.440294584,-0.521601250929982,-0.434141330071898,-0.500923938519683,-0.558691340602
-0.843754821,-0.245655276988059,-0.331292195550389,-0.494300216672209,-0.769603909584797
-0.196054598,-0.249611476678979,-0.279685081469382,-0.680459980899408,-0.768224126287962
-0.638256234,-0.293245818211931,-0.532179767937784,-0.58833207931927,-0.434566600434784
-0.543065289,-0.301502083642441,-0.480650827973626,-0.61235544864247,-0.642569037799719
-0.738356935,-0.423982104617662,-0.600635566308664,-0.449994512221834,-0.506743173988126
-0.470193869,-0.440976622653848,-0.405941805480991,-0.569604826257451,-0.568262401573966
-0.418221603,-0.361412381795879,-0.366682312320918,-0.562468963889005,-0.489811247789046
-0.444539804,-0.33053515090197,-0.483685387124175,-0.564128067425279,-0.534451412025034
-0.660837707,-0.242111180093466,-0.520803719827542,-0.418175130638207,-0.473819818382351
-0.582677294,-0.387785651225664,-0.755579082503362,-0.445677871551674,-0.346726662539385
0.035196154,-0.204267201922363,-0.11456116508374,-0.567620257534101,-0.61236487856834
-0.657536886,-0.146933093252224,-0.484407100706774,-0.47240307431266,-0.283614871551354
-0.495780154,-0.166966817140077,-0.513799820640745,-0.520909519695647,-0.574993600834333
-0.59358742,-0.257224066747909,-0.557140546075415,-0.430680348549974,-0.512443542003254
-0.559680576,-0.391462216128497,-0.474609976743808,-0.397540320567472,-0.432249583719099
-0.288287254,-0.339697152233857,-0.355605972203114,-0.451034555921179,-0.4109785892968
-0.213431612,-0.342139457102683,-0.341577143247115,-0.50235449116608,-0.42387900848918
-0.501734174,-0.348570997120455,-0.473930188304891,-0.441620676834002,-0.421377848380725
-0.629851642,-0.174066394610192,-0.501443118751266,-0.35261179769507,-0.485756415717401
-0.668900371,-0.251590895073453,-0.621233902748257,-0.330142622752312,-0.108359706358533
0.51562864,-0.0377125179733714,0.0890623147490621,-0.512497873017748,-0.498082069138871
-0.322983318,-0.252974646895848,-0.280190321724225,-0.434387935506451,-0.0383973628939545
-0.404975303,-0.117414201366406,-0.413205913750825,-0.298528282884217,-0.35187571641477
-0.50307781,-0.259604394368516,-0.457426912536887,-0.224957769833149,-0.363858369806751
-0.287756763,-0.198187684983492,-0.341884760837035,-0.586503755292885,-0.593384619825904
-0.622928621,-0.312931361315708,-0.442624532093246,-0.542842483465781,-0.73530418218211
-1.277055934,-0.386258331450107,-0.886764615566101,-0.451676601066408,-0.514748837856607
-0.481334275,-0.202295263178951,-0.20736119896177,-0.638685367319219,-0.73016413700598
-0.237930871,-0.278019895203947,-0.22129677352824,-0.691500818389598,-0.578821940434077
-0.559838752,-0.249051064663654,-0.572285263498747,-0.639378987918675,-0.467634238778872
-0.667100798,-0.392506612749662,-0.595224390235925,-0.518802000845147,-0.520553106929174
-0.530037999,-0.281740322448935,-0.485616454167094,-0.445756531180564,-0.559731828906501
-0.641599442,-0.311627545705673,-0.438634963674906,-0.382025303455917,-0.037447574344858
0.590598425,0.107373696509097,0.360471298537505,-0.463168197326934,-0.41291956286052
-0.138772113,-0.166612816591448,-0.37718934043495,-0.29566585309552,-0.0642131547767518
-0.585081271,-0.1717006318501,-0.545552539289875,-0.231917191065097,-0.158523926307011
-0.213903967,-0.181066561913953,-0.162040794700843,-0.224313542391931,-0.514608105874119
-0.504532172,-0.301120121160123,-0.433604091819152,-0.371106502460754,-0.443925812902529
-0.645740109,-0.421093589427208,-0.551913254795246,-0.488497761072892,-0.504689282099596
-0.548859138,-0.386944491312465,-0.60375226009588,-0.488196549059027,-0.560735711282702
-0.511347366,-0.467311643939504,-0.333734103766459,-0.492597616382954,-0.505553359960108
-0.474042746,-0.371115053226751,-0.455191470086292,-0.486612746002968,-0.421839057987565
-0.311595952,-0.380859791565338,-0.405429385249007,-0.504351824781885,-0.441341584047017
-0.362893781,-0.420682160126973,-0.457686877257548,-0.51611384159758,-0.480136687796577
-0.61397305,-0.468638491982228,-0.566858742154023,-0.511698493891797,-0.517569524477553
-0.666326212,-0.468430712709852,-0.553443570844669,-0.562505761104391,-0.653797331975847
-0.745439628,-0.534378527836888,-0.642100373340111,-0.585492144259109,-0.653802445917815
-0.681516715,-0.502924167748635,-0.567751914985601,-0.600585761174855,-0.617646912347942
-0.52566207,-0.465173805988473,-0.505983640437049,-0.642360181772859,-0.534297908156885
-0.325893681,-0.442912483972842,-0.414560830388074,-0.615397701640163,-0.61694624558957
-0.708409546,-0.439876504353325,-0.556287308599674,-0.514615952970944,-0.451594393388649
-0.540171008,-0.432967472994546,-0.454165033008561,-0.487376768909977,-0.609762938265475
-0.558250152,-0.428954844476075,-0.425705309647227,-0.552529842446446,-0.57519616435411
-0.596848013,-0.532302106094939,-0.460309615905729,-0.569879774815195,-0.564120100248891
-0.585006959,-0.439704263972867,-0.428436010260488,-0.506904679986312,-0.538322731781191
-0.497857618,-0.430509709714301,-0.411086732474977,-0.5104771012433,-0.501064515679034
-0.412054524,-0.358512658372322,-0.330558165166649,-0.504352196030251,-0.475196591308916
-0.442969515,-0.369930301975788,-0.400345745613603,-0.478125161804264,-0.422823670997681
-0.410352943,-0.418357697343345,-0.405897629709487,-0.47672405632757,-0.45353898440623
-0.459723434,-0.256330175922753,-0.344196518912836,-0.413749150687599,-0.459817340994448
-0.641668461,-0.250744506418346,-0.506540372062391,-0.378162028782113,-0.0909349918790916
0.399886597,0.0486088977184614,0.340299076083191,-0.533060453165218,-0.536196203455868
-0.417770997,-0.208507882938914,-0.370098559428996,-0.293861015860633,-0.222611326709759
-0.843931197,-0.238367639441928,-0.592144135404397,-0.292109984528299,-0.0783713224285282
0.273809787,0.0408032989172955,0.441376182594271,-0.38845598690479,-0.62124861151766
-0.432846231,-0.24515216168003,-0.44760275458036,-0.62564360362634,-0.306017740252655
-0.62808045,-0.172331952688939,-0.513434872986842,-0.583627134945704,-0.829084918719104
-1.41510514,-0.261780724860349,-0.972715188850168,-0.423032756692542,-0.643448393561593
-0.749264737,-0.308078740878463,-0.29514132759023,-0.600388914068334,-0.857171132344619
-0.445905297,-0.209746251415771,-0.332826253850123,-0.70357410961805,-0.563467079694057
-0.241952129,-0.293099734373037,-0.288833691103667,-0.696044056172629,-0.554304872001854
-0.641676054,-0.323710627806895,-0.536644179441958,-0.375454220325199,-0.338933019466011
-0.424120736,-0.267163731041162,-0.386927304570033,-0.444745107673049,-0.414412789475003
-0.184654576,-0.153513128859694,-0.242211427799654,-0.432029962257084,-0.505321538971571
-0.691741797,-0.209411658694879,-0.496521891935083,-0.283763329472054,-0.0256402760176441
0.216449649,-0.210130380757308,-0.0953520860355292,-0.389398120192652,-0.347919474583561
0.027699286,-0.194185954417156,-0.156240453643805,-0.483148679535216,-0.280548414131988
-0.623642949,-0.265065138427507,-0.480603320974324,-0.43356590157101,-0.38727961651617
-0.879691879,-0.303737216825468,-0.69007559949999,-0.424876667294994,-0.475629083493749
-0.348384697,-0.292410962393472,-0.326111219338017,-0.614281817505537,-0.848663720373728
-0.958075916,-0.629945631184038,-0.721337626141862,-0.551247908830582,-0.398277418540349
-0.34032782,-0.349700952784193,-0.281922902176736,-0.709829557005618,-0.729479374846911
-0.566288004,-0.33541280620085,-0.471683745935258,-0.582369521555254,-0.544324862684993
-0.654894318,-0.364140479559161,-0.555259224913394,-0.665063882471011,-0.642368967904046
-0.77545651,-0.407258400555082,-0.678098999580599,-0.576631254146862,-0.589498005290371
-0.516511575,-0.372757931672443,-0.490652425091715,-0.644850883702542,-0.71629230739222
-0.713299567,-0.403456490325382,-0.597688967665777,-0.499849736026482,-0.513981490099189
-0.519291555,-0.308272129190249,-0.50709458997258,-0.540207199099014,-0.458963472973547
-0.180732576,-0.353413014545868,-0.253441371111944,-0.588932115554752,-0.523003055022577
-0.480963301,-0.380324884828631,-0.326143423717614,-0.516894592908022,-0.425679987827865
-0.625926726,-0.401053631086435,-0.525005068470542,-0.414196960978155,-0.502122154697736
-0.576929579,-0.38239793532886,-0.483530374674952,-0.48632716181332,-0.531701680632392
-0.401900084,-0.394984852873163,-0.397357696627585,-0.540790265964033,-0.700468926789604
-0.900011011,-0.361777026538926,-0.564056491731282,-0.53796643642011,-0.399973638208149
-0.328117587,-0.3455507286973,-0.434004403046711,-0.397597311544588,-0.722638944638988
-0.74236519,-0.339294685840347,-0.426777935658656,-0.253137804997446,-0.151217118575773
0.145203968,0.0216190869081811,-0.00794818861833784,-0.370867751383582,-0.421094074344513
-0.162162897,-0.127482347508458,-0.218141487747378,-0.141672792985588,-0.0329959571240085
-0.104260296,0.0254564087289629,-0.234383961224239,-0.105304172532907,-0.0578358725874212
0.040015791,0.00329126537159398,-0.301645779074075,-0.120896479994228,-0.103893420951145
-0.040874575,-0.163746163065934,-0.179712094635777,-0.219866955032575,-0.205372403807862
-0.421234798,-0.146133786125942,-0.363734817867157,-0.235551110522482,-0.250755521726301
-0.509476652,-0.168755215539573,-0.372182294964841,-0.224279128843469,-0.302848831346425
-0.222941763,-0.151330052742863,0.0272410324044202,-0.337997986618634,-0.421370641605743
-0.339483804,-0.251373370571331,-0.349099195447518,-0.435926022037679,-0.353222293064692
-0.427791289,-0.286030148914862,-0.232440802995407,-0.456175513412103,-0.431115295369717
-0.54565386,-0.263407005011543,-0.490494707140398,-0.348504824615614,-0.441170001322552
-0.593682494,-0.233926382830336,-0.414727225133264,-0.217593773476394,-0.145838159597433
0.094067287,0.100219210600036,0.230367105929045,-0.14049338739541,0.222060733409965
1.16606259,0.357586906118457,1.0632125672205,-0.171501828354312,0.11737775730002
0.341752288,-0.146685168826047,-0.103555279927331,-0.292100251261049,0.334458630091682
-0.242712986,0.0370972507786368,0.08317805344502,0.197551063253914,-0.163461334006463
-0.984115905,-0.428029612884996,-0.972958570743819,0.096460797231015,0.16495865382868
0.647240617,0.0130105189476704,0.286302559167632,-0.170154059599856,-0.695101146779621
-0.685877302,-0.163298937025364,-0.492590760903612,-0.0838033139578898,0.378837843284339
0.449067902,-0.146139171099007,0.160881324874568,-0.362334693942205,-0.411896987013745
-0.271652441,-0.0141130463402181,-0.26575589949614,-0.227771302655745,-0.0916524143725593
-0.47580945,-0.0889411535689149,-0.4047742965291,-0.32580516785785,-0.368034190190292
-0.636868581,-0.227479307320255,-0.635789515594019,-0.0717631901273421,-0.247371310129255
-0.109318967,-0.0308338435300544,-0.0756106509833566,-0.349339549393356,-0.201929126875112
0.407959944,0.210977396129796,0.325019327976745,-0.500298100950871,-0.573393933745772
-1.024731709,-0.46615439386314,-0.713036472870154,-0.404080332404426,-0.146747736297642
-0.618228109,-0.305652971951364,-0.546156898359978,-0.464983577587103,-0.701873806210173
-0.587702994,-0.293866238022326,-0.513466575370482,-0.513800511635865,-0.594600973791041
-0.521551259,-0.321366252855741,-0.364163464681808,-0.638879492478372,-0.621428746761257
-0.722594948,-0.153886499492417,-0.278652331584977,-0.484279317215685,-0.372261134883347
-0.384249836,-0.135479270741681,-0.223909296139446,-0.510815858679198,0.0363399281524325
1.05925046,0.238849277006624,0.888503260883695,-0.56335143962053,-0.661703827322873
-0.974989726,-0.807809774670711,-4.23739081946287,-0.21302456292295,0.204870299619094
-0.419203374,-0.304400097739778,-0.460498264894194,-0.00348181153094373,-0.584158649137028
-0.511428721,-0.0516655945505992,-0.490127621960269,-1.91408819782319,-0.33146297069853
0.615528827,-0.584606644136436,0.433517102280276,-1.52972963880915,-2.66652097885812
-5.652395828,0.00400527540264668,-0.442249223709978,-0.0652778593409679,0.143320113476695
-0.277650095,0.0184828214527976,-0.317003824072948,-0.697364483924906,-2.11891456689651
0.551861718,-0.130558722086198,0.327343864554835,-1.02099088337758,-0.370557523022734
0.282168652,0.0522022426627702,-0.0560707348207969,-1.01229349938809,0.0490216218405996
-0.297042991,-0.419493858079661,-0.600588687044938,0.16411821602445,0.222378467446523
0.186968994,-0.0777968067438699,-0.54215877370608,-0.00924372988026473,-0.115141901017328
0.088390229,-0.247533192553412,0.141726814562564,-0.228202223591933,-0.256852751556646
-0.69689435,-0.364414904634116,-0.552883090074324,-0.202279497002056,-0.116954293642181
-0.30949706,-0.263996758356039,-0.321206524228584,-0.332706376216092,-0.506181369134533
-0.463589123,-0.217565706790921,-0.416910373819376,-0.326484859501284,-0.308394631905962
-0.256646417,-0.241051006591267,-0.325691137810123,-0.397819389730877,-0.385875060815775
-0.357508972,-0.0932764360289708,-0.36596990513303,-0.235620805603459,-0.2136895936779
-0.262559368,-0.0288721989019937,-0.293689038049729,-0.310962614886724,0.0965825650475
0.751244026,-0.133861095727009,0.0441044075341931,-0.362176483654857,-0.466777202046562
-0.736069433,-0.111754281258732,-0.353899539864573,-0.179659051865396,0.189841965878598
-0.192428686,-0.0595255572102934,-0.268830140898355,-0.222359771160671,-0.448449084858741
-0.437233205,0.0240618541715171,-0.392099661176218,-0.120012236777127,-0.0857233247892132
0.082130981,0.0317893903023129,0.00366415985929363,-0.175133340135375,-0.195193979448595
-0.079114112,-0.136610064635128,-0.138067237793841,-0.0776813963777179,0.288000544746609
0.731837574,0.308071329385741,0.643302336924882,-0.081642134321783,-0.215322159871329
-0.481148737,-0.117452664163236,-0.490004275604528,0.0755652529670319,0.454134893174099
0.415369051,0.0185029686894521,0.444707566346074,0.01250336970138,-0.348918851524004
-0.44657956,-0.0330213865959228,-0.451266295763205,0.118430504801872,0.149430641003929
-0.038354943,0.155357260260887,-0.0373522854048903,-0.00194022191378482,-0.0805906623015099
0.14470745,0.0472037382610784,0.145973678200352,0.0162085510064347,0.124056065639004
0.43200591,0.162511232907727,0.29179538962572,0.0942743928405265,-0.066188260605849
-0.408888614,-0.0318450549222062,-0.212511167593257,0.207865894980013,0.540611203448964
0.88068258,0.41613762872678,0.586797047698682,0.0856139211226326,-0.315768510929187
-0.436910353,-0.107350128582335,-0.439960961137256,0.230299736658662,0.452323935935762
0.218297664,-0.0761499508492946,0.160823214367694,-0.114677450981091,-0.0862806495581337
0.17825261,0.0849646426280522,-0.092901230380298,0.263000286957313,-0.121950121741155
-0.556397716,-0.049186943012039,-0.122190335701905,0.175574279291584,0.364564747378791
0.576571815,0.2191231427332,0.0612116519754875,0.178749173871256,-0.00458250619735313
0.414550573,0.195880468965275,0.326068939621888,0.18408337638013,0.496089433744587
0.620006607,0.16549215559023,0.42716089006889,0.191693634600384,0.348205618856135
0.310493306,-0.0290282978742417,-0.139333540250332,0.348787817218446,0.349775230775737
0.098215181,0.100250358195421,-0.201774133496896,0.326749809390348,0.265213732076431
0.249215876,0.114460050750944,0.429710088774004,0.105259982257643,-0.0444376787960854
-0.176477567,-0.324198252687943,0.509816943334844,-0.138267155523687,-0.134654128567569
-0.437962723,-0.191214647379219,-0.249602387005933,0.104182860852024,-0.488427082083272
-1.15575987,-0.355158599638475,-0.880926906861914,-0.0201801086922058,0.207917525831735
1.006606852,0.227129012826512,0.744118734695666,-0.41161282076638,-0.687976577824658
-0.399709791,-0.024197738731402,-0.0254719691666689,-0.0899697925859565,0.365604525468593
-0.037047606,-0.137805567746014,-0.0519272672213451,-0.0561904168219567,0.092806723840164
0.509582682,0.0279811614686429,0.407175810843957,-0.00542195627469813,-0.0757235592253893
-0.035078576,-0.283659775025194,-0.0814882599582403,-0.0959992923547923,0.0285004147250041
-0.378435051,0.00240059360524561,0.199039347472658,-0.0588269575103983,-0.131557629157344
-0.122383548,-0.193014210030262,-0.135771871001771,-0.234533324440064,-0.800913855774876
-1.481593374,-0.4787983273409,-1.09030985315459,-0.184693058379601,-0.161455210859075
-0.165690321,-0.28890824248031,-0.184566482803451,-0.323628762479683,-0.743006235720868
-0.20132256,-0.287498227329054,-0.19790229189807,-0.166734209185786,-0.275608462589536
-0.354836241,-0.0339649062027377,-0.319399814580666,-0.276613928401453,0.168410046312832
0.736360045,0.326191997508867,0.685548202916281,-0.305095922076615,-0.394268981611313
-0.476983426,-0.132156703756378,-0.411763022744303,-0.135895704640962,0.126777154292159
-0.397798837,0.143723720170053,-0.0657817568851009,0.0984327967682756,-0.10654898029048
-0.012620834,-0.0684563703436214,-0.0736360176614566,0.0271965717755051,0.195663917566358
1.038945026,0.276979556534153,0.502440583561015,-0.369376668095023,-0.387425770670983
-0.721980178,0.0618454727593853,-0.49746395119816,-0.23972983846223,0.128102674337861
-0.526761837,-0.233770822059358,-0.0470137058273302,-0.384312793066461,-0.804415321769494
-1.197848688,-0.5037669094815,-0.704071413820223,-0.458761634426131,-0.619418635897761
-0.641282065,-0.15819386577314,-0.368765539279501,-0.724655463489188,-1.12660304250912
-1.369365805,-0.454267464863543,-0.253219036758094,-0.317849518012495,-0.331110457792425
0.040245548,-0.103477603836357,-0.410265935014709,-0.789875175857549,-0.591275523828597
0.245200894,-0.372029302066639,0.177230488820199,-0.660616280528016,-0.479867773705785
-0.917528588,-0.0589629218967396,-0.376365355840318,-0.237803907112853,0.0144207038683064
-0.223825664,-0.00934379198022482,-0.220202938620896,-0.0279656137221779,-0.262541928865047
0.142382238,0.119015473846785,0.127672293313729,-0.266260314114455,0.201815495662126
0.999675753,0.395578843986128,0.875982181045203,-0.324466286668488,-0.439192318380428
-1.170152376,-0.203075440515442,-0.974437066407157,0.109340580851982,0.565936213198458
0.389376181,0.0783011290304965,0.0910158084669785,-0.119793011575398,-0.633594593125634
-0.452215911,0.0430834155212915,0.0434595822773967,0.150262037830968,0.0431766842361718
-0.135026293,0.304268412157461,0.633644244726857,-0.259535006413864,-0.177407056176216
0.097542947,-0.096853206798086,0.0761742271815073,-0.0622938357297333,-0.362330276799228
-0.68325062,-0.393481970586314,-0.138142026765581,-0.0494596366717873,0.109191096045077
0.199177748,-0.0397702197983961,0.0418723153244839,-0.10062912642754,-0.314755522463508
-0.065202583,0.104094492377883,-0.0240846275496485,0.0126845796807348,0.0349996369843163
-0.042544165,0.112353897072869,0.00621468245726717,0.0617179393382086,0.0542536656608508
0.095621932,0.11964085896134,0.0553058025577092,0.0529565119793145,0.21239813488476
0.596494277,0.0996126269868515,0.172966043180321,-0.0975291447517539,-0.0951064514727395
-0.274700789,-0.0445575687647436,-0.13835383351782,0.0849485512097163,0.153803010938283
-0.291398959,0.0638546836399683,-0.13698791282925,0.108612902865667,0.0455004664386838
0.300968115,0.125330048421757,0.123752381999039,-0.0504141745958965,-0.166181877472726
0.145304122,0.120415008936409,0.0232588851566751,-0.276211794345063,-0.508195118744162
-1.410414001,-0.166102277875432,-1.02743534648056,0.101467467781564,-0.0309026344249287
-0.305373479,-0.147361967806568,-0.0114964416047272,-0.334733872721778,-0.447993451871513
0.601990574,0.0832496788156881,0.291391945259,-0.279573782865179,-0.991686811155907
-1.990234423,-0.283061675732277,-1.11543848427286,-0.00160080734086193,0.704400617326303
1.166968618,0.0605796062641036,0.791585575337673,-0.386202896885975,-0.910996820272592
-0.113844606,0.00911873710403762,0.272456800298334,-0.190695201116338,0.0396387156312606
-0.752659447,0.027238983818303,-0.377307883015393,-0.164115834185762,-0.0895653038458461
-0.226551553,0.0187150369692089,-0.224073216024248,-0.0864638455373874,-0.325704794265552
0.003705133,-0.045564627046412,-0.12370875572456,-0.378980858996591,-0.201194173055228
-0.073878457,0.197202706564756,0.313208859588326,-0.360570303799867,-0.191268766816838
-0.325821136,0.0526679576535564,0.407820156511598,-0.101322294425911,-0.252886406203131
-0.524895939,0.10772633591308,-0.512168758722325,-0.121581157707666,-0.112837508471305
0.127874233,-0.210141282536351,0.32833626915469,-0.334523363892069,-0.401684055633051
-0.298043093,0.0300550436547986,-0.356266835138526,-0.352322233764587,-0.18504516288026
-0.631792102,-0.0346468842795272,-0.698787403137551,-0.337714519229347,0.314836869665577
1.164197867,0.236419825373254,0.743945389296083,-0.369349103355715,-0.66017377883675
-0.782792468,-0.161905757660263,-0.409958389437017,-0.391150720700186,0.182832119444964
-0.541709604,-0.135370424150878,-0.264199133119972,-0.278208848412213,-0.522690006847597
-0.642370684,-0.392889805603907,-0.349017869320206,-0.102866637010721,-0.168294476217282
0.242992386,-0.0304130765532982,0.012000144555558,-0.439673476153056,-0.323724624833799
0.015616412,-0.0715883510235736,-0.236688326520649,-0.136367842906535,-0.056117908123092
-0.36188074,-0.394368791142936,-0.752957807017677,0.0370041101728474,0.290997199771824
0.682718904,0.204544662967474,-0.0227903118207951,0.200516636963765,-0.246437444673503
-0.467032493,-0.0680238270036967,0.0458878323558047,0.449696258754131,0.958147474490041
1.707126457,0.22866244286489,1.08137294696184,-0.294479297315252,-0.391412868741745
-0.41144496,0.0331766817731799,-0.436634618124992,0.125605735828796,0.314155247174616
-0.841126467,0.134847713423463,-0.0696637571145807,0.113177238192294,-0.270630598726893
-0.465677999,0.00660066205444993,-0.369762959360127,-0.0347939342997672,-0.388673860965227
0.192951684,-0.150543254168519,0.0693148009111068,-0.482718690355039,-0.938107021677645
-1.718109106,-0.298199385119913,-1.07729765634297,-0.0897466506405452,0.346154857236873
0.688869575,0.145585097339058,0.656825498297721,-0.401852325740609,-0.661589529799512
0.200475651,0.0265995795979978,-0.101156431129271,-0.16076671020367,0.0302305958699587
-0.405530336,0.0729162687276683,-0.292662727959449,0.125710030854621,0.235093751278736
0.144148057,0.328395162130343,0.274115312814711,0.198502118609287,0.250919199006046
0.922336486,0.0795008454425934,0.177243524503097,-0.00826840088762331,0.13322984565209
0.248593752,0.206820823042405,0.0382687844238995,-0.0405950900546833,0.328715739325864
-0.108984794,0.0514673119870591,0.161367901613428,0.161112602285174,0.0137091850695937
-0.332638931,-0.00632457661038531,-0.320447835430506,-0.00793609336197404,-0.0897487062648057
-0.07327059,-0.11001916650891,-0.37670952826471,-0.188183902207186,-0.391885881126455
-0.67266135,-0.0233319557159382,-0.408593321705595,-0.0990311900212011,0.204576695997503
0.651676232,0.248887604746557,0.65206488795618,-0.366571191384816,-0.424365937542548
-0.199373763,-0.161440131255483,0.051294310716474,-0.298001695692389,-0.0723080797794535
-0.62314368,-0.210426149083913,-0.282475002170866,-0.288807001985801,-0.31884072367875
-0.608475102,-0.28906634346804,-0.575177194190743,-0.198533853483786,-0.341762319385778
-0.124052954,-0.258913489265237,-0.244475728041856,-0.437339360089529,-0.410946178416231
-0.196134464,-0.319492766600311,-0.280713719584571,-0.365570220458324,-0.285262000966571
-0.407425683,-0.138309861185913,-0.303461984059554,-0.238631232511415,-0.194571430064252
-0.222164245,-0.15385388990759,-0.171498123542766,-0.138576696999975,-0.201644282927415
-0.002387451,-0.0689585460822025,-0.0161995665780675,-0.299633855244025,-0.20783244041006
-0.059253913,-0.100184693610053,-0.247417714044662,-0.401354323109087,-0.419954201730009
-0.91218121,-0.133722110154468,-0.593358070055735,-0.0601575107672699,-0.11391726926654
-0.412912924,-0.224169265844568,-0.590677605230024,-0.365614999889338,0.206122299371314
1.537191318,0.306488795846718,1.0444684391964,-0.582240697824374,-0.603120288441824
-0.748474782,-0.294290753778306,-0.588917766223471,-0.341255236444837,0.279960615425866
-0.772602414,-0.0932225909075552,-0.497864455732522,0.177808975834024,-0.291302259118518
-0.301740791,0.0935701496225849,-0.333097208914707,0.0344496644669464,0.0536344265570658
1.022663379,0.166074018868318,0.768761762084564,-0.56049625588924,-0.308211844791516
-0.201733932,-0.0922240898934267,-0.0808026690531763,-0.126964024307558,0.141153455445843
-0.619882425,-0.15332906565421,-0.312829690383938,0.371798097557928,-0.0426357985350599
-0.19238844,0.123914763435832,-0.467951727232754,0.166387322227502,0.158320527240924
1.036332565,0.197575598987504,0.835312221406658,-0.255379084467627,-0.221953467451161
-0.215318664,-0.0522807333235622,0.111858962209949,-0.149675872631625,0.36476961264712
-0.040180254,-0.108740326869221,-0.0976872195939632,-0.171492837282005,-0.297372166973343
-0.559077433,-0.247931533232724,-0.389772065042211,-0.0941981114711028,-0.231445186554516
-0.417046838,-0.124812828308441,-0.243662342180006,-0.246682034486816,-0.460072992549758
-0.514040399,-0.161354898661928,-0.433920044004864,-0.264191783053436,-0.21858480801961
0.025203308,-0.144065083264237,0.0466720796860678,-0.287819459247893,-0.356853894223995
-0.274619947,-0.115907765135348,-0.249797307549581,-0.152921788985135,0.0423344254237492
0.19912565,-0.130330013979071,-0.137497728364782,-0.15305143051228,-0.223913546278378
-0.250402596,-0.120105467425277,-0.28111402975746,-0.15983835213728,0.0885047362164211
0.179539957,-0.0185455523054074,0.119119366003351,-0.270253556585058,-0.458879192894071
-0.774260505,0.0463070382074933,-0.406551905721802,-0.188859277071146,-0.160575896348415
-0.385972419,-0.118411715759309,-0.11591650310524,-0.173336272427578,-0.709040745137971
-1.035749912,-0.25497499931637,-0.852580680946491,-0.245051742940418,0.127840271381153
0.9008642,0.121652105343611,0.542414454688535,-0.628036727373009,-0.758891094007494
-0.643088951,-0.212043586242122,-0.512481976378542,-0.291047906023205,0.221897153797557
-0.211105978,-0.253529332722161,-0.256431406324461,-0.271605409018178,-0.230028144101816
0.055974479,-0.0843998450687721,-0.088088422626906,-0.0299146912156366,-0.305762816359251
-0.485813526,-0.136485793060698,-0.475240767956699,-0.321191186091804,0.167951032073937
0.458252207,0.0978561095944182,-0.123647786837037,-0.541666039159384,-0.419594318033519
-0.256365577,-0.125373906020274,-0.320833114290356,-0.471655673434195,-0.535915843011497
-1.562789151,-0.54130879573113,-1.03994650804275,-0.207605979498001,-0.321444375190356
-0.54918275,-0.0694054490236402,-0.466548286876085,-0.334619769301082,-0.701349124856071
0.024924729,-0.0951299707130448,-0.135547592366514,-0.4882674400549,-0.568782965440764
-0.528858774,-0.250282951517837,-0.437441144824359,-0.306945663708982,-0.10001672113843
-0.184889983,-0.10588016340085,-0.167242094471707,-0.290516256522333,-0.109535730615896
0.31921737,-0.00935751954413086,-0.0957976893952661,-0.280312280183175,-0.209846483162408
-0.151250988,-0.0638303628283139,0.302732809373707,-0.180749253658626,-0.0971907512819425
-0.438891826,-0.0777946296211645,-0.40702024895285,-0.13330172132002,-0.242539657550412
-0.34592234,-0.245611500707415,-0.391215741608882,-0.415428596353742,-0.520558892024267
-0.627856272,-0.247902964055409,-0.258064171215299,-0.463010018064362,-0.57734762715387
-0.847921752,-0.39432225009353,-0.628641263771995,-0.502899190171691,-0.566038577236512
-0.570317547,-0.322632942283545,-0.59344783126812,-0.566673691090084,-0.606996968948727
-0.461593621,-0.304829860670872,-0.487870221064991,-0.449430485622995,-0.345863112774789
-0.055427745,-0.170644894233686,-0.157994437797892,-0.411930155372491,-0.37005483767043
-0.284512414,-0.183268537458306,-0.261130864875126,-0.303131122441129,-0.109716407507542
-0.043134597,-0.0633233681716369,-0.00192768371501804,-0.297864139276387,-0.340517379267717
-0.441557829,-0.186633878361961,-0.412700992457802,-0.247405518245005,-0.190997073298665
-0.288623921,-0.117413244387194,-0.25703720053992,-0.309617985345616,-0.3969766072319
-0.485440012,-0.189312340770646,-0.333864310368477,-0.19674795548783,-0.133924902332814
0.084032598,-0.179818897118054,0.0208184688804443,-0.397284454839611,-0.349081213485153
-0.197133446,-0.20128569363549,-0.247496558432472,-0.357664119887759,-0.240203061350816
-0.495904889,-0.324129197818071,-0.439880746304875,-0.349685656262534,-0.289023500740645
-0.38927953,-0.255307237756377,-0.349997014482794,-0.401774238073666,-0.489950987649494
-0.529337744,-0.449933889997997,-0.408657412978242,-0.451791896348074,-0.476744199639164
-0.557905984,-0.389000151894476,-0.458644304755188,-0.53913018545376,-0.52610141292835
-0.516282687,-0.378287450979509,-0.449289428903305,-0.549390163998553,-0.6211778195765
-0.749674861,-0.384687614783437,-0.571802134308609,-0.499290390690329,-0.442080045103001
-0.39408893,-0.447589213004142,-0.424547572550659,-0.532613205030622,-0.450108986587626
-0.112283594,-0.365833249568048,-0.162378379515676,-0.582712073377045,-0.518998513187277
-0.595523852,-0.339134787992623,-0.446434086202257,-0.47347689225959,-0.379239071959101
-0.633071671,-0.728939335855043,-1.65729036420652,-0.371768599140007,-0.460529604940097
-0.391951315,-0.70883035107547,-0.76185574155654,-0.475199472407178,-0.500290257926727
-0.329260509,-0.444789538575338,-2.97034896838617,-0.594543028129403,-0.556361818376239
-0.707256081,-0.732599507601347,-1.31047722215406,-0.473508383295472,-0.457735032591329
-0.612812284,-0.2838806705992,-0.477481505088617,-0.356862855381356,-0.495877156184865
-0.335757473,-0.279774746775054,-0.4102321684112,-0.496772751196455,-0.48810865166257
-0.311261732,-0.357322688797849,-0.377051790694383,-0.536261461209447,-0.49861970512994
-0.621097578,-0.435750264178558,-0.531754161918634,-0.496664490108875,-0.464353997391556
-0.597068551,-0.451952633945504,-0.552427639529756,-0.525159003706013,-0.621049052661233
-0.676504171,-0.387680221946889,-0.483146635692328,-0.55514356108684,-0.59998344968712
-0.60786777,-0.455589558732986,-0.560291695276203,-0.628330358748684,-0.629892183296595
-0.59403215,-0.419388971631843,-0.540082956998344,-0.60084825436539,-0.610580601277586
-0.634676663,-0.491527895646146,-0.547551736743411,-0.557063048168802,-0.516586759136499
-0.436854039,-0.405413283645562,-0.353094484465386,-0.559976810206157,-0.529407720028804
-0.417514835,-0.33561997788322,-0.391586390428064,-0.523938933214542,-0.482411675240972
-0.503891924,-0.476147844000809,-0.450431353559365,-0.551695282493737,-0.448451780264043
-0.435427965,-0.41038872683306,-0.416157281915261,-0.518500690734892,-0.586253548682966
-0.699963684,-0.574957087293422,-0.602073638940555,-0.554759155211664,-0.507022146370883
-0.530415392,-0.431888604174353,-0.490003084712088,-0.571731535090049,-0.728303280526618
-0.867851251,-0.451720203265256,-0.785599468525489,-0.531387919882159,-0.466159363652045
-0.353407287,-0.180964772836405,0.272282370886175,-0.635793086053831,-0.682829358301898
-0.550798323,-0.23186178452029,-0.405020035737014,-0.513479519562181,-0.469232273491991
-0.587614565,-0.201534054703534,-0.457029147704647,-0.414622803999057,-0.317699717610524
-0.079851082,-0.0456294620481587,-0.0554382808369545,-0.372587042881924,-0.409172742922283
-0.247571988,-0.208138938401217,-0.307554706821473,-0.358456731193555,-0.173027949498199
-0.148519899,-0.27293867136026,-0.361293701767385,-0.333671227895917,-0.333781651835677
-0.446639727,-0.131758305956138,-0.371515519751887,-0.311160896678454,-0.261768851250267
-0.306996717,-0.231504232522725,-0.342146451350435,-0.385939541329968,-0.539726883358321
-0.725544238,-0.310106282496031,-0.576034574537972,-0.31682640457102,-0.357114266141522
-0.40167257,-0.26668985141409,-0.385151441110514,-0.553709076979772,-0.503528348607039
-0.257765939,-0.324409860169971,-0.212228990281788,-0.536008295091735,-0.630565617890134
-0.84860043,-0.417804265273278,-0.576573365107896,-0.571231359614459,-0.471415327387422
-0.662180688,-0.425868400695152,-0.573695287707279,-0.594303902821749,-0.697701844348094
-0.649618565,-0.504261961838943,-0.586021666015443,-0.602227378334142,-0.602349090448271
-0.524162503,-0.521111813409862,-0.43550758498984,-0.668455811802532,-0.599150252764428
-0.521305859,-0.467652330628058,-0.478491063478772,-0.645909598726642,-0.609769127556731
-0.687353529,-0.516226421773657,-0.557942404820949,-0.557504820886935,-0.567822451129927
-0.646938388,-0.464947529079337,-0.55413025919307,-0.573133731093764,-0.535013400385709
-0.36278673,-0.362466676174385,-0.378909202368856,-0.589543530942489,-0.65378097515069
-0.703910357,-0.458095882412383,-0.591907153726299,-0.494282894668167,-0.402469103545385
-0.415559912,-0.402270124606956,-0.377516611595503,-0.458216883441905,-0.482815585421098
-0.283177262,-0.299212252097482,-0.257177950836808,-0.487573162366224,-0.445181089508227
-0.414034169,-0.322230790461648,-0.399190253404928,-0.479356098384857,-0.442015273856124
-0.611253351,-0.371447223156387,-0.565505922103715,-0.395578195849139,-0.385669994798285
-0.358038369,-0.326789887144401,-0.329734006574503,-0.44379526733764,-0.51906090090394
-0.47057199,-0.456416678794105,-0.460671988650807,-0.428513428942986,-0.391625152161879
-0.392298127,-0.370947921197466,-0.734396840329751,-0.481802762726103,-0.424661412768934
-0.365094019,-0.13317156253563,-0.100947903691298,-0.451302446576975,-0.468948065820243
-0.566160806,-0.391666509281345,-0.496367970826057,-0.359870237320037,-0.366689890992272
-0.387301924,-0.246847496431129,-0.382832172105391,-0.422370006701567,-0.380175304441954
-0.16738601,-0.283264353277701,-0.23848056155667,-0.511234927972559,-0.475718970234302
-0.510452601,-0.352322021084356,-0.440091766381365,-0.511290212778769,-0.461350145759251
-0.722948535,-0.43166676433223,-0.624388920566802,-0.491761025368383,-0.580455639949363
-0.700898762,-0.540409965693837,-0.640699643727894,-0.509193416534482,-0.677778936369449
-0.701965649,-0.558657992610551,-0.585016112142841,-0.681118353129007,-0.598161109895368
-0.427896631,-0.417898803966362,-0.432571160407994,-0.748073612976169,-0.798116447537276
-0.938044057,-0.51880057220035,-0.755000197397265,-0.65720254511971,-0.559233615048725
-0.625507139,-0.434899350904143,-0.431937943026782,-0.721956996102867,-0.82662333406635
-0.808434522,-0.461351389800261,-0.876601774866307,-0.670803972326914,-0.658724944944597
-0.668022668,-0.468058009772481,-0.201472896035751,-0.722267444921975,-0.685857317326791
-0.572138797,-0.429526904067355,-0.534850318074885,-0.632421058854655,-0.672736368580177
-0.691385731,-0.404232543944118,-0.523543989177022,-0.599991605859294,-0.53459874609836
-0.49304745,-0.353541596602828,-0.458377828540677,-0.545192497681723,-0.541102193146039
-0.383725092,-0.418885859854968,-0.404968371627509,-0.571219563459322,-0.526858915195897
-0.509579703,-0.41107180855268,-0.369547939286652,-0.577888251286627,-0.53575390061975
-0.687659308,-0.492755626776668,-0.522072676035847,-0.54372458477691,-0.522843286381517
-0.539910602,-0.431674193217755,-0.496241205634024,-0.469902320028333,-0.639294881092875
-0.683809302,-0.452426954161937,-0.542322900333471,-0.527495381629984,-0.408089782542033
-0.191951132,-0.28258245139209,-0.183653470149973,-0.644059392648219,-0.650262936529383
-0.621630772,-0.479080565213842,-0.512349401567029,-0.569008493704278,-0.488869478603108
-0.734951934,-0.4752874445772,-0.603187148069893,-0.566929186741448,-0.584371406415902
-0.584234153,-0.422278474176849,-0.519740292383027,-0.584562128384147,-0.702655824656478
-0.720318898,-0.557806360970928,-0.578646656969222,-0.607360591213837,-0.578698033039682
-0.557089042,-0.551242770908521,-0.477989861020751,-0.646923361222201,-0.620662636074726
-0.533389128,-0.503780487194912,-0.517395493851466,-0.6001298074326,-0.573491787196211
-0.574764907,-0.381307055040213,-0.523641120209894,-0.581070759508363,-0.534991033127502
-0.518117552,-0.452926187017207,-0.455242202024983,-0.577732793908858,-0.58267214722091
-0.598742942,-0.477831764133117,-0.505874939746903,-0.541597184666973,-0.552394758770121
-0.60027719,-0.47021290973464,-0.532628695516969,-0.528097594380065,-0.52291391194511
-0.459201904,-0.433454884626443,-0.363745562332468,-0.561812621349319,-0.524917111351085
-0.431180029,-0.430525968984111,-0.435937887453817,-0.57791543078439,-0.523132322441547
-0.558533081,-0.427018661566975,-0.473561787138079,-0.534407394374326,-0.524044294308334
-0.654257464,-0.459901073072699,-0.588430205102593,-0.485089291545194,-0.448492370711244
-0.322412439,-0.356591093500302,-0.223437023522709,-0.553123717991381,-0.593354995469759
-0.553546857,-0.376684007125664,-0.544579279693524,-0.559278363619232,-0.448203955120199
-0.507831094,-0.386677377616407,-0.434026805183054,-0.592325508599247,-0.580157578932893
-0.620432786,-0.419057837811293,-0.567880599744504,-0.567246461037875,-0.611912037437297
-0.71155794,-0.497069493121069,-0.477046338754295,-0.687315109314173,-0.663453243926137
-0.687293117,-0.489791480457068,-0.543716700849937,-0.724498986817284,-0.810009565584356
-0.960042774,-0.442587565127604,-0.7930687896915,-0.684429589994878,-0.706056589813615
-0.729737247,-0.49863288692848,-0.753572779061323,-0.743407342728756,-0.803982464275089
-0.71048507,-0.36943719349524,-0.628084258341448,-0.654379387323012,-0.661481957168655
-0.690943879,-0.257169950437766,-0.549477502066651,-0.66484482444617,-0.283745402816599
0.279663453,-0.146924614146131,0.116129406545499,-0.655704577452249,-0.63948735404351
-0.57358626,-0.368740354091961,-0.502259664358217,-0.582688194598046,-0.25482866063287
-0.616038469,-0.368956392096895,-0.522258607506443,-0.568677001418216,-0.632256961588672
-0.804742997,-0.364943547948603,-0.66455867994516,-0.496982273425238,-0.673442486369074
-0.805381106,-0.548928124922376,-0.659138320957297,-0.592426271756221,-0.614995567238068
-0.43682517,-0.375561572697859,-0.389842311548124,-0.664188757586385,-0.685610662701699
-0.578983685,-0.459664721177694,-0.487821944324873,-0.610203025809532,-0.507501520430847
-0.528147176,-0.509186001519719,-0.478952722654102,-0.537196987321535,-0.531736954848067
-0.513812817,-0.447718393108517,-0.442996091076171,-0.536640518728508,-0.469829919444509
-0.371301554,-0.313214707070867,-0.33376417578921,-0.555181771440165,-0.559284214297544
-0.615642806,-0.499938197741224,-0.522958557443225,-0.498154023511369,-0.45814961601414
-0.534926949,-0.508329854215716,-0.495659578505962,-0.505372014627052,-0.519519651886697
-0.452272727,-0.387470772586277,-0.457673487163411,-0.485512771390566,-0.512160556642614
-0.472309513,-0.495307429521586,-0.479004206199513,-0.553046075381359,-0.502309962426161
-0.52713379,-0.409159170960927,-0.469077332914787,-0.517532366878822,-0.538396541785032
-0.614985925,-0.469461118341494,-0.428611779752307,-0.526513078338742,-0.535210807582958
-0.546525547,-0.354219287231152,-0.501310133781933,-0.538481297296739,-0.590687368928579
-0.595981203,-0.409844796445696,-0.562437904183645,-0.542858434599583,-0.524728583755612
-0.492068912,-0.445706968665172,-0.30818475975725,-0.607824884393039,-0.550121598321484
-0.458434887,-0.432310621124333,-0.354609176768809,-0.646268374788079,-0.655988325020609
-0.807942778,-0.288505562981867,-0.614527323025408,-0.617935006244905,-0.627756513278402
-0.856838403,-0.249884818387741,-0.682106301143956,-0.582824657686904,-0.583352063472718
-0.395246763,-0.341376454140949,-0.381580990071517,-0.613177486068508,-0.668025109808741
-0.495683523,-0.437423896301987,-0.472561238588706,-0.58426129311971,-0.474065779006033
-0.483659858,-0.420388254951706,-0.480059268658372,-0.576161542297002,-0.494760130679029
-0.475404683,-0.416619209197243,-0.356165132867306,-0.497257661915282,-0.558266422639875
-0.66183405,-0.426486057033198,-0.499706832579036,-0.45831358058167,-0.469278640273259
-0.463363379,-0.336903891016695,-0.433233939503724,-0.560591301023487,-0.543471007317223
-0.377176917,-0.317526421156385,-0.361325505219552,-0.647336095909304,-0.685426938239631
-0.921189688,-0.510464593477657,-0.666649298554571,-0.544596853026112,-0.526466316699887
-0.647826682,-0.517371918506961,-0.677623642449321,-0.619367236063635,-0.782113928103187
-0.738398163,-0.490878570274348,-0.606512050598314,-0.613873326054477,-0.653259278196925
-0.660773707,-0.348600705876042,-0.581276366024037,-0.648015360611814,-0.590803503237572
-0.43585754,-0.331053530060457,-0.425838679857861,-0.548452907346454,-0.608654942167346
-0.599189741,-0.372516348857002,-0.488380881417599,-0.450188835617725,-0.358724229512977
-0.234620397,-0.243711552359632,-0.174534588980422,-0.464514810047018,-0.446277720884795
-0.291280557,-0.188709578134971,-0.20075258938882,-0.417180547688357,-0.359898442002306
-0.426295779,-0.376761199474753,-0.41641767808733,-0.460401952333477,-0.382128847905284
-0.465519463,-0.380016754077578,-0.580851084580313,-0.386324093318834,-0.463100472178628
-0.547810816,-0.431538173297661,-0.478752349035328,-0.39666302117507,-0.410429937892725
-0.358867252,-0.363529880296729,-0.386227873139468,-0.477485751111793,-0.464541358936657
-0.366145649,-0.403247574444894,-0.334489811736456,-0.46753033275642,-0.471690527197728
-0.585010914,-0.371005065134461,-0.50996612133269,-0.430193597934595,-0.387553642238797
-0.399194467,-0.345542851527822,-0.313173976293602,-0.424212645436748,-0.498827607839157
-0.458695272,-0.328029778155931,-0.411119823327193,-0.408298908818027,-0.394937303429896
-0.387144536,-0.239543298910172,-0.359527226106359,-0.340704049037919,-0.355229644364893
-0.31441415,-0.12646022873262,-0.34400230209134,-0.269862396360674,-0.165195294044586
0.073880502,-0.157792430842023,-0.0706901928028855,-0.367129335089292,-0.150692133545173
0.120177075,-0.0227847283700474,0.145190856346723,-0.313659953498981,-0.248986686857147
-0.557116801,-0.18500725139113,-0.419141160390436,-0.130751649391915,-0.0753339773969961
-0.213374237,-0.128894548228482,-0.126798377897446,-0.313781035081819,-0.474099460466502
-0.447634183,-0.233011102620706,-0.394161628186641,-0.464977988891238,-0.490698870784987
-0.771857538,-0.534681515846682,-0.685192363708306,-0.458323119582673,-0.45983115275011
-0.521982571,-0.307220090756535,-0.401681911602019,-0.346027095501458,-0.552584325792138
-0.476269428,-0.211080125670511,-0.39236810400016,-0.297641643975983,-0.214095402342305
0.012774605,-0.00593015399192779,-0.0919367590048519,-0.394328183385437,0.131243430741033
0.943344088,0.528278867309102,0.40222503436843,-0.305109449324683,-0.203909203330752
-0.373877119,-0.105973396087956,-0.382183287723547,-0.190943723046462,0.303761030409173
-0.171523799,-0.0246316490477658,-0.289081119610794,-0.0967226771611015,-0.23036731157904
-0.327061741,0.112684796494508,-0.279066153885646,-0.0459680740332457,-0.0338900011182679
0.074301733,-0.0261356227349408,0.34720487582471,-0.139470110161526,-0.00342745018735683
0.406782648,0.00410757625389333,0.320147128901401,-0.156197956274394,-0.152315741086316
-0.347321552,-0.105779386067371,-0.304917921274964,-0.0800151759933955,0.0844577214243443
-0.204938306,-0.0829564317765303,-0.220230822708753,-0.24200226394637,-0.139014671289875
0.059792045,-0.0744469236369606,-0.112609355906802,-0.298880642256692,-0.391631666316761
-0.645501534,-0.283275428622375,-0.5245313687172,-0.179810537126014,-0.0700778873393724
-0.130643483,-0.071929080841801,-0.227160713641819,-0.313758271390449,-0.434138865179927
-0.311477218,-0.1299318371575,-0.363717438011615,-0.258316196082211,-0.288713990464374
-0.437675804,-0.26841375370255,-0.453247992882107,-0.303766068881062,-0.188195419666419
-0.067383213,-0.12290065836833,-0.330660246036372,-0.247348374282878,-0.292790168420596
-0.164951401,-0.111456330321505,-0.185064023625931,-0.218581380579208,-0.157475045763475
-0.22539113,-0.0720404592761837,-0.218315788911045,-0.117762776531791,-0.0912787979405167
-0.057623798,0.0929080591067767,-0.0395444432642356,-0.0610320225047335,-0.0257248752861742
0.22134254,0.0727736610766111,0.148942395858336,-0.176630199124023,-0.121684878091834
-0.140228591,-0.0661094534186336,-0.0800308543433764,-0.127971512862173,-0.0551737626040054
-0.32215388,-0.0549885171557657,-0.371467850247246,-0.00131436254830609,-0.0880283508124412
-0.135389201,0.0797125324197396,-0.129207278742812,-0.0400678935053353,-0.0378314921348202
0.31097528,-0.266011237356526,-0.148668830164622,-0.288003684554114,-0.253363510534345
-0.304916142,-0.0958177189594627,-0.334278599919144,-0.215497560297026,-0.177405002740821
-0.697673984,-0.0810242490471139,-0.369510538665753,-0.115287874357779,-0.119518083718467
0.032229784,-0.154601400646032,-0.183340953992556,-0.198491654433076,-0.457763893982032
-0.278399046,-0.242860271386671,-0.265917446932868,-0.325242771303312,-0.207780622895044
-0.341595932,-0.203867192049917,-0.290658720308094,-0.325573959155354,-0.318772724719673
-0.38059708,-0.237912240247791,-0.350191323885231,-0.321508650151748,-0.388289083036609
-0.440102396,-0.37866346041875,-0.471758773070063,-0.367101358400682,-0.436506221284671
-0.568923404,-0.21906931751134,-0.345475835712484,-0.310606158966958,-0.270956372120098
-0.098009615,-0.169978591098628,-0.180491161758763,-0.274764836308872,-0.369720101893917
-0.234292383,-0.0818401078094393,-0.065431675948382,-0.141164027001571,-0.0566382863540944
0.048391615,-0.103024027435737,-0.16356958185267,-0.198775208977203,-0.0749851612362595
0.1629728,-0.0946424501436779,0.0772882026088961,-0.254900131330198,-0.211450903637203
-0.355983458,-0.201807352448381,-0.254440103592146,-0.257920854404822,-0.356468597141932
-0.986411504,-0.340354998354087,-0.644697019014446,-0.0698280902636548,-0.187928481205551
-0.093485376,-0.0708474202354781,-0.0531052457850986,-0.284717644283608,-0.48961694429489
-0.02994574,-0.162591230493759,-0.108960247378372,-0.48368968323759,-0.349240973821577
-0.48139876,-0.23568124947234,-0.386265877373525,-0.361159377718655,-0.287686885684028
-0.581335559,-0.181131173757659,-0.283942443693123,-0.167310227703586,-0.288960529636071
-0.180317685,-0.0902688435130961,-0.0574038545189188,-0.250331660076045,-0.301147787279403
-0.021305914,-0.218779493449352,-0.16316727355401,-0.348583172323426,-0.209583806692733
-0.139692837,-0.196695400271786,-0.138118757426988,-0.253129748170682,-0.239120405330056
-0.480224807,-0.153432632414387,-0.278464517582811,-0.0891642954634909,-0.118058497646113
-0.147518104,-0.00652167445404613,0.0189965807176518,-0.137690797652201,-0.16016260999036
0.133504311,-0.0811325636372702,0.0733640532145378,-0.206520465754409,-0.116964859617014
-0.01560071,-0.16226884788564,-0.266080721235165,-0.165247939573587,-0.0614758289784642
-0.234463157,-0.161394373966219,-0.316752930250838,-0.136555959851112,-0.0292635377632331
0.044973942,-0.122742292035858,-0.200645009398467,-0.424287746964766,-0.420686173542716
-0.600818332,-0.195795408754855,-0.462018946653896,-0.208962884818603,-0.433471553268394
-1.079301983,-0.393059744642788,-0.760183344058991,-0.142068936643455,-0.114228127940758
0.297895283,-0.0186221682221099,0.0856947121089525,-0.450010647374935,-0.404467779087493
0.32247009,0.0792745641860927,0.350327460831035,-0.44819393016535,-0.24512772068588
-0.61550704,-0.309614768350477,-0.550832152816314,-0.379915596238764,-0.092318854840961
-0.484966017,-0.262893231136457,-0.434002928677511,-0.376431552103479,-0.447128503710787
-0.393197206,-0.222155082696721,-0.287756899189111,-0.418554681831432,-0.509509804075318
-0.612051404,-0.264573876704204,-0.412940595173522,-0.361970008369809,-0.252020937000072
-0.152926277,-0.189801432107417,-0.174091717427873,-0.365825928913114,-0.181543213476036
0.322858157,0.282169003869566,0.524414833171668,-0.100025141941724,-0.295927800539727
-0.494565044,-0.210982503341814,-0.545579984160501,-0.290523590631893,0.273294767414611
0.428898082,0.2010933468872,0.366384162095539,-0.160099818254883,-0.391725427839396
-0.426277464,-0.129015687271795,-0.39889358479192,-0.104638404165611,0.0305444505384601
-0.308502796,-0.208749126594443,-0.274269298930297,-0.287951711616344,-0.103654972874589
0.284889364,-0.017655160852731,-0.00513775832126566,-0.339191661810917,-0.598983929998356
-1.095259492,-0.130184247251815,-0.444746771623726,0.0559634439659581,0.240204956499673
0.087640168,0.00285307906022686,-0.00370383974960996,-0.00975108683229917,0.249964140667261
1.637778743,0.0819633758389951,0.457918042626103,-0.219163513021891,0.000714176330242097
0.163669101,0.23889256380291,0.0265735802214402,-0.32104280593514,0.43513476437911
-0.505576098,0.0261824610013253,-0.467716882690843,0.228787060988535,-0.103498129140176
-0.706884066,0.0613680804312127,-0.723274351054319,0.0614265837133867,-0.0313331817145616
0.448990383,0.108876996923538,0.132034689201839,-0.337626430478507,-0.550651428423893
-0.527614927,0.0997494054756538,-0.398244512474467,-0.121405982761064,0.156909027634462
-0.060979663,-0.279683726481133,-0.34426074388392,-0.0905409748734814,0.0724150545379341
0.69252943,-0.0576134103585482,0.473562224328372,-0.174846872215667,-0.18197427095683
-0.194612581,-0.159489436476627,-0.212234424212184,-0.333983465527045,0.000143051437746067
-0.492236635,-0.260394482803299,-0.464267249801634,-0.180604654443169,-0.550335419801962
-1.291482971,-0.130928399862428,-0.919781621114255,0.0938119284809703,0.0405644228960902
0.526783408,0.263113971263297,0.196958371212356,-0.162745673496115,-0.368576314049801
0.489103167,0.224461011812448,0.306168192832075,-0.43591131695667,0.168412428950242
0.244285754,0.202038108197123,0.0731673474103496,-0.420162415035176,-0.252619602549524
-1.014826853,-0.261988819449475,-0.886134107227176,0.10627098746043,-0.192988837901215
-0.913180183,-0.249075001173424,-0.505695228485744,0.133163841767888,-0.0304826837747223
0.766144348,0.458830597442265,0.526502356361923,-0.0252357369177542,-0.0863555862611557
0.897036317,0.226856851955419,0.547838853377331,-0.168550327413271,0.138442444630984
-0.233644807,-0.0208247993006751,-0.255290931938716,-0.141009778375289,0.283731251038532
-0.175884934,-0.0962608951750036,-0.218021072347459,-0.00730882217422552,-0.446407970467326
-1.012549393,-0.409879971779055,-0.776968514238991,-0.0251605294182686,0.0551457617990713
0.39774507,0.000267711023738139,0.336773347019911,-0.496745662744561,-0.667325867064504
-0.42682131,-0.310283315046014,-0.410749654197047,-0.440958026011055,-0.187722126716397
-0.591004047,-0.129397196794265,-0.427072158777411,-0.361676556834929,-0.427356838254477
-0.709789928,-0.0119422798173224,-0.493445054834244,-0.109628238433341,-0.00711905885553676
0.673653669,0.4115173971183,0.329305574496351,-0.443128238827562,-0.458829886811899
-0.230879804,-0.105840350583985,-0.225146969849435,-0.2583786106098,0.117466561098233
-0.280208631,-0.132495900123543,-0.284081512728144,-0.158181352899725,-0.0518601534223917
0.132423475,-0.0251852768374006,-0.022855174160569,-0.274060365134685,-0.430228575719766
-0.649901762,-0.402104194781447,-0.536450206663464,-0.219319188368089,-0.132877515788815
-0.352660972,-0.245313367836282,-0.281507538047254,-0.333606076941126,-0.40414266529654
-0.235802729,-0.360080981288457,-0.243658328920463,-0.372955989287976,-0.412388262116444
-0.413599722,-0.199268264892199,-0.456066069691175,-0.47741721269719,-0.43637151932269
-0.681798053,-0.336205205489829,-0.550115369812496,-0.323201018318678,-0.30387930758112
-0.202325845,-0.161760204932917,-0.318811253351389,-0.470473894020292,-0.638111850431153
