630
3.688073884,0.912116026460235,3.17601060682492,-0.196095014702738,0.761431891819871
1.162116253,0.563107409390082,1.92337937817286,1.74542355059805,0.879006801588919
-2.102275453,-0.694447989344832,-1.4278118660156,1.17581412348609,1.67564798878743
2.527565823,0.633163479482596,2.51542461167503,1.68453783627399,-1.76425989744988
-2.844832609,-0.841953282712616,-3.49374976046999,1.0538971657078,2.50391552812808
3.338952448,0.624909022418326,2.90804352087519,1.09464197932214,-0.214960030280088
1.699528575,0.229732793429178,0.924763763370582,1.26621890092684,2.11526558230246
2.302136187,0.618291752251847,2.17367351178318,1.02773370196603,0.0956269868032259
-2.133336011,-1.17063913660392,-2.36488289788647,2.0247076247182,1.72341049681522
1.089957511,0.661784740664026,1.29009489527969,1.75601451155751,0.227160730041863
1.841493019,0.766792525177909,2.42488489596041,1.86824245414037,1.57916335471057
2.472576649,0.950437930386211,2.60036266673044,1.48413570138772,2.0082163614945
2.414750753,0.684015387708719,2.18557912371236,1.93278548955984,2.15232034404895
1.859147253,0.664519228999012,1.30617483905522,1.99441709719471,2.44208098503751
2.798298968,0.356850522253699,1.31295187003244,2.11402458202189,1.30464811338419
0.29740445,0.291265524606769,1.15898029680777,2.10896353073935,2.71928299436728
3.261546839,0.661501974314745,2.67896648319579,0.768233480960659,0.314397080828066
0.033740847,0.452104990549663,0.381450922844385,1.40420447499791,1.25909038581807
-0.871505577,0.181269017512414,0.458778756363295,1.90963774125735,1.52549720756929
2.593921579,1.06252325986019,2.33184854699643,2.06626696565173,0.954166805432988
2.55472635,0.977301967531185,2.13031650847742,2.06105755250725,2.41508137606836
2.60657849,0.830732386010343,2.01769979583142,2.03137848576585,2.94560386715617
3.680228952,1.26029468095932,3.03133134914685,2.4430383977728,2.21324442326559
1.744944784,0.597459053955575,1.09323249210397,2.71569583071882,2.94029009215088
2.290730277,0.656130185207124,1.38179225239855,2.73451183756606,2.39468153875345
2.754366114,0.893201020148082,2.33280923096922,2.77073806316821,2.58172841926557
3.017258705,0.884264867770516,2.51408221184933,2.24043281100714,2.50625344736973
2.57035682,1.06789298929257,2.40631014899499,2.59232111755432,1.98028329049428
0.682359898,0.55101055870264,0.91118940790757,2.55475918407367,2.69569905290028
2.890852168,1.1287468835126,2.20713122878404,2.5433976831651,1.50190686947549
1.786033821,1.09197951766362,1.73839925253896,2.19375908461058,3.00620231280342
3.672133487,1.53777937473564,3.03342230727036,2.39602517168965,1.91294983496512
1.702662074,0.997290264997336,1.56835253336694,2.54989203096604,3.270865757947
3.317447003,1.32002398440692,2.83524787200303,2.52421747661257,2.02654584029473
2.000250754,1.25779516338265,1.88318258296346,2.77111246802294,2.87208103921612
2.64106645,1.28513664849991,1.81187099267857,2.52170360928591,2.36861787249997
1.528097991,1.04082303173375,1.53077339974433,1.58909670432953,1.65725766825634
1.686973125,0.977116780821654,1.17058263740682,1.82722984158798,1.83069678124031
2.075215267,1.20306610605078,1.80268047552092,1.98824749452726,2.04649436849647
2.41007523,1.32527980541334,2.26978617543604,1.92538175126315,2.27508125042968
2.679031237,1.3723763550766,2.26360997171675,2.38818663670555,2.04028803086347
0.952635929,0.591472512758501,0.77709352777778,2.81491082118217,4.38263961501398
6.762955907,2.81328172475299,5.81716870923608,2.18821648996846,1.89094639405511
2.642630697,0.835179224069638,1.95808665742386,2.71748962520369,4.06920384984688
1.99254331,1.18217870092526,2.32436289913323,3.19173783092222,3.28516666235968
3.530662909,1.71472610382845,3.52408811278341,3.30463310515626,2.52704701782546
2.981560423,0.938519698272493,2.40476018233289,2.43671739207823,2.8486189005269
2.681878849,0.952800840927822,2.17870630480662,2.21645866669781,1.8229792671382
0.547051812,0.302990067126781,1.07808457843726,2.42560118718513,1.85906214206718
0.713403594,0.346984893068308,0.455751910264838,2.19617002457676,1.69586755570202
2.581684435,1.28787114982591,2.26772473932453,2.04110581714609,1.44292005062776
2.195545699,0.876396207761038,1.86903880337761,1.84402371996394,2.09264526946278
2.25645733,1.14102955555432,2.13712642129469,2.03303803669965,0.980281430684512
-0.701987763,0.0501963153003714,-0.036962285053018,2.21799687356663,2.27673067152684
2.395570788,0.980990963507496,1.81983128045198,1.80492999802696,0.761757375158957
1.757542608,0.809914079661825,1.51123187006051,1.86159114088447,1.96184345835761
1.860158544,0.767098278503231,1.4618913600459,1.9540901651717,2.04710005920851
2.26142113,1.24306365176037,2.27378214395122,2.13955182743738,2.1867631963322
2.679974454,1.13959404888758,1.9700229080056,1.93154913327157,1.91777947355773
1.552488494,0.809569809838431,1.299577036656,2.11420468438635,2.35794811318094
2.135455521,1.21167805522341,2.00568719221543,2.13066103166052,1.83060127017857
1.92446701,1.22182077676824,1.80136398205755,2.17109793307323,2.08458341300216
2.134302175,1.4142146272411,1.93728036277843,1.8287822479534,1.91746641344967
2.073557642,1.20703305717188,1.86497670082531,1.79702275941867,1.47245561028261
0.712324751,0.577072205147968,0.680661644291045,1.88416038975371,1.81732236338084
1.509359294,1.25471121250841,1.69889099292096,1.84051338326555,1.36971124068805
1.719001535,1.28847956600434,1.74939982466063,1.8038540222461,1.9139846527813
2.505513351,1.28414751647894,2.32213473397182,1.79571829467227,1.76309856889814
1.698161251,0.886886434354736,1.49219998037283,2.26713829822464,2.55217750332714
2.797930757,1.28073331383698,2.16665873842522,2.09272953516429,2.05055055694041
2.308570989,1.24800210580896,2.03516663571138,2.3317915779109,2.45182517940685
2.228788167,1.23771410605001,2.02378455832653,2.21271242215482,2.38227218168468
2.61697052,1.28429757611688,2.11735071409863,2.02450174839149,1.72565275199549
1.369103414,0.957058946296337,1.34150658309996,2.12879868684694,1.41150895602927
-0.106291869,0.0980621630024724,-0.0719337856091769,2.1688545045467,1.94664196440344
2.346199578,1.25172324882395,2.01042943434879,1.62323002228124,1.24043672305793
2.493199908,1.67536698643202,2.26914175054777,1.5907936824547,1.740549611689
1.304575474,0.876073812659113,1.20837147057411,1.75521696068219,2.40007947748763
2.5146263,1.5711377742684,2.38017665761563,1.72819844009353,1.5398920905196
1.900707864,1.10083332420535,1.77722736467399,1.48860469595329,1.15302931699547
-0.145300117,0.188161672271127,0.211916465443039,1.67599502674491,1.22269905538183
0.066516043,0.216336330812809,0.128230372191886,1.8159758144963,1.48429463825627
2.855170458,1.48995539857346,2.91469676570738,1.54429231449192,1.27365768745054
2.519274385,1.21811829976463,2.06299937746017,1.69608332297427,2.29874679666603
2.190084496,1.22875460645549,1.99068835092073,2.14792140876991,2.24224856700368
1.968583428,1.32634930233857,2.2911330750357,2.20292624049907,2.13178121090163
2.291355719,1.19869101525363,2.14638052749043,1.92066164768693,1.26517329866896
0.328445042,0.436209086284401,0.652010929682291,1.90921758090468,1.93193662609354
1.585607652,0.895189166683071,1.4477082800127,1.54258061820917,1.19804984565786
1.840412594,1.1055361814335,1.80820589128509,1.54254278908629,1.43780931659593
1.37664933,0.630401455433997,0.9974429555063,1.48969903069733,1.77484134380849
1.700697977,0.900551211894074,1.26501571760849,1.72436384519471,1.7977177611508
2.243800688,1.18038066025555,1.91369469007927,1.59581600707911,1.66739329383722
1.718083711,0.937538603580193,1.78675276427458,1.89274207465524,1.78915909063487
1.19141997,0.713552757925027,0.909464281587753,1.97198036431062,2.25581568176808
2.884888709,1.7456676224461,2.44959672360884,1.95259906252685,1.55865955687735
1.75871315,1.10809207160275,1.65159233164653,1.88277915556756,2.46286948335932
2.40137119,1.44816555352838,2.26244684215437,1.9845213088601,1.74668344328859
1.4683736,1.1452271552106,1.51035942165006,2.26136729392741,2.34139145373919
2.407564946,1.2502532219687,1.91064083200139,2.0459588318091,1.83644553995776
2.011186112,1.16760283943274,1.75290564008586,2.25526863055642,2.36467369662886
2.507406931,1.41302498943552,2.19403174655814,1.96494813159216,2.06586658991612
2.214152356,1.2570866615367,1.91616385746203,2.0642684064829,1.87738586009061
1.238017776,0.870863873653417,1.31733814808525,1.77042667680225,2.00166680068221
1.849540589,1.12772154626299,1.82515069185002,1.60883342683509,1.30585835603697
1.264680991,0.857645243854134,1.43268741252695,1.56014504142617,1.38114888172804
0.792538394,0.843607792638322,1.04707949071548,1.75309366811663,1.69835811187538
2.04944548,1.05597010689443,1.70263101353315,1.6345496917078,1.47963360553849
2.115312854,1.1303191418267,1.91496982125489,1.59698358889378,1.89124534381519
1.969872363,1.03642588496409,1.57348909737177,1.71567599735007,1.82240819226956
1.530620514,1.05707937004979,1.68473113274034,1.92993690382805,1.87531504510251
1.76450058,1.18812832963583,1.64044468362025,1.85707445356316,1.68122585073196
1.746510324,1.13874187087449,1.68935608630046,1.82855734836719,1.79976046927589
1.855684642,1.08278549185404,1.72493485913607,1.697809531372,1.81404838641187
2.117960247,1.35017266441108,2.09536010951065,1.62469948435557,1.19408371237437
0.386940628,0.284638103586911,0.342264715489995,1.82404865834913,1.77218849378986
1.359163326,0.784621323200179,1.26398858525687,1.60311184781474,1.36324534817209
2.260590154,1.26243370752629,1.85842996874684,1.60827193380344,1.17463617483546
0.927288905,0.567173862503551,0.828400182366746,1.60358503807711,2.08714027383538
2.097440291,1.22862997617427,1.90504782150186,1.7347301720845,1.49291120915871
1.98405727,1.17344362186021,1.85560165118068,1.85248461164276,1.62390150585263
1.274318297,0.810878346585855,1.25941528217677,1.47798298989048,1.71008366076494
1.555060826,0.698699213932677,1.11031907022421,1.5070704969863,1.08863129185734
0.627401157,0.721586610295589,1.04846699752362,1.84303699348667,1.64469992444689
1.614620778,0.898829859212477,1.50440962557685,1.77086795128455,1.67555399803237
2.629737229,1.14324785200713,2.06542370944766,1.75432871626491,1.92051258175174
2.351598008,1.33945041712078,2.37057879574183,2.07026574868579,2.41373052858445
2.365545307,1.41095911070915,2.16223911247621,2.31798692038352,2.37858652116303
2.398247773,1.15509106901084,1.89557697993085,2.16962208734011,2.35289566136647
2.55676531,1.09803229241841,2.03729712566847,2.06519798806982,1.75226482300328
0.919403219,0.63561198339322,0.933544826859913,2.39110111084585,2.36493479054123
2.136629751,1.18256010537439,1.976274743161,2.20324174575763,1.85190877148181
2.561213546,1.48186010884301,2.24982191108602,2.27556436255078,2.21379588136748
2.349743598,1.33083021607839,2.23974781121176,2.30863075391457,2.70453138693957
3.010973642,1.70811930917652,2.60210360336088,2.34062264134818,2.43139748438855
2.551401733,1.55806693434718,2.0911663290289,2.66931404926229,2.54212383293008
2.006390468,1.34709144627228,2.03143276808363,2.68180819330346,2.85061736493467
3.178438209,1.69845553333563,2.73763686429702,2.62430611932183,2.35974901887958
2.621894114,1.3457141589677,2.4144985521687,2.36500177301042,2.82306177113822
2.725176744,1.54906650330742,2.70139834468695,2.55822066185163,2.38568160386515
1.833632146,1.09035941355634,1.89650881163717,2.68495595945168,3.13204263577628
3.862818667,1.68853491516395,2.85555473828382,2.09687729577952,1.85667485716466
1.758035061,0.92224785883452,1.62434391963305,2.35406251697266,2.63164177193182
1.522181034,0.927400212851655,1.29441169432039,2.54067202553339,2.31921413845202
2.479410304,1.31042731370386,2.17317550865692,2.4899103361333,2.4655946783447
3.501267961,1.61613646233148,2.89372628465474,2.08233524334392,2.3623776838474
2.38027067,1.03157263792994,2.19082289520314,2.7711920590788,2.84494511157043
2.144413991,1.44532538654236,2.20705233344505,2.93419864561176,3.05736731868343
3.805786141,1.55020402861383,3.45176039268167,2.68155671812679,2.29169519379097
2.347560511,0.875694696503195,1.85497147751525,2.53951589441179,3.07169612369245
2.704423898,1.28978170256978,2.47482380823986,2.47432158507205,2.19635002540235
1.843394789,0.997264491557623,1.68963702569925,2.38891111292385,2.32459027764857
1.961483707,1.22530742408756,1.79708840518453,1.99361694854082,1.9965367179721
2.216874807,1.38423741000575,1.89563259411157,1.89577213725144,1.44839473282328
0.684816648,0.570415565066302,0.73277988605947,2.11704096381468,2.263375877829
2.36644915,1.19786910169325,1.96556596510959,1.93639305693327,1.57659291177294
2.307540812,1.17259194261522,1.79946052313235,1.94066495967356,2.01726011829334
1.852319202,0.854491512410013,1.44150864740954,1.7971818960985,2.18279968216058
2.136074062,1.22659446788163,2.11430325018557,2.23712887551986,1.84546133747921
1.638629115,1.18240621761291,2.38469906007003,2.30794429963412,2.32189198627428
2.560245251,1.57493650885192,2.21446971176916,2.1756863906961,2.06868056388537
2.546387113,1.45624540072792,2.26679107513119,1.9804120959215,2.09810391727417
2.271053067,1.3337400700909,2.14434876781199,1.80150613797794,0.708870945056309
-1.62205532,-1.06619759834084,-1.63141195143398,2.25165440330697,2.04625652265756
1.694329333,1.03141335217592,1.76160053284442,2.10379923942856,0.625462663034175
2.258753327,1.2488948381242,1.98351536187868,1.61524674704889,1.85451160547387
2.624576211,1.12648115183376,1.8624918650906,1.45302466368772,1.69909070925287
1.167328505,0.735975914522358,1.09964927518407,1.99841033430511,2.25158660878787
1.959839077,0.956816389656781,1.86465901254984,2.17470840139615,1.6522928829245
1.736805996,0.65275222032804,1.16443979293187,2.22454411704918,2.44938244201671
3.124672163,1.62907312357655,2.95028486312815,1.993698709112,2.11339264494054
2.505165415,1.26611710571371,2.18566607160442,2.36200462304163,2.59384523835936
2.255015037,0.982360952381935,1.79157005854278,2.37619094280134,2.45484155778262
2.439374664,1.05945031830969,2.20373522080962,2.24078572218014,2.04727628801651
1.827339182,1.0355313323169,2.15304074689019,2.16534036717805,2.00758593840319
1.564256921,0.799515785306009,1.42773173699252,2.12832733060513,1.84736665833997
1.635961024,0.963052726169494,1.95660035075162,2.17732094814685,2.10039390497252
2.600847039,1.15738792678869,2.34495021067812,2.24464938570717,2.06031338080386
2.451978175,1.24088432903166,2.30362406963194,2.34923574245961,2.57261533098342
2.981104417,1.39005480723359,2.73211467283159,2.00993829647165,1.74477006770475
2.125753693,0.406671078571543,1.68789660229251,2.04579908489352,-1.11603455151557
-6.494148108,-1.58061889160622,-2.71849222277946,2.61793309991213,2.409990574058
2.534973288,-0.707564392858703,-1.17959885546423,0.903116092846543,-1.18199269824819
2.980795675,0.332251459376227,0.0189074998935284,-0.308395732409031,1.64326622587611
2.335237088,0.541750187899848,2.09911322112825,0.453083990406112,1.11839419832982
-1.076404384,-0.793991829746735,-1.09564088250334,2.6074882140826,2.5686873353437
2.840317137,1.25694703964311,1.62890710369868,1.65004920659516,0.812741394056551
2.413420057,1.11046448207269,2.00246972770735,1.83912488987073,1.59815600683162
0.79649152,0.244892923698484,0.93083963807695,0.959607784821322,1.82662208818082
2.124829117,0.70405817476266,1.87123135402509,1.55905997998448,-1.3279813012033
-4.865219498,-1.77419074726883,0.717884856994405,1.81742978670318,2.45721700717872
3.334707264,0.707106695562363,2.88373766048802,0.283908152764176,-1.52667559378295
0.66292672,0.0283442878074876,0.568682728245293,1.34331848121208,1.87821380536216
1.292810728,0.310667468476357,1.20965740856054,1.54428502770825,1.7820821829247
2.66410214,1.48194711931227,2.30616288143193,2.0229913233771,1.94223783659016
2.718486616,1.58677767202172,2.33460955171753,2.14628629728589,2.35614115686049
2.21286244,1.34174301237904,2.10781351941731,2.47134376451641,2.611737427382
2.543510967,1.52448369134213,2.21105476099889,2.55725989568761,2.41751495087395
2.62193006,1.36806217351145,2.08838328404653,2.17059618590357,2.33131816724893
2.358769236,1.24795291182663,1.91674006239747,2.16894536470305,1.8131204705832
0.722925336,0.63855245371088,1.02220464948536,2.6340315741928,2.55576465993896
2.705127031,1.16110783569893,2.06899890000297,2.24937108286065,1.87521698777582
2.806670631,1.23917760855854,2.16555579407663,2.32154229584693,2.52560950082084
2.449263173,1.05448882440069,2.05181320427175,2.41946306562326,3.1224647375335
3.874378522,1.45305982127719,2.97639783227625,2.24664750873265,1.91105302873961
1.309214486,0.642994389543126,1.03032399463952,2.03828002335487,2.54904553353535
1.677484924,0.93062365168493,1.79499103004481,2.03577143069538,0.847156000229329
-0.304733369,-0.290094640934296,-0.528015462080283,2.09600532361269,1.80609609074182
1.873792587,0.927122296306291,1.4537650775618,1.61360420365748,1.1432425800427
2.342719939,1.21258636932553,2.1278579007445,1.59221423914222,1.80616171752985
2.060125658,0.65204115961089,1.57190619338987,1.81491811412988,2.01398405499094
1.650484118,0.660945370144933,1.41265112883838,1.95751288288946,2.35960667002412
2.891083022,0.914958855242059,1.79277637065759,1.90088485891412,1.44496090209372
0.95510646,0.536965543818775,0.765557575621363,2.08472280459771,2.56565165455931
2.552957008,0.921342395987032,2.27946100167762,1.62641603458897,1.43037380725655
1.811033934,0.580226363623535,1.51262254337468,1.93623863172399,1.51713497437514
0.348821917,0.418103622815692,0.645830121500009,1.96259265922795,2.2293457282213
2.548803332,1.03304538187006,2.07408656577817,1.88207334753008,1.62326666019585
2.849272367,1.19683047262081,2.22569822818198,1.31097748378976,1.94107332431722
1.905248231,0.755976740223649,1.535497472392,1.38758231857603,1.40966377425311
-0.214617672,0.00216818544354935,-0.145739458363922,2.27967531087666,1.82288192402414
1.427650283,0.805304788670625,1.55131116791303,1.90798392775697,1.39122626011638
2.975342245,1.37555245894758,2.40998112731619,0.956085667259389,1.05223027385503
1.363752982,0.607340094196339,1.03534661382069,1.0306121490562,0.40176701403438
-2.606825779,-1.55766742657829,-2.31349301081075,2.17808892121041,1.80268315047555
1.755924962,0.777080178399411,1.6140931105067,1.90448637184632,0.831352889473616
3.931104295,1.76827453602824,3.19305930414446,1.6011011293483,1.60670674662533
1.798879165,0.91548329132965,1.7142738658422,2.29611614368485,3.38936453451127
3.248964923,1.46247959287746,3.07236047005784,2.49661386099684,2.68239087027978
3.630665386,0.435922783057715,2.05919896329371,2.84435428550379,2.27395706171763
0.577754279,0.101765675268425,0.256736858088265,1.93978749578857,5.06221350979453
7.872634771,1.48233088728773,5.66683641070227,1.97806191168386,0.129165967354368
-1.408319012,0.116879019592145,0.100884004236772,2.6846605913544,4.86452230854568
2.712953218,0.424021880304854,2.19247012979769,1.98996233743507,1.83950321121971
4.166285126,0.852737576545705,3.55041892719653,2.16327260522803,2.16705051462195
2.084373852,0.687966556047654,1.69434479775638,2.10008695335542,2.8817485399597
1.934933498,0.550970037422846,1.4451038158961,2.12303948485778,1.96182359542073
1.732435766,1.04039047625262,1.92964569980202,2.29999203940289,1.32086856985058
0.229208246,0.252687461215203,0.257051223361891,2.24831070216755,2.38527160517093
3.08214035,1.37857860441845,2.65103849168401,1.88607719726402,1.49154620116263
2.58383357,0.942802526622113,2.02735850397271,1.67922288003963,2.4324664933862
2.427407121,0.762998028774226,1.92567216496829,2.03270109082112,1.6761061492787
0.114052284,0.39668819607086,0.527729998017179,3.11839811080575,3.41242614759239
4.447931937,1.97193204810532,3.69270509125053,2.6616838499921,2.20138832051431
3.906816958,1.42791485738334,2.93712567393167,3.09535736856823,3.98175847971048
4.246918077,1.36239467529989,3.40059235154629,2.92969990591975,3.62497027285995
3.679112294,1.60733569307293,2.93046946236551,3.28207526497435,2.84466621644211
1.422607088,0.433906013106962,1.14164610189732,2.6436008069391,2.83024753166503
2.153136842,0.878431054825759,1.91428015406606,2.0623747261177,1.13179865515211
0.265493382,-0.281462625494935,-0.386352558123864,2.22791384859714,1.93296177163298
1.532159155,0.527260332556606,1.23523342832964,2.35519714834698,1.82905648549699
2.901443798,0.917649148388196,2.373037446054,1.98652257449049,2.86484526446236
5.038140745,0.962712044869597,3.48257393531014,2.13708670326923,1.5497995840038
-0.428432466,-0.139672568819598,-0.0478030393263802,3.24548525672529,4.9761219673398
5.714433446,0.953775744379437,2.69188906828033,2.5791918123059,1.53914940383268
2.932431141,0.524710079761896,2.0551049797776,2.41564305181096,3.27898921520411
1.699423265,0.302833152870798,1.5122030598354,2.11733852401292,2.29840601327784
1.252809171,0.575891670538723,1.45989957251958,2.62264972355267,1.97483438885417
2.079658747,0.816297254377182,1.9326973515076,1.93462126415692,1.52100874031192
1.629115039,0.805868235070083,1.73435679573548,2.01772083064776,1.99658520420536
1.882205372,0.692567572385431,1.56596165792398,2.33401007816113,2.24806616331713
2.783120799,1.24676033157147,2.40452285846179,2.30230418162081,2.4271762920896
3.121678075,1.15309396676549,2.10537133273305,2.22257138833803,2.48507219360425
2.368236505,1.51924218000572,2.04921235242626,2.57254934372956,2.57061135258552
1.93524271,1.20051406911327,1.55504193741187,2.84213306743393,2.72236871720868
2.971529147,1.69146313077936,2.45120132894406,2.52288517155201,2.50171160127084
3.220591968,2.06364921646571,2.73756195235133,2.43546807378669,2.24824773244274
1.527062941,0.921480713306023,1.33891147410224,2.48915639525543,2.81555779935132
2.769081411,1.67717127667095,2.40396538438736,2.18141424680063,1.27099687156895
0.94598329,0.399158861462936,0.704982895853726,1.70362515792808,1.19548373328677
-0.547229274,-0.227053837433338,-0.553650789269015,1.90541946774761,1.3875154814812
1.352265592,0.681170032868851,1.52374635615959,1.35799898549351,1.28584859637902
3.301167276,0.810757008498181,2.39789547236209,0.519400716289446,0.724577150851733
0.288309894,0.0349021502803811,0.0361826092406577,1.16188209025524,1.81136939345463
0.42789869,0.401834930869025,0.755321792359216,1.5774719512068,1.30125297936842
2.062867278,0.618760452065513,1.7851583557296,1.2351642616777,0.761302536079255
1.058542603,0.441760056449921,1.73116347926244,1.12805267027351,1.43002620094885
1.366135387,0.536045334260565,1.53628803247903,0.85967140977187,0.170856260640941
-0.639430783,-0.261207562941953,-0.647799017851645,0.516787510734878,-0.290879255150079
-2.434349342,-0.934204241759659,-2.40987435818512,0.249139385865619,0.329642455096785
1.177223261,1.01278566282144,1.47759628934238,0.898915789220007,-1.05442744463762
-0.541424945,-0.630066162198608,-0.72702175929074,0.571878504487514,1.91594433535706
3.283942701,1.69189580414622,2.9801570085017,1.37570542938478,1.01506183161532
3.10794624,1.4743372155487,2.65828695626883,2.23387834965918,0.523153345961032
-2.573187586,-1.33235584069984,-2.4606143657029,2.14137094108304,3.1799890735996
3.320320467,1.64167081753391,2.97541087281567,2.94123739716189,0.751761247972397
2.93871648,1.39270982166768,2.5873114528951,2.78563151066382,3.73122448142548
5.307102768,2.63559138541039,4.9457996610285,2.29342972222288,2.73480231664244
2.539566766,1.22053478036442,2.26495792423797,2.99022270129343,3.89925757427071
3.069492584,1.52679184840571,2.7305590534816,2.79068344990772,2.26962472011887
1.525466504,0.579636910316781,1.25686855826916,2.39099866732074,2.66350365854871
2.676333336,1.27683770220111,2.18671191640577,1.67378426902739,0.901765483586228
-0.050535026,0.0963640011225148,0.434248787610107,1.91395984893501,1.58007684257349
0.318329776,0.140073835527239,0.233151511362624,1.26861970046568,1.34078035308769
2.720778072,0.49675600111225,2.29954417944287,0.831766709916217,0.264932010884134
0.112408606,0.380171346559976,0.897006851806563,0.982661350213382,1.558536489661
0.787845167,0.310169156665594,0.746474022632843,0.571011192221637,0.513925315910177
0.861691062,-0.100647005499833,0.740512289173619,0.491534130702676,-0.144924083652993
-1.223733129,0.0583943280925736,-0.134751318916105,0.787914776099592,0.466338163132509
-0.376558239,-0.343825661825206,-0.759396600089351,1.17186718886198,0.909639891652948
2.719739602,0.923647825657639,2.25687569826204,1.70546059026846,1.17545698925123
2.833546363,0.838030830294862,2.46523269841471,1.53735702492266,2.45421746587005
2.992219866,1.19862542746525,2.68945873436172,2.32552422735314,1.77805834303131
0.367199792,0.188563415989205,0.113403147130784,2.64949160922931,3.14105467378957
3.608895507,1.40403987181411,3.25508612767728,2.41674242161456,1.24084598902102
1.509213386,0.438450767371191,1.08750434187201,2.43667790703608,3.06837082329866
3.097910047,0.83638162437638,2.23727013470545,2.17140802765215,1.9542165739759
2.096300129,1.05590327464416,2.15641658975796,2.56407296772957,2.67097240478922
3.051023224,1.48634609716576,2.83552260834663,1.7727486158194,0.612563560397078
-1.430107072,-0.51710745554813,-1.28163086012145,2.18702424000362,2.21182020245534
1.443598411,0.511664765407062,0.544968920321125,1.71671348317211,0.513693186253545
1.612230613,0.960881630095834,1.74720663499409,2.21964662531257,2.00204677948032
2.939244136,1.02309793793384,2.50909826631971,2.18383292977686,2.08562562365642
2.526206225,0.991014778428423,2.27520752627375,2.5797763310248,2.98804493185918
3.365667406,1.02333359199917,1.92946776419894,2.37960184403703,2.56578604971214
2.665509091,1.40601696183074,2.33405755538516,2.54977507448511,2.65312517866988
2.110032204,1.04528553710972,1.89157176132327,2.47468395848853,2.26998590167304
1.735676821,0.92533986061529,1.53783225396013,2.47118028825547,2.1440213380589
2.08394893,1.1891767333248,1.75249364443297,2.06214536344457,1.93729779459209
2.111675951,1.02048892666308,1.9638072255527,1.93397571307863,1.93266297534577
1.719527795,0.75207932136143,1.64158814315666,2.16276604785637,2.25537040220228
2.40483281,0.410513928578582,2.05744572444777,2.08972792064136,2.10552212767121
2.502660692,0.595673788015174,1.12539782425437,2.01878375642271,2.1786356100696
2.069409569,0.842807816909035,2.66191656038218,1.97569899543753,2.19641522295188
2.121469867,0.844278164966714,2.27099560446378,1.56185062279666,1.44990595400474
1.19609752,0.319038208262103,1.49008227955375,1.37927691305872,0.238279048320976
-2.25713626,-0.684823407328952,-2.00740166611033,2.17312386129311,1.57624776261472
1.384797999,0.452672007449903,1.70331254600564,1.17627004028687,1.27535148640057
5.163168841,1.48916453352126,3.91496202696754,0.407779147141763,0.0606871726596634
-1.217238499,-0.165756062272985,-0.2945530096067,1.35519728289306,3.05372720732311
1.55942911,0.561756663407411,1.12686228300458,1.64139487972218,0.672476982408652
1.668054562,0.472476636634594,1.3827005471866,1.50517104558544,1.57940117091111
2.047559452,0.417010840821347,1.56161656031527,1.40068462337737,1.29192631148789
0.6272438,0.698184651839301,1.0739176731945,1.8834300694129,2.46388369801235
3.272554221,1.4694302015498,2.89532848702991,1.59975652951638,0.962481083629321
0.888531178,0.466672889001601,0.934664285468145,2.11714978902245,2.58565908018012
2.237848079,1.28962933378971,2.01531771941268,2.09076625531852,1.80434198905048
2.402657605,1.46809636966888,2.19663644385224,2.2556638086056,2.29093748077241
2.524947326,1.57211150613965,2.31221161716469,2.30325707449876,2.35960413842645
2.259211128,1.09628291001886,1.84667201031099,2.39451174063326,2.73125265702951
3.217433455,1.5130954166267,2.58560695722125,2.07494459522306,1.90783007756376
1.610102519,0.540861680444827,1.05315434996977,2.05301087324796,2.04592229870614
0.913975697,0.604785344088427,1.09169906059013,2.15132148289241,1.70129826253017
1.502873689,0.69949868223371,1.17307888733141,1.91170187820479,1.50788251872585
2.074613183,0.706210163706943,1.79984738331209,1.33596033426515,1.38769975390956
1.264459518,0.404759857230994,0.361095753301241,1.72596504446124,1.87458539332605
1.674756399,0.530969889099022,1.83906767796944,1.65036497553187,1.84226140149529
2.557263559,1.047817608886,2.23499051056271,2.01447426103011,1.27935760085979
0.608652931,0.236986521910059,0.40857285333551,2.22633730007466,2.58300867135063
2.888724773,1.07351509740784,2.51422596619923,1.84764622306496,1.41462271077512
1.960563631,0.735436705416906,1.56029356198038,2.23810641431265,2.23606739153744
1.70448693,0.897202148568231,1.70706265019905,2.08621376853343,2.47997217816995
3.078702503,1.35790547926033,2.53831943896348,2.21537905216978,1.83986392892328
1.906246525,0.919210548572149,1.74765393681962,2.06480829868083,2.44920929478576
2.148936486,1.0898866647937,1.91619361191161,1.88754883742844,1.66444992226795
1.27686948,0.603255818641735,1.02468056918536,2.18421295053497,1.70447114402612
0.868951754,0.421350270639589,0.573210867597504,2.53440199069768,2.4895425245095
3.154534997,0.99179455846138,2.1293801223934,2.50473083606617,3.44869280665719
6.31526813,2.04404466508226,4.53845555234727,2.54514250086523,3.34435395387151
4.08864044,2.0179068065294,3.02926651243156,3.3214753703426,4.19413943203903
2.57114517,1.15106795618934,2.49546430866961,3.2461519802463,3.54156749562659
2.866242576,1.18577453917016,2.60592128264042,2.90557976355751,2.42709104039609
2.056605244,0.709947318828205,1.639089567284,2.45781542237528,2.32720568654227
1.781396333,1.00688809778772,1.61752708598759,2.03305578623145,2.01592281219716
2.073009092,1.1444937223456,1.90284368262506,1.97968986388901,1.2280037390297
0.334192345,0.481472676945551,0.488968436457645,1.98338506053517,2.12433881577164
2.295812109,1.40007332026398,2.21721096550784,1.66433261573565,1.15886095629683
1.831316488,1.06875618060936,1.58096228797175,1.41319041425225,1.59168731030392
1.233626433,0.804109651762265,1.12992628425912,1.44040122163196,1.2476273162783
0.284066718,0.12206939351195,0.19516972849571,1.89420285296218,1.9683875536203
2.710972938,1.56564871498392,2.50477005841732,1.78915648954969,1.23520512428666
1.986979997,1.19281022475766,1.79179333171949,1.69180079462762,2.32178736853938
2.539835586,1.59988135223933,2.31617128381293,1.78867526835875,1.40266032318278
0.539733903,0.392477532955638,0.530136836497959,2.23638383253507,2.23971787474708
1.98230676,1.49166561463339,1.8971238715062,1.99289334865694,1.51029517555084
2.215918073,1.36528443004091,2.14817321703175,2.12362191214744,1.9330135159005
2.084875372,1.22851975423572,1.94400858133483,1.86373163662184,2.0260589815594
2.062318145,1.11435140357357,-2.15703566030269,1.54664158112874,1.5287007926201
0.981749166,0.424222966407857,0.773269961543657,1.83287582812448,1.45903444100261
0.575366311,-0.0252332327657253,-1.20432235316377,2.01688805648372,1.77879312003324
2.322503199,-0.325687063874349,-0.153835828329775,1.75953589735613,1.79322000519054
2.933196767,-0.225629005279119,-1.35157369073334,1.80662051007967,2.47822603784553
2.938362751,0.172056669876031,2.17546141098131,2.32194728110952,2.68725615216624
2.438900862,0.188467708004587,-3.12312324114557,2.80035645391615,3.11634250798577
3.479964053,1.44598823899848,2.85096447300172,2.27502578477667,2.44327868998199
2.489575646,1.33594119575568,2.22264441635568,2.22087923623484,2.53225857735128
1.707862296,0.984428491143726,1.65184478783085,2.29554533164889,2.235545610882
1.827367177,1.25215573761549,1.70018590242567,2.26586890999565,1.92690942975522
1.939090015,1.20014647974242,1.59952862224591,1.98561687867716,2.11991264785852
2.483691371,1.6365714019003,2.26924762638013,2.09859030092905,1.95751699715719
1.651386272,1.23610087929549,1.79717000262024,2.24053402808079,3.1621854566907
4.292914695,2.15526451074646,3.4431237883093,1.9135760166803,1.80107974994295
1.886573263,1.10537443215371,1.80694012881294,2.14950169745834,2.74034931042126
1.486139816,0.818662488877455,1.26654858095001,2.23097901211242,2.10813026241964
1.974211675,1.32832528088958,2.16346506576099,2.48879572613025,1.95445897413442
2.320095174,1.17642020818016,1.86578507066716,1.9897006268213,2.10812707802718
2.305389389,1.34323294120989,2.28717487539834,2.08178368358876,2.26275676524002
2.294264742,1.18423668198757,1.97927250394448,2.24951790923321,2.20133539862958
2.09123874,0.982195884140229,1.62760308687052,2.184965201187,2.23640325211788
2.465439659,1.38453268388292,2.51113111143165,2.17517768738571,1.3350995961497
0.225889194,0.326915915989339,0.30615783718402,1.84217102153948,2.39506440620593
2.643750289,1.15777819957165,2.41267391015363,1.7517252644437,0.707081493632424
0.721571352,0.570315436961179,0.773688567097814,1.62360442872852,1.98807137385938
1.565173522,0.767317620616614,1.48284761192753,1.75840760292945,1.53299792441966
2.218729391,0.851708940813015,1.65593568473154,2.02859272835135,1.4616899495506
1.235453238,0.635299759594486,1.23629607005244,1.56901384696112,2.38156640413082
2.939486428,1.41845549041851,2.59430299102851,1.73420162796261,1.20801663244944
0.85514635,0.656721072740665,1.01102812997674,2.08655529270249,2.42846010718461
2.196816227,1.14653666801097,1.94049631245352,1.53209604307865,1.51989287755169
2.121360847,1.2705569328601,1.96816503315058,2.32248116228901,1.36569148121124
0.268642139,0.167410860309331,0.149867288511016,1.93900818691438,2.60772027830078
3.194882143,1.75876589208666,2.73195071247145,2.16550987898633,1.57544118938301
2.703728175,1.60479202278121,2.45989901496271,2.12397447120253,2.42560253804424
2.236592232,1.42088848734388,2.13553226740451,2.40224443294664,1.8682051903228
0.733530529,0.664288186391219,0.934203201941283,2.3512461488394,2.47143278483099
2.836212245,1.49335370660433,2.57503184495247,2.12930695760321,1.22886341223032
1.375650792,0.947305572328315,1.31504932455788,2.01350814581378,2.34040418816908
2.036597761,1.1071280654093,1.79184364499474,2.07058174911355,2.08730314714707
2.72278999,1.54717630652518,2.70916116479107,2.2190206944134,2.0072205507689
2.182192922,1.25715583687268,2.07152635448407,1.79256155472113,1.95657740138615
1.350413487,0.794798152207211,1.25150192646358,1.7890682448671,1.64437955284142
0.857919522,0.660668476045734,0.827904416979226,1.99054730133714,1.78666170609608
2.025745721,1.44062477963408,1.84238245159594,1.98475339862132,1.69793987564007
2.469371476,1.69021212407702,2.28559912544517,1.92615074779197,2.08200655995397
2.314572736,1.46210549309494,2.00567971666376,2.02002219107491,2.29589135269488
2.305387365,1.29264451625644,2.00384842976947,2.01493478459799,2.00729321345332
1.986193067,1.29457102970629,1.86515974615104,1.88255684303327,1.16142806102401
-0.166057641,-0.025977503535876,-0.26016157552278,1.83203116712929,1.53690699856087
0.782128381,0.526626801161006,0.734984903796218,1.80065514741304,1.33017876744976
2.505606323,1.36180622970901,2.0722379680993,2.00458859405326,1.56682505164919
2.387371887,1.32528025613608,2.24165546102153,1.68983768855865,2.50027446706532
2.891659679,1.57018730506252,2.58850400769146,2.00942156007823,2.21348112536165
2.160756671,1.52041124920847,2.27024610166227,2.30309502090718,2.15975510560845
1.428904106,0.942801173882611,1.4112502489266,2.37687802272091,2.10384693141024
1.86725257,1.01238779357559,1.48345737126243,2.09681939521759,1.98270013251372
2.502161339,1.42949039946997,2.32578404000943,1.78460323883869,1.86052921019544
1.954236524,1.24121175460078,1.82299366825335,1.74498315319758,1.99923421303044
1.594925117,1.06745126354635,1.59430140515612,1.86386709339597,1.82034081826705
1.675727233,1.08701434581365,1.44979924255231,1.93750576809239,1.48052705029243
1.142746928,0.919595295583776,1.17793961060468,1.74100575832403,1.93976641284646
2.319528486,1.45681275979128,2.14574134503402,1.68859276335287,1.39333883861382
1.467348746,0.886357379472568,1.10893711410301,1.78136845510095,2.13488982104921
2.090483334,1.31388266462508,1.89278604151704,1.8908696208709,1.91162893357908
2.364462956,1.5417189825615,2.17630909109483,1.93285047150427,1.81623407650419
1.652397117,1.07521813155433,1.46178266025973,1.87273276795027,1.87394115599226
1.269670865,0.87730775327672,1.0499256288556,1.97004816966519,2.06566600364978
2.479542601,1.43315582577632,2.14491902301885,1.88065909325652,1.57875105154238
1.77275954,1.13906110793369,1.59047378785779,1.8347974778581,2.18378619526715
2.107186316,1.34585650578076,1.94113942343549,1.94865632717827,1.81814536200696
1.737586669,1.06294786649955,1.43339204479477,2.01321267018529,2.05499672681918
2.093694944,1.39374197817457,2.03851839836367,1.79425012173365,1.76471304482719
1.773407212,1.14861816007117,1.53795289407633,1.82545278735998,1.80634637451871
1.584258301,0.957449985793824,1.3822202221935,1.66899996708307,1.63475292349696
1.466485707,1.05505100665562,1.44532827618112,1.75496883334681,1.50433149409659
1.197805268,0.818046828339867,1.30012019391212,1.85517123945211,1.98383916056102
2.574347831,1.41378493073166,2.30502163913309,1.48212069452683,1.5880177894844
2.075741471,1.31964862511818,1.88268462890676,1.48645754414629,1.75431101694778
1.054928041,0.833157975454953,1.1985578337093,1.62249098119797,1.85200328226596
1.588309873,0.971607714648103,1.43049138108265,1.51821880391782,1.38515102278115
1.431933824,0.968734984485657,1.38074875582366,1.58169851556719,1.89442954392139
2.388464701,1.23093125556227,1.93871812117369,1.44707156785722,1.4781716868942
1.508866926,1.05498446574583,1.4743669513224,1.6394827527648,1.87983000476402
1.57108136,0.962250070276256,1.31195808784913,1.71617371131068,1.39987365334735
0.945895595,0.655767710631803,0.813070071557476,1.99871675945444,2.04308080036492
2.485425389,1.66757521694117,2.12201033305326,1.98171741259168,1.83744334720787
2.689866636,1.83378319425524,2.63749590537531,2.02183329137051,2.29319715051018
2.418761845,1.54151305202757,2.13813892452879,2.03102891167885,2.18541480392817
1.828675782,1.18315054454199,1.66763489252005,2.00524254544317,1.85760458261144
1.177030499,0.790957585298545,1.06962812439162,1.76940732977611,1.84319905408066
1.92773868,1.17123627064952,1.7818128144556,1.68499295533467,1.06399173298537
0.661924493,0.732940660200658,1.00852682578116,1.73709791403524,1.83800055598899
1.766255021,0.962103851481737,1.49841951614404,1.34424366702002,1.56134672584837
2.577816857,1.45903321122342,2.47409739853426,1.409318709119,1.12768088894094
0.517851395,0.182274223608902,0.348839867082305,1.44404975659613,1.84574553218842
1.22058563,0.789736366359807,1.09889389543005,1.51080510361053,1.13204006551263
1.415455832,0.900017437981681,1.3458534633281,1.50270022745531,1.43100079402019
1.537500326,0.968555806834547,1.39595270436006,1.69538250814523,2.01133275235861
2.712469823,1.57220027311275,2.61315135767835,1.67289773921043,1.89041477544518
2.366664514,1.38157892572764,2.2954152303544,1.86917105780929,2.11871126848517
1.674855487,1.00714428952604,1.46491488355013,1.86461319579502,2.13297229222662
1.918397737,1.02484490723913,1.60784314425575,1.96901411392518,1.70345768620592
1.52158512,1.10880356527485,1.45755567832223,1.88581771921171,2.05296025338453
2.311528857,1.47810424970583,2.13301444994236,1.59956894784778,1.59928813869569
1.674925999,1.10256116766469,1.58856331231029,1.78795290067702,1.7568610349171
1.097508084,0.811523591709021,1.06822735045341,1.89665684273155,2.14164867844532
2.638257577,1.49895441287001,2.28408929161462,1.94661573734544,1.55419012783145
1.882732412,1.26328240033301,1.7884370227649,1.86258847904585,2.25141471038659
2.149572059,1.32417400689324,2.03250837036083,1.96454710848174,1.8272290795667
1.64428619,1.11102781822576,1.45120362275499,2.07824918268081,2.03813946605237
1.965317727,1.33885345944523,1.79326259178489,1.87366083714941,1.80492361688947
1.935252171,1.14568959488704,1.83946338008156,1.78702231584011,1.79420012637193
1.85017911,0.979565842309561,1.49917122960697,1.67351256934714,1.25982778472716
0.348864691,0.0786443557811173,-0.0016943987450192,1.93130719416688,1.89514616168196
1.879243828,1.21307341445355,1.84596930995626,1.93404222448761,1.38842723204352
2.059159121,1.19681429853264,1.89805183621587,2.0438110907311,2.34388244406176
3.100141024,1.68108767642581,2.89797188950564,2.02093570140626,2.23105641068818
2.520570228,1.29752082506395,2.17198801690807,2.14554941966287,2.5236335179249
2.22569138,1.3217046612427,2.15476931879125,2.11381012361335,2.02402240415066
1.648619918,1.02779352114407,1.56143614905953,2.22184873226472,1.35256240560817
0.00203955,0.125140851719911,0.0976848289021636,2.20693960536604,2.28520412837953
2.96664723,1.68698322975973,2.60898627818496,1.80914350537277,1.14994035922958
2.085260156,1.33269860996571,1.80984251833231,1.76825044009997,2.1616508859324
1.756687313,1.02715964730912,1.50522026396041,1.7656425030106,1.97513269349489
1.863076883,1.23954807093104,1.70626165384952,2.19210699204167,1.60841815989054
1.187348707,0.628622258983899,0.847888630556632,2.06850759681763,2.2312586654413
2.686034697,1.74024507628097,2.49478115010392,1.95755425652724,1.72131361119669
2.146619878,1.37772117488101,1.89289324409374,2.0233108260366,2.33890211892034
2.299936985,1.17333883706126,1.94942218231,1.96220011162018,1.91986755216726
1.665952376,1.05555980100621,1.51170262201341,2.09956246404214,1.90098217079448
1.404573502,1.16047885428749,1.55372715162909,1.96864771670823,1.95826192704899
2.236055713,1.34494178034304,2.09188429712781,1.79073381441562,1.5861290945437
1.700835135,1.14482672469107,1.58270115559897,1.84525486184261,1.95585811920005
1.747698554,1.06860326793205,1.75780188560288,1.89048539233986,1.90490551271107
2.161383834,1.46017343184835,2.17040318816797,2.00859570397587,1.5719609450431
1.22078537,0.727156000888471,1.03781595889858,1.97025591041286,2.23760493172832
2.418293524,1.56822563298055,2.34148814250315,2.04326830433129,1.74276435285161
2.092675967,1.3899353192989,1.87537388483128,2.25685048964548,2.30938106929332
2.332648017,1.55614679972385,2.12721221849021,2.38857472826759,2.31713276833728
2.458402558,1.68912907937644,2.19131534530753,2.39322854754594,2.57374742114707
2.985094549,2.03629054808003,2.66616377743505,2.19595028419293,2.24962786489989
2.291773171,1.63655480619406,2.0957022583853,2.2471947329704,1.83966902244725
0.623050601,0.57492839499783,0.614931536836443,2.22057103916932,2.01574973626622
1.504282729,1.02466946332357,1.25040843809467,1.99113532074903,1.67525524922076
2.538137351,1.55113806065377,2.18718975035064,1.70250756091772,1.72610797307534
2.038538933,1.43958250722002,1.95995489978844,2.10875442877002,2.21065409030387
1.968519924,1.29611586890412,1.44503967392299,2.16233907817511,2.30717608607187
2.533651981,1.69685390378546,2.36194332571142,2.33750845136676,2.23546170502831
2.484045283,1.43586132242659,2.23179760514329,2.33357536470615,2.46945021775103
2.547931071,1.44046494591026,2.22680929946383,2.47251394891852,2.3105881347482
2.057677662,1.63256463418891,1.92146311191514,2.54240106836739,2.57785509132019
2.640174916,1.78179893875805,2.38512997355891,2.56125556041146,2.31119573720605
2.500662648,1.5560361515296,2.16838884629506,2.42300171412826,2.50560089161494
2.920737404,1.8640226468597,2.59621196769123,2.02281901994737,1.13804397547646
-0.219181651,-0.0763214411285132,-0.172199695897503,1.83080585448879,1.27108000213788
-0.772692398,-0.624387552378426,-0.957217514660867,1.63370846797568,1.25441687042696
2.281177055,1.3069031469283,1.9978215582403,1.96894966611606,0.781062639010485
2.15099113,1.30321012506098,1.81715706638313,1.85415536974532,2.10429402459038
2.376637366,1.41737968981384,2.1191208157167,2.09293375038597,2.19455645473455
2.314000436,1.51284367800439,2.14739065467593,2.14537508327814,2.22467811660395
2.151104323,1.39957988627091,1.88485062003444,2.18682719263625,2.1089022811486
1.817075529,1.36892887553339,1.83889450042718,2.35370426332547,2.27420915993789
2.309341424,1.39362407100852,2.02460377512204,2.29248356567252,2.29957602078606
2.77496324,1.6480133231422,2.46398931066922,2.27083895879066,2.35347951421746
2.477412954,1.60652363072117,2.50055164579611,2.30779652635883,2.53959018481676
2.50939392,1.43688789771733,2.14427724642422,2.29979500133413,2.091408400553
1.548548406,1.22952612945869,1.69719736332094,2.53077532317894,2.44300167544114
2.325042577,1.39863539295536,2.00795768333743,2.32966716181768,2.18043200673133
2.669473543,1.71969643356297,2.48148915998061,2.36282355951539,2.44579057883704
2.712784793,1.31876263591848,2.28293481712208,2.22465755060565,2.48668361793263
2.418592688,1.36334193282263,2.14827488414273,2.51406242480442,2.39492420878559
1.940256806,0.664776432788875,1.11123732605377,2.81384006515852,2.7108027546697
2.857885612,1.27298169548531,2.33569383233225,2.58921028684709,2.78265154261846
3.826614332,1.73993854690177,3.37817622472203,2.44414451029704,2.34704645994468
1.840678761,0.713827943921467,1.13064232349698,2.46408819403185,3.15658814407198
2.807098686,1.05423342557916,2.24116756463299,2.30973686873098,1.9390594562073
1.784772544,1.07060841501443,1.78205631756955,2.27083563133495,2.17563465077785
1.479176423,0.982529579109128,1.44972292237537,2.26857799084569,2.26441473374679
2.568280712,1.67306450175931,2.4698765562872,2.43213057481477,2.18361779148763
2.862576273,1.8103974306833,2.47860903811737,2.24471875676292,2.50182501436596
2.575287121,1.49419764246947,2.09248516540669,2.68026296748822,2.73035613671029
2.580915568,1.61237769215842,2.28409040726805,2.7383749809018,2.87554163189212
3.346409498,1.89416396807884,2.76094293375678,2.37591078127714,2.28678070770187
2.169760593,1.47350519125965,2.0427189775984,2.3567377671938,2.09686828457899
0.865390771,0.602836695850274,0.745699668336914,2.20385237245996,1.91772518194835
1.417639188,0.973627711154299,1.2142207938715,2.0628011838595,1.54715519547468
1.93870153,1.35935023828974,1.82097129429491,1.95836502131794,1.8892786831117
2.388748644,1.65996087744796,2.00161893307096,1.97597629403791,2.19477965947779
2.491706951,1.56160280698739,2.13375988908286,2.32595755870921,2.54953302541476
2.800452726,1.66413020016408,2.42893159613408,2.46676722934252,2.59992918067501
2.758640678,1.85780295727112,2.52953203319722,2.57997628004308,2.67731095046494
2.628375006,1.73891110747553,2.38448775070426,2.60095411298826,2.61325663405119
2.458223061,1.54963364894381,2.15906922704101,2.66234633764806,2.58913058993287
2.552170191,1.45046300571945,2.09126151094793,2.43171700716657,2.44721164495328
2.63247095,1.45249256271883,2.18044317580076,2.35325619269146,1.83837385505699
0.876070216,0.587229080264087,0.769286008994734,2.54930686841213,2.6089715423704
2.608989328,1.1720838947291,2.06633573136477,2.38708456231724,1.83976609527599
2.472095327,1.23119176742683,2.17092135862818,2.5179900824485,2.66309468117839
3.000576892,1.73926438637007,2.92048053376495,2.39098889235823,2.52093798235149
2.605690518,1.48979734964228,2.33903365352281,2.55490838517543,2.68488159227385
2.579300399,1.27548185780328,2.30693806055602,2.34675324037273,2.18612774110451
2.026342637,0.921891286383523,1.7967462893177,2.13814285396835,1.28579746508581
-0.321662905,-0.318473791042069,-0.588247042164704,2.3219009582325,1.90465513463914
1.469122269,0.727508675987932,1.21405613076623,2.38185406569933,1.5203069329638
3.028511742,1.33963521627677,2.53723299287692,2.30419378548707,2.0385743360059
2.808185407,1.33182225666241,2.43261789694041,2.47717803339945,2.83136190667629
3.003266784,1.40684449147785,2.49304349271087,2.53312294358116,2.558696290355
2.444977942,1.48409102054861,1.99708766602166,2.64272701394054,2.27927720220733
1.422789226,0.921803647393618,1.19993911937893,2.4548697107168,2.51620395393925
2.572043517,1.6011267128761,2.3026616912974,2.62681203316816,1.86665628138592
2.030407876,1.09243831976216,1.48984893946816,2.32882671411998,2.61003790902337
2.818975238,1.50427610051996,2.40786039732925,2.44370057278138,2.37638452882251
2.710915976,1.55740707300669,2.4874031592578,2.53101111057896,2.55201440920563
2.434016732,1.26681861895905,2.1980349659565,2.3405560046429,2.4406866413056
2.398206115,1.146106424122,2.11637150486508,2.35925110096878,1.67817722469191
0.584267787,0.152514121959975,0.155189276324628,2.91203595235736,2.48541044523127
2.210394719,0.781009840533352,2.01136470947064,2.65543173388105,2.70319388459262
4.904617385,2.04929104173129,3.77936778873814,2.04807206620282,2.26781922156809
2.716806296,1.22435312440722,2.48423188382231,2.28565396671081,2.96407479300886
1.514154036,0.962407905779676,1.51484784790049,2.84598830705943,2.0597529904683
0.807080872,0.351477247329465,0.964265890288472,2.59170312787628,2.37927146209208
3.361936578,1.81389268139564,3.32144632448131,1.49848741202787,1.0290283043798
1.23068048,0.411329925579589,1.10893548311307,1.63808040489866,1.7196364639156
0.201380929,-0.22496791684782,-0.229294412263842,1.67582463064401,1.64293788072406
1.875525031,0.678997206012916,1.81182706708026,1.3660765621365,0.851309389627743
1.33593312,0.224327805201508,1.3757612120335,1.38444864940245,1.39933831901152
0.907227842,0.414843800473341,0.837071586983596,1.36637582792692,1.93835847711867
2.66025621,1.04402777872695,3.85598220264999,2.33743821087438,1.26156183790213
1.028555189,0.356773586577805,0.679818847065306,2.48064376754273,3.43846172762529
4.873798711,1.01188069227297,3.44537034731516,1.58683936391235,1.70427788592947
2.519079682,0.798668227242668,2.27916952273596,1.81001395415704,2.27006791599667
0.28999641,0.386242050483864,0.819450712230335,2.01616132392172,1.2803637498564
-0.488807027,-0.00512686914660659,-0.142074746765382,2.13312457704138,0.951859095616244
1.021677152,0.335473562993203,0.910187191392294,1.44106148732998,1.0764903298349
2.50360107,1.01049085737917,2.27526067255681,1.57617785959625,1.54664028051947
2.255714657,0.893752268979954,2.05183704682916,1.78235822282385,2.30849517937379
2.515715502,0.86399891846981,1.94222916514619,2.00311187221757,1.88533512639777
1.38269942,0.636411616553264,1.29802238880025,2.35328000768194,2.37333298023743
2.283649781,1.00479520284231,2.15543074061191,2.15908040153254,1.86940644804313
2.245815379,0.961574582194819,1.96449145458931,1.87244726786686,2.02960578526147
2.272041125,1.11411762746746,1.94508353785992,1.82981484625108,0.966729044321835
-0.868596621,-0.0547473190389926,-0.507244357099848,2.33220033160033,2.59022895009266
3.106982506,1.49899833494029,2.4404485583071,1.74992663750101,0.710717536950492
1.833077979,1.01664761484171,1.60033587270104,2.07997825642084,2.16346912026678
1.572794327,0.876510754339711,1.41712524690933,2.25320747050521,2.33549819600947
2.715208683,1.53326310733633,2.3137899619691,2.44458376255935,2.20698855956183
2.887688379,1.46000827992067,2.27474015786982,2.13812621178546,2.37874443096017
2.304383137,1.24208000789745,1.97988996677,2.30133969236948,2.24030754404157
1.488280965,0.948865444678821,1.46546443841325,2.5939778309042,2.45459346620336
2.473189016,1.30360867971853,2.13355320356422,2.41097475738983,2.2011987603324
2.881776229,1.68658298428366,2.70442462063899,2.18812866774246,2.34566838259909
