630
4.735344645,1.42705997873603,3.59255132822218,0.809716466233655,1.91822104905232
2.431904618,0.740006794445142,1.64263512292395,2.39339410948128,1.63902142159734
-1.434571614,-0.871643946642367,-1.20366748380829,0.708167637871775,2.11458898664429
2.722570901,1.23177352144022,3.02509294248194,1.9496308882977,-3.09436946218274
-6.872796537,-2.24068727923403,-5.22223419438228,1.50249313335546,2.70548880325657
3.512577976,1.48344409911705,3.07492360936822,0.907413774517999,-1.98161779873273
1.500830768,0.404782406792016,1.1605014622092,0.512181733152622,1.99518279433142
2.734077005,1.14864492985538,2.25464935160122,0.622640567430504,-0.841071248203567
-4.251071759,-1.53616659903255,-2.89303703894586,2.51186716820673,2.38936042897886
2.066546484,0.813459009195094,1.53145893433374,2.12275412491916,-0.0879673991474331
3.041920209,1.0135760215108,2.59101263948595,2.02482428194471,2.19464852897235
3.368746992,1.17639345579702,2.86235639228259,1.54291526008582,2.23166876563499
1.766322507,0.919111859441893,1.97543045790253,2.43605010942495,2.25773148327266
1.160923038,0.730171754182499,1.50109136017475,2.18505279117746,1.82536037589361
1.890155359,0.331739519819375,1.3789666054261,1.75560382322918,0.812514734077313
0.089579654,0.165357103369456,1.24959245329354,1.35079795817206,1.77614587424847
2.0828091,0.617656797847715,3.02620505103825,0.720054145099645,0.114000493551479
-0.30513462,0.509911143715288,0.0496766199832157,1.42189363123018,1.38352727730206
0.619277181,0.203322309170092,0.659581986703389,1.58377442707717,1.40149996527689
2.859763488,0.859762407226296,2.41933377223105,1.7217997668907,1.45858253177908
2.527403073,1.20434925988007,2.21931679291542,2.12056914849189,2.05648933523441
1.370809634,0.731339930653756,1.56377975100876,1.9100587618848,2.72170823528378
3.534775716,1.13221930406942,3.1667084612773,1.84071873271809,0.484774485102414
-1.026667736,0.382486657529063,-0.0112858431484899,2.22451157734533,2.61310792454308
1.92968018,0.346689773124431,0.853635619040843,1.66063789204946,0.971903881114201
2.228118577,0.827850813876284,2.60674169334096,2.28994836094164,2.24867127074155
2.950886978,0.73395104343954,2.64911898277098,1.89833779487339,2.42250253839687
2.928725843,1.04081750557778,2.61899297443349,2.50646400431005,2.16183934998703
1.216827566,0.540517099868948,1.10055858206368,2.90406385619182,2.99502502686946
3.031462884,1.30842474790676,2.28176405737984,2.96713086825793,2.40138838082148
3.289531218,1.37733000161948,2.30726643865257,2.50404738105524,3.18257051411514
3.789920959,1.6969277793123,3.21411840057285,2.77942475694893,2.76153579276048
2.1631096,1.10354385421637,1.77001752303144,3.14069636637412,3.41410385028821
3.223326131,1.69764652949848,3.02887210269561,2.98983103053791,2.47868574880096
2.5684475,1.38893113973104,2.18889055039709,2.82673601438277,2.81626366151904
2.530830633,1.46671168779283,2.27933241608141,2.55972535853151,2.59813545558316
1.451993504,0.940511736166347,1.43525193016446,1.61161963619895,1.87487140177152
2.207541544,0.894572825834662,1.37228017149718,1.74955596122935,1.77218509755526
2.068439054,1.17479582189111,1.62750971922499,1.94132769621894,2.10702036407865
2.100795951,1.27597464904611,1.97512970629023,1.90090274282828,2.1420813563477
2.338314951,1.34524327014409,2.29069812230631,2.29840069705479,1.79510018704279
0.809342503,0.53734737077338,0.680007399495549,2.20990748732593,3.83702629315635
6.089466522,2.42991819825153,5.82471238943805,1.96067288040867,1.16879342443646
0.903669362,0.865573758242714,1.95742339410705,3.14495875861357,4.45342757647362
3.408542919,1.26961917023213,3.18127383758024,2.96769810157373,3.04426379574192
4.785401679,1.70281884559299,4.14480645799938,3.04299882145668,3.07648304104975
3.14460172,0.94993788452252,2.4329467879936,2.63009628798128,3.4270545708291
2.373859885,1.01825136777404,1.95827781061312,3.04516891609189,2.67244599027488
2.21549487,0.402233566868659,1.25102257686064,2.56587674115725,1.61987579452115
0.38267971,0.377647833758385,0.436910886469913,2.48163833477663,2.44398189654865
2.748496958,1.29470941703953,2.42707080074259,1.92195417028448,1.29993902483352
1.970443147,0.95221913827698,1.84455321516033,1.97563058293591,2.08672637854002
1.986353515,1.28208895035583,2.08297591076898,1.99173747931729,1.18461409999973
0.013551887,0.103948667245223,0.165271939261146,2.13588539919412,2.05603824746298
2.179038327,1.0818219758036,1.63935111022042,1.58349387118884,1.04004014808694
1.858796121,0.890122638058914,1.52193110500876,1.55683575886586,1.58145163837156
1.051245563,0.850886707862337,1.27540492367027,1.82341879597963,2.167506025287
2.627324395,1.31166928962747,2.39618675974999,1.63493898863439,1.37669489192795
1.614597811,1.16891339509249,1.77961725724626,1.8949158423229,1.89728848941141
1.206208533,0.820222892859126,1.17744598009961,1.80704112465693,2.0669770210216
2.431105549,1.49425531852875,2.11415439849646,2.0843612257779,1.75443969130897
2.192370341,1.46965647358268,1.90293921328024,2.03160506887141,2.32952238957686
2.495263947,1.50087933078361,2.06085448802037,1.90859790293588,2.0305033890935
2.073557642,1.05401767441399,1.93156522282377,1.94860417457631,1.54556360788622
0.547470505,0.476610241854158,0.633957462115926,1.80375280054009,1.64687392871871
1.215305531,1.00293077261143,1.76815301415027,1.58913204046839,0.827615337434792
0.653615171,0.990058692919716,1.56561488694977,1.609325703868,1.6250628551201
2.18957166,0.962730559267106,2.24331777663804,1.18615046999893,1.15846072399482
1.528692753,0.695822594556639,1.22589801181482,1.77991334980044,1.95005427428895
1.855849196,0.925561270198149,1.86251049266935,1.93249944769654,1.97137637963471
2.359990459,1.250871517856,1.94827072871279,2.00842683830989,2.04777317279985
2.325414339,1.26161423946312,2.19252791225344,1.96036077214597,2.14654904546765
2.121850052,1.36476859850699,2.09061758861166,1.92363537085894,1.8621415410476
1.635509137,0.846595519664957,1.44459359209726,1.89083302033636,1.12787914037732
-0.192229975,0.136824757569863,-0.1107752191382,2.04300624217264,1.74956499323837
1.663668791,0.998150372104349,1.95446841326768,1.52174317308539,1.28648392510305
2.705868503,1.413808150299,2.43654131601074,1.43260134069525,1.31213352158916
0.987593619,0.7204086177284,1.17612184251291,1.5762111695913,2.44687731985998
2.561684267,0.971435728335362,2.45934771289828,1.34298679032282,1.28171762614577
1.742896283,0.766307376834093,1.68804470645167,1.29972956567498,0.731597752859216
-1.219992615,0.179196992042233,0.0126052014639763,1.82895702311879,1.38620142374055
0.440215267,0.347683459958877,0.330337209110192,1.61421150800094,1.49495593562121
4.106510597,1.22810965310316,3.53736832114194,1.20577742086966,0.999983845760422
1.639143269,0.863959488391078,1.79095016168057,2.20307494934849,2.92128737522095
2.142358684,1.13659874302051,1.87126477376629,2.62119348364509,2.60091841486288
3.46739469,1.32128460322562,2.70162160424548,2.25927523489865,2.16024455804743
2.382127036,1.09085658724881,2.3192901729098,2.1408778714839,2.25250932188942
1.173663706,0.420852313193947,0.595030711060818,2.2406200072441,2.06872759565211
1.573030119,0.701846389181755,1.42122791709165,1.71655520207618,1.64016814107261
2.219433851,0.8554905672423,2.00634807513747,1.21669488576369,0.835441045896898
-0.025165173,0.430913896683557,0.601988507839276,1.45089039589614,1.55629839922208
0.863924952,0.691465819968358,1.19125593833346,1.46620068767096,1.01566510992563
1.737567175,0.89812865158116,1.81715900937997,1.26646285523058,1.25060482929006
1.787657405,0.759159911360686,1.70601427105525,1.30454403433612,1.47366570548103
1.140996336,0.657902328715145,0.970402903035014,1.53441550919633,2.15842595097328
2.718973748,1.71943997181199,2.51255615682363,1.8644755034984,1.44043159353199
1.469420908,1.12503922853444,1.59271496069695,2.01964024084391,2.57589258922392
2.849388203,1.40427455427838,2.38595478375141,1.65431493523389,1.58985420439007
1.555987011,1.07804455967717,1.46573696550549,2.07562852428486,2.11145454057417
1.470840393,1.03178587085946,1.66580151850661,1.98682322054072,1.88505248657817
2.068720043,0.98247169622707,1.61661657796624,1.959307796811,1.71839385717313
1.884944358,1.19621771775808,1.85954552198174,1.78483828288934,2.0788928385259
2.323001573,1.11457287654003,2.0234700754526,1.73116891146366,1.61180674155033
1.219107118,0.81215973898868,1.18554445103347,1.74109681582373,2.08805325216794
2.026083284,1.12747344382002,2.0225162557799,1.60808016807946,1.33554225808827
1.233850779,0.874046092022407,1.35957271518061,1.68219632921052,1.78823096666071
1.59202334,0.896920275257598,1.22171184632165,1.70771460729061,1.6516055149731
1.983001747,1.06788965442075,1.59632648054596,1.64156804505615,1.70924956627644
1.932050152,1.18905590028076,1.97157990874627,1.59328344473478,1.70056051495743
1.434288051,1.08194859803419,1.35093471104801,1.84904491413617,1.84330037572232
1.72136935,1.05141448450827,1.72759064194452,1.89412117729286,1.73198323311292
1.891521527,1.11900090863667,1.64684408949599,1.89718151042777,2.00324571885428
2.314845804,1.02740037116959,1.80005890214117,2.04326593360092,2.09490806032022
2.227400567,1.06808324473797,1.82103891913813,2.16187822760889,2.57412202500386
3.235601857,1.3481382370466,2.39358524139019,1.99761616661876,1.61877124282242
0.887518094,0.391661318565188,0.60127244063707,2.09276485543608,2.38547368632053
1.830760344,0.718880124753819,1.27721616067232,1.82524804553204,1.04133337437731
0.808556836,0.719242978604543,1.26796133102275,2.10405455315315,1.46380579158402
1.034166331,0.551703913003035,0.845445518773172,1.64340341311768,1.5068522189126
2.067928048,0.979912621017658,1.94461763287695,1.71927910647508,1.53715744354124
2.192323704,1.00182851437393,2.05443535924973,1.57098810610134,1.58758137794875
1.295370535,0.86423156822223,1.1074570704605,1.52174707522421,1.61945329084593
1.094734107,0.760725935196661,0.85894111650038,1.67277443266622,1.23951454554032
0.909437889,0.753650969606901,1.13873104301674,1.70637931338464,1.51369191358556
1.898022873,0.884780774331888,1.47156955878299,1.44132217100702,1.37260689685816
1.73718979,1.00957813114297,2.08247901419595,1.88876291506517,1.95730936325777
2.041081041,1.13182379023159,2.3193165019619,1.98405835656118,2.28529105421482
3.001456332,1.08800514737732,2.29675608540866,2.00627410644884,1.92961649304429
1.643884123,0.888145178674856,1.73095886719195,2.17190656204234,2.97889371337147
3.447680931,0.694734156685296,2.46662970638038,1.73870066454213,1.50078788789316
1.203853578,0.46921503609049,1.03746073030471,2.19539911236947,2.11362115154071
0.723425821,0.81487267497321,1.60202587395857,2.30674275476738,2.11208215728152
2.718435073,1.11468585501072,2.32884831152843,2.18438852853736,1.7855390554481
2.661066093,0.991084818812545,2.25223551834323,2.1167037071757,2.78069770819177
3.226348424,1.33973346147615,2.77368938561207,2.11053096128077,2.58812143026366
2.627499879,1.55118858909662,2.22780819236159,2.72258940410231,2.61939863175221
2.006390468,1.13939839880052,2.03730829215044,2.58945938613358,2.67506479539463
2.75829216,1.58613456584081,2.70115853415068,2.72142511580929,2.06100021286234
1.760144425,1.26001501008896,2.27034768198633,2.54797110548613,3.04639697653365
3.669544922,1.44021488432933,3.04851505131515,2.2004466806561,1.98868594195829
1.928844546,0.987331338384338,1.77649482938037,2.7601121515126,3.17720594218901
3.035295706,1.55549102648186,3.08110378669601,2.27134391595999,2.31139999261053
2.684700271,0.908624503599363,1.88675067023933,2.11321698048866,2.08759604939081
1.217536166,0.799891962885105,1.20806835210922,2.2529927412937,2.15163496749069
1.419615699,1.06135596576725,1.99253155782043,2.30176219556872,1.9852329085539
2.557201377,1.34812521700292,2.85371282710012,2.0928883756231,1.89275986328464
2.109859284,0.92011381129316,2.14982740665425,2.3422714668627,3.09104809631348
3.866373834,1.52009792164923,2.78311049224432,2.18603002119938,2.77065930004652
3.752884265,1.5265257026248,3.62496794110822,2.36848247149,2.47087761274648
1.064608904,0.744050085891871,1.46118911428152,2.72377348814244,3.29106999996999
2.950394412,1.3274448791767,2.79250746099399,2.50064368973003,1.87474998168346
2.268669672,0.934436117929747,1.62356248746437,2.36363886079877,2.55190104788253
2.445251482,1.07900400850105,1.93548640427423,1.93647535704638,2.16103134598027
2.222210246,1.22513658206129,2.05337434647308,2.08909880926546,1.53342520340808
0.457661223,0.513049926804789,0.539649482408956,2.00774662240065,1.95687525240357
1.756857328,0.797670082848235,1.86598519680576,1.41687418372485,0.921178436863918
1.115116552,0.844698527082508,1.75549804609789,1.59318886197323,1.3599794339619
0.860057612,0.502365776791134,1.32680957627287,1.68358154032471,1.88311134079791
2.318846998,0.733848631848523,2.04861020924659,1.8248566675366,2.47740969960776
4.387002522,1.23064893765706,4.11280379014918,1.76422061531122,2.1087326623967
2.068902195,1.13333392214512,2.32809402641491,2.47298313823817,3.19435114518268
2.422459033,1.01882420263235,2.32395609432597,2.32255963391418,2.12998513061438
2.389874903,0.864627464408247,2.12900766776757,2.02308603498693,0.750671242773166
-1.33600822,-0.892370343618592,-1.48120743255654,2.09200831620082,1.94063736466796
1.394718797,0.84110908559636,1.72622788655704,1.76068927117569,0.618880978354687
2.229197872,1.00567252533808,2.05312505371016,1.29656566571117,0.933765801534706
0.744498107,0.558428833955359,1.18927358475852,1.26031946806202,1.58088492019921
1.024168424,0.58549775374023,1.03514393436303,1.49123701781147,1.25733990669104
1.53769266,0.77133412699848,1.56964512215228,1.72195966535883,1.39453676022638
1.564560773,0.486624828028441,1.12687320137394,1.64956337360971,2.22141613715652
3.188905253,1.32757257683821,3.03422760865186,1.38466477013772,1.68464221812322
2.017890678,0.94130482427772,2.25554032148402,1.50831056563724,1.82241176962772
0.641678767,0.564823464847906,1.28648647008701,1.83400274215591,1.60017530666501
1.023433758,0.572618262732459,1.74019143532646,1.44947591688435,1.01378243818676
1.353320078,0.582011621207814,2.07296571597323,1.00294942689598,0.528291032369143
-0.145867111,0.300672032957496,0.84326872936362,1.15233363924545,1.25152686708981
1.046747231,0.554911432903431,1.46243534962441,1.29765839876028,1.0770579392431
2.000280505,0.831166054285932,2.34183133156158,1.9847056003146,1.72687931429286
2.518412962,0.803603531176297,2.31772098223297,1.67565409217218,2.29371229366487
3.258615032,1.32403148409616,2.847749365403,1.54448316470274,1.14856237668853
0.78296933,0.503238954012295,1.41966282101273,2.01143758183901,-1.04923337015389
-6.494148108,-1.53341990621508,-3.89074521985362,2.18742283730715,1.53385590640977
1.850490705,-0.688669485594305,-3.52477583731729,0.565086266470275,-1.47732608812418
2.521712333,0.288201347018932,-1.84288226314713,-0.885898476864931,1.22498040585582
2.174593106,0.507584429923547,2.10102715676617,0.294220800201279,0.566591361335765
-1.861567139,-0.670861960314501,-1.32023910998487,2.27129823459934,2.61620077129417
3.355668797,0.683315919860622,0.731046939599467,1.0437005735189,0.0157506047870668
1.447394874,0.696100978913158,1.84210732278964,1.42565727706796,1.51756149202315
0.166617936,0.165931755802838,0.670286232240404,1.44990070944684,1.57757165540806
1.349541446,0.677818656732295,1.66009599803122,1.78673400921271,1.45330014511692
2.474682391,0.387247980010264,1.49357906403623,1.16109431993873,1.99303792189851
3.229697281,1.01701187523937,3.01894575809024,1.02377086232176,1.26151669923217
0.044195115,0.170509426553388,0.389331140234855,1.77524656633589,2.21426502384522
1.213784489,0.618845924414266,1.2310767674068,1.88397960019969,1.28041807083853
1.964193757,1.11069210220918,2.01502880738716,1.78345007529714,1.85546959387561
2.756633378,1.24554397478724,2.59601029776688,1.63549729810859,1.78706488878856
1.663448999,1.0031530483275,1.9726158705272,2.34401289416253,2.39122352979706
2.031343929,1.13877006714622,2.14974550412799,2.32410932331788,2.36097330238449
3.117739843,1.04158774618222,2.08118998898365,1.83110324263248,1.88281630203816
1.943187435,0.925737310032791,1.78306034963498,1.90057507997817,1.86228594637437
0.538086472,0.56537323677104,0.816504191560742,2.27130930376225,2.10505999918663
2.136494083,0.983896345405951,1.94699258902911,2.06593196428588,1.38522420089974
2.008130946,1.15124319588195,2.11435556694787,1.77586201658064,1.93930364004445
1.859680062,0.923251861063094,2.12635028617804,1.82966490160437,2.21871737714193
2.626256582,1.13729922694989,2.94198346396044,1.79555284915154,1.6347282032329
1.427650776,0.516917185439978,1.14421241951547,1.44594698628983,1.84317164559017
1.382446759,0.71996911760748,1.59285601667244,1.59958940944634,0.785052824799475
-0.326084115,-0.282530898025783,-0.413642446996264,1.74814448192643,1.56232814675043
1.69423998,0.671442035787361,1.60481139156392,1.26324736511951,0.870392517174972
1.891665806,0.874272669583677,2.25553132414724,1.33200327381621,1.37573482472353
1.247612881,0.531644743302136,1.68114753997915,1.45053479354376,1.78028522480441
1.830486581,0.581789933785518,1.61437535298217,1.49854864854926,1.27420862235419
1.125646301,0.688105364346951,1.50758264703375,1.75894729874741,1.73765859398306
1.627677819,0.532160008460658,1.13160450232259,1.60943037391196,1.72966403177631
2.352008693,0.788002740477603,2.32453134947877,1.46802458262457,1.5826624348434
1.660431364,0.533926290431,1.54025165727866,1.82421296407207,1.74127017536096
0.998829278,0.550540107670688,1.2957204556344,2.12737853376734,2.20457215579654
2.655064965,1.18019685217557,2.34762963037249,1.97053241673833,1.90802970068343
2.860467936,1.25969275841358,2.4456518924917,1.44304905889663,2.12392099170429
2.174752892,0.809101236151273,1.711779482513,1.65513985826285,1.31565119349988
-0.574963392,0.0147063249298105,-0.217222604829177,2.36763989942705,2.21782275533941
2.22606164,0.611716838749099,1.52980646060424,1.6776902787695,0.844945222165941
1.987413072,1.08329347921506,2.35270343863475,1.23937669241646,1.43268972566057
1.517569189,0.4496621388679,1.12287214331304,0.981498524719247,0.00369560423933311
-2.69758567,-1.40012376367614,-2.39371383716349,2.15763167858766,1.89586149208451
2.018702596,0.66833591279929,1.75252266952748,1.68957585352063,0.606977062360085
3.383639093,1.88952963089602,3.070423401008,1.87048877388708,2.01749345520757
2.487811611,1.1362743353536,2.37032922654305,2.17793836207235,3.25145197603798
3.502955667,1.76066962132709,3.34761429202933,2.38276044149158,2.74881919217326
3.036292925,0.641006063727494,2.36480781459784,3.56642743394095,2.81242195444907
0.414142447,0.139288114287834,0.313003745610319,2.47384612945056,7.90489525164965
15.14893375,2.67459334550878,9.1861167640789,1.75816351784278,-0.104638803753912
-1.635380042,-0.0972843131656664,-0.686714764132567,3.00449649953648,7.72046514824062
2.233322897,0.613232541825792,2.04409202140649,2.05989879132172,2.08957376201794
4.010327928,1.11879040551577,3.02750830456292,2.32436207849999,1.69346798845954
1.532765322,0.646894622732461,1.52856555180718,1.47041449183468,2.19296075501161
0.540588357,0.421304818766917,1.17151786690227,1.84355728017209,1.66396697473601
1.547563103,0.867864747881865,1.48819560927004,1.94412142478351,0.880753968491906
0.676963889,0.270706692259161,0.483577119932139,1.75698976848642,2.20967166324322
3.096741883,1.18998181755928,2.77880283288891,1.54859140408489,1.59775233695954
2.453712455,1.11598581359666,2.02275198109395,1.80682068893128,2.44445575504207
2.250715442,1.12240276294042,2.05350335670436,2.31708746391178,2.00010554303073
0.948059612,0.560603814405638,1.03205762181032,3.12499722100915,3.46405062184791
4.719059629,2.50397809693812,4.20326422671734,2.87363514463412,2.67035409759772
4.126301057,1.83570032933128,3.40478070329427,3.20435328338422,4.37171305000576
4.913101305,1.69024605875721,3.77244400333001,2.83974597017505,3.3448476235177
2.921772577,1.64400527926696,2.94124558608713,3.25675624588523,2.63547051421642
0.317318048,0.284460526519821,0.830745913418723,2.0075401977526,2.28456096764821
1.900687493,0.646958682418234,1.50165509158908,1.02587355020236,-0.45701516395985
-2.129020175,-0.537358965428661,-1.24556463022265,1.52784882084535,1.35000815547485
0.695403373,0.412479570661516,1.02564925795442,1.31932162899297,0.494712184362281
2.383328834,0.767590891485043,2.21322677471636,1.16467580359161,1.89357041617258
3.986702677,1.22069130249433,4.17198966089466,0.996477473943633,1.17369722766087
-0.123446643,-0.105004243379996,-0.11233976624716,1.99202921231546,3.09368287759578
2.698166886,0.922246826539711,2.2887139814523,1.7051031839258,0.86861668541816
1.395419901,0.56191723822044,2.00694347398133,1.80014227417669,1.5175794787048
0.299412361,0.333746616434124,1.33727315290888,1.92471454562429,2.16870583061908
2.830855586,0.667635569137565,2.24934200041269,1.76310371313802,1.54550365224963
2.577612798,0.533277706775913,2.23026494549125,1.66381507960642,2.62160302481727
2.904667778,0.67337575250765,2.37308742702338,2.07799529387065,2.26550731060703
1.812079221,0.881317198746963,1.65426555027523,2.76723868530416,2.85283088548837
2.868913672,1.63881632827286,2.6129850922725,2.5667736845034,2.36310770157933
2.765370697,1.51880743509632,2.3606694876747,2.4885070762546,2.72453721833394
2.839971367,1.65205940263252,2.30792142964293,2.48764437641243,2.38409202177472
1.827604645,1.30562684457716,1.67541028103546,2.94713028392488,2.92737583248441
3.013988753,1.8921350482351,2.66872588978781,2.57868228036324,2.53727344843241
3.338418504,2.14894727903434,3.06342303445885,2.6102356819803,2.29328544550534
1.544454357,0.931425477308911,1.31798565476722,2.56273066042481,3.01734713403326
3.130265943,1.68348521386032,2.67374818051514,2.2154236732529,1.25881203251362
0.868934878,0.406154899471882,0.480792432794999,1.93350889425591,1.38736108339277
-0.532571347,-0.264421597451586,-0.50254044828262,1.96014041338966,1.57692546060377
1.963108969,0.663163725861552,1.62564150056124,1.0222181003882,0.885061919750644
2.42880105,0.615575714769864,2.33620970165853,1.17064132678361,0.752782476230503
-0.727639256,0.0765839929197586,0.309928282603532,1.56360425221271,2.81092213781688
3.749020636,0.470972605484968,1.67217934931812,1.02374725886329,0.284451381197056
0.795880252,0.495482310279937,1.53537371244048,1.42713785880056,2.12304706449282
1.074166848,0.310611716415016,1.4670425598806,1.04787853336468,1.19741335072405
1.483641026,0.313386749133516,1.27013997924583,1.02565397154775,0.493805522435353
0.10190132,-0.268155948333057,-0.660744886314309,0.7047708093615,0.098288708174521
-1.931653876,-0.87030898800425,-2.58127868894957,0.748516995869541,1.53187173337222
3.279841095,0.975629805894049,1.8652951904815,1.01081966992583,-0.879681510695908
-0.704668646,-0.679441762358135,-0.683750494199154,1.11372054682289,2.73129185686986
3.081601519,1.19118317421851,3.05378295110239,1.51002560879074,0.875040566093228
2.813633149,1.21801602875696,2.76852836648786,2.55592789645344,-0.122211304807505
-4.03504315,-1.59729039181304,-3.07516584992115,2.26964927821943,3.38634338074797
3.983802559,1.92152730884804,3.32793493905826,3.01942712439551,0.515129742823402
3.636196657,1.67776606152356,2.95671612357515,2.96424796621891,4.64190893493021
6.988475701,3.50018883844546,5.98990324600917,2.5863771693713,3.12841383556343
2.584016593,1.50327060537476,2.45999646762798,3.63990154248921,4.99847878921116
3.867664765,1.89805052202016,3.10556493131168,3.27518172514507,2.38101864133362
1.375146812,0.693698504175045,1.10856660047416,2.97078301730748,3.30288683753977
3.300748422,1.25577924368283,2.58117587595723,1.77203400861912,0.989396608658771
0.262671069,0.0496443896070714,-0.0239468266137949,2.06231329966322,1.60743124860372
-0.402127663,0.15764057036075,0.106115942458892,2.24847057472973,1.97832386397613
3.267973662,0.839440882367713,2.79948349938609,1.45669220404473,1.53314257879896
3.912594726,0.771869720771014,2.11333021276305,0.724315678526495,1.30465842216118
-0.266520112,0.263181927442521,0.303277832578461,1.49070545736151,2.18273410587065
0.789783602,-0.0589151007083196,0.722162949239961,1.16882522636794,0.0241175396576923
-0.18005051,0.27835742387164,0.37581916727132,1.29377396183788,-0.0812519472720366
-1.575833768,-0.391797687923011,-1.05416124064363,1.15489595304014,1.49729780117581
3.106671628,0.992901506652679,2.59085415527288,1.64492040723573,0.655602871340063
2.666168237,0.950946005773279,2.59317069854565,1.39795510972799,2.52396001978187
3.151976312,1.47403188297411,3.09172091589228,2.16359507319815,1.0830107599563
-1.234600877,-0.0212851026441442,-0.687070839109554,2.89051901747225,3.48218724285195
4.260382582,1.63518858188864,3.47382971896814,1.91559487914314,0.600986741676423
1.78343319,0.498856108796935,1.07535823617741,2.02392364808508,2.68129699067797
1.656474678,0.995743092580952,2.05622737342304,2.51311549132588,2.42697982956094
2.741461948,1.09295268605868,2.22888870079888,2.33657823701287,2.45033651564551
3.845567385,1.57623238212281,3.20874025802968,1.61624421808819,1.01725027626707
-0.905901576,-0.567567390565575,-1.14028145406671,2.35210606050609,2.55276629244632
1.205342627,0.623820581267245,0.779057690744867,2.37690851195646,1.30217419826548
2.815020841,1.26320395037754,2.16563683764233,2.45458822312224,1.94003597547557
2.922743116,1.46659372582012,2.73152607509165,2.10747479853713,2.61888134304503
2.828814087,1.32360696941692,2.39923560622392,2.44377738845937,2.40500150816869
1.807052197,1.27030777456503,1.92040916369427,2.71732000890327,2.77854077286675
2.799614723,1.7417334390791,2.34980354886025,2.37712352201087,2.12409133432641
2.365644315,1.36835261548576,2.0584125073876,2.20183864565626,2.25697713133509
1.881311328,1.14985249109754,1.60310593640295,2.10360164732286,2.00828500470708
1.621097612,1.17029297399533,1.65056948450654,1.93009614823218,1.7367692674817
1.6029897,0.79149764183516,1.61746390225075,1.51004786433049,1.33699043172115
1.006828775,0.389676325728309,1.2373095533021,1.12438454987122,1.29405466496985
1.144969822,0.303592140400741,2.1281129856251,1.58077146206005,0.553090723686387
-0.628984352,0.277118528182417,0.258470340308155,1.97313127521217,2.3799471528365
3.698555679,0.822370302269295,3.40869892051835,1.54413131824999,1.4125461672265
3.617573656,0.860803276892766,2.51884225301239,1.08130739928298,1.92499810688843
1.321687759,0.46397259288983,1.38156065032483,1.58485587404016,0.560151684097388
-3.284837424,-1.0438407767982,-2.63836009648787,2.91516046141387,2.07471484736017
2.21632139,0.690542759738922,1.91783960845838,1.69563950505915,0.76544854323063
4.626270868,1.85824474273865,4.07846458752028,0.810779443893583,1.22670211894074
0.870932854,0.130851795869367,0.713203303091747,1.15847778732859,2.7816508811926
1.350635254,0.791816484960262,1.61967721127842,1.99927652182843,1.54017771923898
1.771375216,0.536047785795352,1.48378082592008,1.75429900835791,1.37947094223233
1.313181877,0.348293282094065,1.34778369283836,1.8554285477048,1.82166114593943
1.792029512,0.773558632692676,0.740679161694486,1.68992947678961,2.05711451927565
3.012989267,1.24750147251899,3.07966569563081,1.73042559349875,1.46663479278107
1.001258702,0.411689654471939,0.852707325757614,2.06375710241353,2.58840948531331
2.422281327,1.06864903799856,2.10688238933207,2.10757081039014,1.6276403835013
1.881361682,1.31146454451052,2.20682194635569,2.27835580126722,2.39813401384772
2.595556936,1.32751476094993,2.37483980291518,2.31023535066536,2.10124737902084
2.152609278,0.918248237549337,2.02244067263469,2.05701523711911,2.70191089349614
3.475888459,1.23880412906382,2.65741746387404,1.60997378619558,0.941232746828531
-0.524050419,0.276394419828826,0.372668165390804,2.07860826330402,2.05560678767378
0.745365247,0.459287722848618,0.90914281000812,1.68486080597362,0.665241312622399
1.40397213,0.500786433073423,1.21466654308796,-0.0148318052263573,0.619728863718788
1.970402607,0.626349938850169,1.76148300915223,-0.545197977592777,-2.94189655211045
-8.794631516,-2.53837743601699,-3.00117271966189,1.75640010047422,1.94400251872953
1.946792365,0.40954256430317,1.93049316485295,-0.287851994257138,-2.38162887522743
2.868296299,0.719756696621267,2.26290205066696,0.717409467172129,0.270200261135468
-0.317251528,-0.0772424822353115,-0.0130851393161832,0.131193294016433,2.04455440575855
1.493663459,0.798411002500452,2.34610609110761,1.61276118219167,1.03782936594207
2.126061042,0.619345823321793,1.83393910119848,1.77392307035689,1.17452592963185
0.657549915,0.707388759609167,1.23034411073802,1.82156124514943,2.68085898724074
3.587166971,1.12026977424686,3.0075113778386,1.69640085295554,1.46875440831908
2.133222389,0.860166909106998,1.7948464553336,1.72417422551688,2.47420457757476
2.074512417,0.775197814866226,2.06071546786196,1.58015785433018,1.16942067656797
0.051516348,0.478028273836462,0.502450015571492,1.84940650945573,1.07057719066956
-0.424095907,0.358341028996946,0.422204802458223,1.98816126315863,1.49632746734392
2.084736172,1.06930271630467,2.20531861986393,2.10288195292355,2.71617855440761
5.858201067,2.17800030202044,5.1387758999397,2.22323865777936,3.39379964304224
5.462181239,2.18598008207773,4.6254926406533,2.69516070006431,4.01465916531354
2.868901749,1.29394766034734,2.78169549975404,2.62683096651171,3.88781971029862
2.617110286,1.27594351954502,2.75387248119055,2.84316604854151,2.03404842874402
0.568994118,0.765772680787237,1.31044784180078,2.74469019339866,2.46118278156323
2.213072016,0.730853364391752,1.57787533427729,1.98127736129705,1.5402584223753
2.382878704,0.919631763803009,2.02912635165095,2.07974772214311,1.55529727203433
0.805851023,0.498397890991723,0.691474827354687,1.94312315974768,2.53480329049548
2.930731862,1.2797575834705,2.40045246831741,1.93112047949739,1.35377010486897
1.739085314,0.964262267340039,1.78338282471949,1.70204797233781,1.97452618285469
1.547640434,0.698694383027746,1.18870297576184,1.49937108586203,0.895014234366968
-0.636638272,0.0677643704308051,0.012037641070647,2.21122817382708,2.31876527402614
3.15103067,1.17612092019699,2.63805515013974,1.84114072219586,1.05707741261849
2.440639358,0.917143136111048,1.89462921578412,1.63293665013447,2.45476719796077
2.626488028,1.23350372820648,2.3908048476426,1.89964796042176,1.38056949341675
-0.056312526,0.308566090771671,0.311818124122508,2.58772511338428,2.43333525641794
2.174233945,1.26704526901425,1.85562585057102,2.25754924385234,1.55614474942174
2.828901327,1.20986463867005,2.32905720995978,2.27736613470246,2.16693923751998
2.499397227,1.01452116409229,2.00119200104386,2.13221119232754,2.37511784131134
2.312149573,0.685287455393673,-1.21511388605569,1.7411703530119,1.58204753250571
0.659544069,0.0783430234160893,0.740525835090707,1.88909961582003,1.42444368565375
0.575366311,-0.174151915494738,-2.00377414964516,0.709478535632193,0.507850823645228
1.139156886,-0.0524603644764951,1.02158173388529,0.213413669553036,-2.56991821998103
-7.215303514,-1.7895762157902,1.56548484212899,1.3618379110677,1.7575048802463
2.491687645,-0.434973782393221,2.494764826478,0.2966376432047,-1.87056881252527
2.081497433,-1.00723729042749,0.637545613431829,0.529934147390622,2.15715303240807
3.262811352,0.312938747421677,2.88803266564056,1.47717228288265,2.0398560281928
2.189801434,1.20515117832694,2.29766620046371,2.13963874185773,2.41896670394126
1.787815789,0.960547598715229,1.64744863307606,1.99990989075654,2.00042827935108
1.69886423,1.18146015673067,1.6972334578441,2.02759055006763,1.71909021200582
1.43954363,1.205206374946,1.59234423681179,1.92361524249454,2.01586717993176
2.366176562,1.48254715917677,2.31249384143865,1.85451202161151,1.72851250893407
1.795873449,1.13323157772395,1.860998556188,1.95485416586493,2.61105374302528
3.206502955,1.75921075719181,3.59927098237856,1.77064471895038,1.80752981883859
1.829215451,1.1420192766358,1.73140576937202,2.01930939838035,2.1648545712596
1.197690738,0.751857061282422,1.17031057921647,1.86259450383411,2.02556239931976
2.152035207,1.16278521563703,2.17379718166751,2.11054738121574,1.38071690954449
1.220507767,1.01875480860752,1.76796521128097,2.00766724924532,2.3637391743021
2.865964108,1.0976699813778,2.42914040220276,1.50675218157209,1.55191352583033
1.811606476,1.01600245863203,2.01619760324566,2.02371549345186,2.05997188116535
1.27379058,0.795838165532475,1.4020377925673,1.87765405518973,2.30098792797809
3.077676765,1.40982534137777,3.0001450177954,2.04846614507553,0.854516350970986
-0.025503619,0.311332161007581,0.172357154774232,1.52851886766379,2.60353815111608
2.744192385,1.15060457788413,2.4238885463549,1.61758753429743,0.375644035861163
0.129123295,0.557276252032688,0.787236235766176,1.56510877416333,1.99647387369263
1.609483949,0.804541435887333,1.73566606146426,1.49669142239986,1.00787362744961
1.554725173,0.937807507492433,1.3720502303449,1.94590820721244,1.4714981452876
1.359911254,0.643646353227682,1.38334177188498,1.21825188961483,1.93064151722911
2.5897219,1.25923404129793,2.72324436103303,1.35970094404645,1.10282347548385
0.725104845,0.612051269043302,0.829786927788693,1.67456468656419,1.88077025081338
1.282184326,0.936246292820836,1.78632171281132,1.40673093783955,1.36403063829424
1.985410131,1.05379744721704,1.93338474053791,1.87885968134755,0.827106583702998
0.00326286,0.152324083060304,-0.0216998427919056,1.61632339239172,2.32031768820289
2.781285768,1.39952861559003,2.4901648249247,2.07927553213201,1.48609992826255
2.691034615,1.69206216363248,2.57565400845945,2.26224292664769,2.54025756478
2.876584891,1.64517819431041,2.38729409624006,2.39132461198408,2.08688993532624
1.337876531,0.633671946441539,1.05216659395537,2.15619403232444,2.71505428936751
2.95424376,1.43783331563537,2.6682566732332,2.09051674082935,1.03651606303786
0.322442731,0.744855224621965,0.862788765258149,2.23910059316414,2.1578007071068
1.296311927,0.912411035284435,1.55468865810226,2.19433102689171,1.9028270551155
3.283975713,1.48400988009948,3.03863489478889,2.04611631812353,1.69720206187976
2.335155334,1.13698500243143,2.22121354710981,1.53887724631575,2.16904364326689
1.412278797,0.790367295061235,1.23685665494504,1.84095164865882,1.76728071800406
0.865577889,0.618980615212751,0.778257608683961,2.27364221628558,2.00962921829441
2.372741975,1.33597386187904,1.95523001521297,2.22426822543424,1.94287107584784
2.987220251,1.404683816388,2.46819576489427,1.99460087095817,2.33430131103865
2.637363804,1.27142705812977,2.11225120402623,2.14196872728282,2.31292678012616
1.751144946,1.10844028993423,1.96223169882223,2.32241091178212,2.2486062809759
2.221454313,1.09083425621429,1.99143608965555,1.85828865638101,0.737025859384941
-0.610688615,0.0115454281341953,-0.438113672135159,1.72398747165374,1.43293406320984
0.396644358,0.405543543563476,0.676351633085588,1.51987272123216,1.09361671799686
2.470037779,1.14333931298663,2.20558291759764,1.9279290388568,1.09109909354722
1.688516013,1.06514104378692,2.28994342427088,1.56823496463141,2.53624118402397
3.073576297,1.26125755790868,2.56448368840055,1.94613996612278,1.92577712315185
2.150645503,1.31501084469607,2.34577112206179,2.24255646599968,2.32597246208283
1.871903102,0.702195510401318,1.47609854819868,1.96947091336226,1.74533385355649
1.122586339,0.847498762836013,1.5342807870881,2.16624028698578,1.88784598174125
1.808618845,1.14483093997973,2.40066152425307,1.80179214128984,1.64926516499596
2.159474775,0.946038738258554,1.90630254888247,1.63843635465734,1.59286976480979
1.439047938,0.914150505115555,1.45174622329411,1.69362842235628,1.84284338073364
1.622062414,0.958594023256656,1.51449576119375,1.85235214201106,1.47837860861292
1.294891481,0.928288362635441,1.16503586576049,1.64237531762963,1.8676601600893
2.254112877,1.56265594905425,2.24041045813965,1.77210508839117,1.37081789903301
1.195493191,0.94930853807349,1.16398143012651,1.95795349187246,2.336858430578
2.552301291,1.30341119916174,2.17900098739791,2.03834996203135,1.95639964987516
2.673119684,1.50494996340109,2.39705759409949,2.0640132764216,2.20782071065868
2.163335699,1.05745096775063,1.58816980752457,1.84777393426319,2.00439346546604
1.265875138,0.869909916728624,1.12797613166609,2.128150779241,2.13382699921848
2.100214309,1.35967346089793,2.10676394720276,2.02006442454668,1.53682239940648
1.590358426,1.06671992859581,1.56695055403564,1.80387350009178,2.03491835670543
2.18130606,1.29617003374262,2.06725614883926,1.74109346175044,1.55501000244156
1.348898146,1.05841658017967,1.4601801646688,1.91638688905293,2.0914202474087
2.136869027,1.36833832731087,2.13782769099737,1.68117820680559,1.61343493464903
1.820668064,1.15224127949528,1.40980562467744,1.74897862403627,1.74305552124553
1.441967615,0.929487231826174,1.32101891620256,1.51162515531702,1.67576303297425
1.544219061,1.02726923269977,1.32790605260469,1.69840626306622,1.37198420026056
1.002902587,0.78479994368524,1.05324215285381,1.93235205961441,2.06226616670931
2.627332172,1.54837950611199,2.35521709298196,1.61952094173046,1.71876763954386
2.466783081,1.51152280676006,2.07985644497376,1.68072810963556,2.05642307794463
1.702624808,1.01917405473973,1.31946534937055,1.88045561348212,2.12761062077683
1.772624144,1.01097548157372,1.50572496103573,1.95845808872844,1.88211898811942
1.989443741,1.10118269594875,1.61110317999862,1.84413580997765,1.74794177095228
1.719641122,1.21649958811847,1.90466706662408,1.71100091276563,1.82959789816478
1.757148707,1.06723776328408,1.55309508356768,1.6507021350176,1.57015793418108
1.401531735,0.9083311358246,1.19957143536761,1.71901251259158,1.52413655030121
1.183703351,0.647780004578197,0.79633492650065,1.85077353439963,1.67848211093804
1.685945571,1.30231978617072,1.90194572495972,2.37329797108418,2.17588353474235
3.171487093,1.49301709722181,2.85178915239302,2.01364641045421,2.24689462713137
3.055862974,1.14342468888497,1.99499695188376,2.03146586895941,2.40092541143438
1.90067532,0.951915479262858,1.76256309716606,2.20134450297135,2.34586504128207
1.623124093,0.682347112374258,1.02505437295038,2.15991590422838,1.94789701311544
1.871615718,0.982167249763353,1.76574007170776,2.07309109565428,1.6236768709503
1.524286684,0.713306406906135,1.10740145526006,1.90394010029678,1.79333984383247
1.531926855,0.906845819642687,1.53187423363213,1.78180787910896,2.25304637675928
3.36949613,1.48805737435132,2.70153012296839,1.51816821528682,1.00161924635152
0.271368351,0.213844708086692,0.375059959521517,1.83514114201607,2.33028415816809
1.543158381,0.750253489828875,1.19555417069475,1.62765704774688,1.19420084332575
1.716311829,0.861187805199121,1.39801518443693,1.75143994141647,1.49045031440327
1.297548102,0.926126662609772,1.23478064947759,1.97572711232709,2.37612009946479
3.184950119,1.82004897771945,3.04131602843255,1.79134756530363,1.92256147967432
2.638951358,1.54894874075235,2.51584456587102,1.96242808704875,2.28307371400682
1.592061395,1.04203037147949,1.50151400473456,2.04448518578959,2.34876569033321
2.007220511,1.07246324636733,1.60964186706512,2.21816119174545,1.91633462469288
2.012307651,1.17137223626349,1.69035623797486,2.05709680548441,2.20800653746309
2.52517675,1.56967132364998,2.33169590578237,1.85663010392238,2.00344585786393
2.057211864,1.15341628403606,1.68743971851203,2.0278911713771,2.06472542931971
1.578523335,0.888318693423682,1.16311404055676,2.14656920249356,2.19283167704126
2.30659091,1.50637491082269,2.29756297518935,2.14565312642385,1.86077228397567
2.059685839,1.21328556930955,1.9965304706291,2.0153864300936,2.1436597582017
2.096266395,1.21797244327776,2.06877513790173,2.06498745011986,2.02705224664114
1.944149054,1.0560203467534,1.41227931633444,2.13525747880703,2.11164653821478
2.16337147,1.27106028344908,1.86457031926993,1.937775458354,1.95093801666282
2.084809719,0.853770852962781,1.92341200053754,1.67764698484343,1.61138874960639
1.429270933,0.717960938590732,1.47683208350588,1.59170050257417,0.626229073281055
-1.238483845,-0.0328303638226069,-0.256016493554185,1.75910247610936,1.47522268735896
1.273286744,0.871038777175868,1.46700259562419,1.94279226048335,0.719967691287431
1.868985369,0.905019935819662,1.85836193446484,1.84751862233224,2.72860284728002
4.9005749,1.42475092208672,3.62567676432319,1.77209389288782,1.97584205573272
2.155247568,1.11024979009305,2.25957945397758,2.63406589028224,3.50374471786864
2.738145147,1.108326233221,2.40944504840959,2.38948914827979,2.09605467005847
1.988055949,0.856299312518893,1.65380744629305,2.48685444390693,1.37244835259639
-0.453799926,0.147443708026867,0.00817291187780826,2.31669134143055,2.47640448952547
3.015016478,1.52908113262442,2.74383077150375,1.8931937747911,0.946980077881791
2.064429873,1.2144662036139,1.92798511518823,1.73576309798549,1.97857816457233
1.325846657,0.916288618412999,1.40156170957225,1.65730394169337,1.99652761571552
2.015649148,1.25463971792201,1.80425743692517,2.07258213509854,1.1977011404514
0.631876977,0.562844037411782,0.77050132836612,1.97689676356765,2.33489789004587
2.876137417,1.6987951162395,2.66461749762395,1.72645008147358,1.39551274633985
1.967806528,1.35789004734686,1.97667447692393,1.9053838754986,2.2564468212854
1.980147816,1.14286106942414,1.88488267389422,2.00019678102418,1.89910830209251
1.632013577,0.980076151615724,1.41023744769403,2.31544173421977,2.17318490578689
2.308476155,1.1621412243758,1.62690099070593,1.90881725567128,2.15032204106379
2.805418388,1.19603546655125,2.19010577589855,1.81840176565543,1.87453389772192
1.449267747,0.967226720949195,1.44601387011251,2.39757266172237,2.36513606117687
1.84534459,0.872288274959601,1.90541318431967,2.41009097457849,2.30265008465379
3.313742502,1.12095478639583,2.25271893257453,2.23080705023486,1.40452596266688
0.683711777,0.588961644737813,0.895362834335838,2.17009056426893,2.92312099165452
2.899716518,1.21137333760777,2.3979703982367,2.2863948263278,1.4971739480859
1.853019136,1.06449178673482,1.84589170051488,2.64068490288939,2.560052176639
2.489334646,1.42471879818485,2.14355046519997,2.36034085888071,2.25975700463253
2.525127649,1.56839347492298,2.20106244517884,2.42012965756252,2.55504581325974
2.801107075,1.88365193267227,2.78588643853902,2.21291537439459,2.31361498869609
2.373041724,1.52375139380779,2.24757638594064,2.2467396160455,1.71907518762391
0.519151112,0.573476455802911,0.620429348754748,2.15971249110187,2.01443639368973
1.489462209,0.949995942208862,1.37463451608599,1.91948639652402,1.51033278120837
2.229252741,1.47530088850205,2.28475932258921,1.72862968620586,1.76011563415702
2.137516135,1.32363898649111,1.94993552818866,2.14122424937674,2.10634039608308
2.024130741,1.20451165030453,1.65371561829925,2.09273533635673,2.36391309907706
2.670574913,1.55940464835259,2.4003913658714,2.15548711172292,2.10531327222557
2.179211114,1.31424619165306,2.19306492816579,2.30663141481887,2.34808137330607
2.163246747,1.30998694134675,2.13657866059704,2.39536387015586,2.05629344354745
1.75498609,1.45125305758145,2.14655975646899,2.40021630116419,2.36008453773649
2.573727561,1.45651455646146,2.43048231984309,2.28570291086022,2.10186482889812
2.418510465,1.28310363835117,2.03780953380524,2.18887474774197,2.33039799804356
2.657566794,1.43636378052458,2.75471904972832,1.87595326267651,1.01720301211284
-0.284174511,-0.0782236729282098,-0.281083428436408,1.48694965789345,0.815847687411469
-1.485048614,-0.629408946104464,-1.27826377182141,1.42210900910177,0.980960175246492
1.789574985,1.14191667388482,1.85542500184337,1.72118521579961,0.343812853837165
1.8781993,1.22605073461136,1.71341391991817,1.67432634366598,1.77053415626011
2.179902249,1.37778461775402,2.19697164175755,1.89198441904803,2.07522187903502
2.412051301,1.5444459063129,2.22716064100543,1.99995979553436,2.07300241578751
2.01713537,1.33918497818137,1.86873263972277,2.04194706735837,2.21460174483478
2.094778109,1.32314456899098,1.96607454725226,2.17855135361854,1.96788457247641
1.705830064,1.34298427151466,1.878304868156,2.43852226019923,2.43132454146585
2.735145886,1.67733519807326,2.59563416883952,2.27451317500667,2.37078313247867
3.113654074,1.65052841770066,2.72854798443019,2.19137461364618,2.39905377309031
2.26335177,1.39213177171681,2.04712521099571,2.31667117807,2.46691939286905
1.839585059,1.21404742564059,1.49591898270915,2.56815776757557,2.30631175579573
2.120726386,1.49082179360487,2.10471312922591,2.43746932612091,2.39653627810995
2.979002506,1.70975135676398,2.69112888721357,2.2068001675274,2.1805422402321
2.295132682,1.24865448994598,2.20930341669762,2.11215858851403,2.48757396517655
2.389348621,1.27451709952342,2.19304116731959,2.06401333133335,1.51681676487867
0.324330046,0.532234094252875,0.856825163097301,2.84136436911799,2.46170615500232
2.1996718,1.30037115134908,2.27819232850227,2.28026834765642,2.5368685116924
5.054635446,1.94503869705755,4.00903622077687,1.686971312523,1.46047394813091
0.796791876,0.534521703033127,0.840468874331171,1.94282859811224,3.22566456545857
1.889372185,1.11324879170234,2.11017647685052,2.08601325706368,1.52983241797016
1.784772544,1.05609988805902,1.69864822240621,1.88608540157757,1.49471850202163
0.908280803,0.893091992805117,1.19411287487008,1.92977640360126,2.25010248609757
2.74955061,1.36554493060592,2.57809300016832,1.93630990337322,1.76778485316095
2.585490691,1.54432224272281,2.51276306712708,2.09611083074118,2.23807312681346
1.862182682,1.23520248239865,2.00710957745065,2.51322821980938,2.62003743073637
2.641954899,1.49256965618478,2.36609022826444,2.45597619064648,2.39311533021512
2.938590082,1.48422179535379,2.84400403746421,2.14243958073425,2.33648503000852
2.454222207,1.09584535535978,2.29875585474092,1.94094337516749,1.59238709360846
0.093257638,0.545952014046001,0.782381973488793,2.23466439039401,2.01429320156937
1.398434716,0.733854968601392,1.24387041597576,1.89933669298951,1.30206590424107
2.074897478,1.02174003881874,1.90090519971749,1.84442430842763,1.90764949426336
2.608504305,1.17409599264455,2.14909425276759,1.80152684519153,2.11239404480429
2.165887147,1.66243514386773,2.14086171016731,2.52437360485605,2.69362173494661
2.833539224,1.84795553029751,2.55728811177688,2.62131322124497,2.6709342406063
3.189094176,1.8745496706577,2.81841323298974,2.55313550302338,2.74889430787986
2.84918175,1.68362941631401,2.55759890305184,2.49449771087967,2.6760886047808
2.254246795,1.47965912337519,2.27617755598758,2.65944537113926,2.49174895550391
2.120063464,1.33442237914692,2.1296415989345,2.4209675246794,2.14596119117494
2.196149798,0.890015222078494,2.28217120758297,1.82624314740112,1.32917828419603
0.471825796,0.390660902347035,0.638313796370299,1.8012244146879,1.4380477804219
0.448749835,0.653062557448987,1.76412404717739,2.07417056699587,1.38096869689614
1.868688899,0.690204471712406,2.0941720224418,1.75103195496962,1.72503192678796
3.103805671,0.931983642842126,3.18523166751596,1.57002136344221,1.90092445863523
2.127333437,0.900849093434548,2.46341808197502,1.86746176302345,2.54920827013872
2.382232824,0.7820772515886,2.37813874210018,1.86117681926801,1.74046206460553
1.829928165,0.598894353515914,1.84798106341455,1.49823700541861,0.127873462139928
-2.617294782,-0.300366188022045,-0.981351197653083,1.76044637278952,1.35324621833371
0.61760954,0.43018612293036,0.875531275341235,1.57848739191409,-0.0633370250793802
1.687277601,0.780121513406918,2.35007115501841,1.83434604409469,1.37601147534381
2.500688678,0.768146824892417,2.50681790792726,1.68117033403585,2.04237001767347
2.771743944,0.807937926925593,2.63786887104341,1.73847418963713,2.03786877400338
1.96777426,0.719343400221251,2.11899413608626,1.98420770247501,1.54467155953445
0.100562377,0.631533102743028,0.969144227887636,1.89432346030532,2.02638905772121
2.089689956,0.994100421757079,2.34001679023967,2.09163601480128,0.856606625901462
1.134293913,0.743681417159073,1.5958958968976,1.76729630638452,2.09000198476644
2.265253996,1.05009932636511,2.50470601926031,2.13171723949386,2.01507530867219
2.947527849,1.05027981693784,2.73248083298933,1.87372956738575,2.00673379915151
2.080883908,0.835214316040764,2.33577147849833,1.66042307260164,1.85557643209401
1.147281317,0.679131206458296,1.91572967343677,1.93368460535902,0.808745733793814
-0.921844731,0.138870223282887,-0.390553245102335,2.0754958105714,1.34868761766044
1.137952934,0.265928115498252,1.96382739069677,1.50700361486463,1.12710212189388
3.044245274,1.03795578057287,3.95903245813922,0.974842831634571,1.28801662842835
1.790803758,0.681004294138941,2.24586904373568,1.33970150794169,1.94218552434377
1.049869235,0.847386319799958,1.31025342679685,2.43441514261006,1.87339079862252
1.506734598,0.207482967831969,1.13345213414555,2.07332412929069,2.37734089842351
4.08579852,1.75779718117472,3.55668044239826,1.0897676992385,1.06075969833433
0.823225456,0.243423923368762,0.807458197076515,1.2265851902912,1.72551799840163
-0.413307992,-0.218094211950241,-0.121339883559353,1.42368840162003,0.995328671892486
0.785203442,0.250334773112903,1.6446915867649,0.743379997245008,0.15147877561835
0.644584115,0.165253114469061,1.10215539703522,0.657300217786368,0.0502139106166182
-1.411655424,0.356061475413299,0.511246656841432,1.0912894558358,2.51441695288561
4.951764034,0.93089213920421,4.61557850302801,0.88842176472889,0.0323154987266059
0.956628253,0.333640346094582,0.828947908820795,1.66979183621393,3.2054788191555
2.353484708,0.931242615970083,3.0037996941526,2.02755440281404,1.93247916892197
2.534138943,0.842130637315334,2.30994311519343,2.10130598569165,2.07718433122562
2.270610185,0.570276099836427,0.850213156265465,1.41862800249662,1.27873646551
-0.045067315,-0.087155878107336,0.152683398963858,1.7891716333034,1.51709729588201
0.451350905,0.163800635126204,0.825071015669639,1.72908033329254,1.31161126713912
2.412174841,0.538257524055844,2.42065859491633,1.20423961575454,1.10142335972433
2.013247461,0.48402286859359,2.04715436184357,1.12973523199045,1.26378026797312
0.347458039,0.407973273916292,1.42787446485363,1.63394157187584,1.40544769324124
0.59629318,0.309502282147913,0.825068813420409,1.66333042951493,1.21885169438129
1.872405891,0.472082867972279,1.79587026849625,1.21758102310215,1.12057781067221
1.702195798,0.543854500834481,1.85584107070128,0.962801417969709,1.49875633773799
1.558684414,1.05441435742645,1.81843539490822,1.40639948775369,0.821218420176245
-0.505436767,0.0130430739061409,-0.258218442276758,1.84677886061843,2.03413097920987
2.665012596,1.35787380267915,2.3793838980365,1.38905068617463,0.647839833203981
1.488119943,0.95354193991012,1.51827195189334,1.74485910502391,1.86314274502659
1.343354722,0.866332240698813,1.32943474157499,1.99233621168992,1.96018163730808
2.242181505,1.3060838088658,2.4184773993903,2.23603350296575,2.07181385940937
2.908346344,1.246019598569,2.55263487499765,1.7838840205947,2.0219077533681
2.051985453,1.07181958111027,2.17551826033055,2.04558138926894,2.01612104310588
1.040779627,0.900996252368104,1.03776029112658,2.34943610573917,2.27871713104651
2.18130815,1.23951445309422,2.11205111357751,2.24830273495472,2.41753717672278
3.839219909,1.4459980945519,3.26339702145376,1.87591112359322,2.03551828120382
