630
-1.368886319,-0.243883168248078,-0.732169675424765,-0.272229906258506,0.678968894453531
1.139839264,0.212632803464731,-0.630230483314705,-0.994189514253641,-1.67429813920542
-2.386545405,-1.01768999041752,-1.52920280341787,0.429827233764323,0.721539554625881
0.5875153,0.0152801369097142,0.583692171113878,-0.86276026481329,-0.51286005489037
1.302773812,0.0788352913322347,0.339343994861426,-0.921011617176492,-0.633329013762104
-1.475816982,-0.326703043570278,-1.1122592914455,-0.205131757851493,-0.179766878833119
-1.853188212,-0.413731620438812,-1.36418810855924,-0.555088523300878,-0.287110688221115
1.18280568,0.276005299048086,0.845411489645762,-1.0278034233142,-2.52271431179827
-3.900065834,-1.30303707363155,-3.05609334191744,-0.481938697586167,0.398497726465238
0.064782021,0.260130234619241,0.211208960202778,-0.444231432842497,-1.61238838165926
-0.012569918,0.00432650909901514,-0.134017209143688,0.152236781647519,-0.247832536558418
-0.108393937,0.252216664159748,0.0268909478145365,-0.231103543158559,0.0360138561737001
0.243408462,0.114875027646057,0.378892281556313,-0.381854791393693,-0.252800070963968
-0.048441393,0.08939331178715,-0.338605460786401,-0.520457903697914,-1.10862001384505
-2.741811566,-0.647640424418453,-1.20142477298259,-0.275460354056201,-0.2658430992344
-0.490896502,-0.0992256591703915,-0.345074904898196,-0.237128202989319,-1.50681484667046
-1.012075768,-0.120104494579353,-0.554449893405556,-0.518474494504115,0.213925772176699
1.543277022,0.641710389008936,1.2192792567957,-1.02351295029581,-0.877291190115338
-0.831977246,-0.33397088824838,-0.634225401311482,-0.101006665196635,0.342956070493314
-0.582720977,-0.137669305933172,-0.407502963189249,-0.161341346112928,-0.214111377328361
0.130761395,-0.129081442339216,-0.285583170831153,-0.280183237581565,-0.310985643751794
-0.004857582,-0.152811936558409,0.0027631935551386,-0.301877757117353,-0.130235832330622
-0.30990712,-0.0640032739402271,-0.126193222989834,-0.321003405186205,-0.0734779898404907
0.027325757,-0.110042267721406,-0.00390405512678403,-0.464045860319924,-0.698232303619439
-1.191261337,-0.42480457582995,-0.342032043566385,-0.214937168967646,-0.409169945270562
-0.924306571,-0.410891678543565,-0.7000103169488,-0.39002312160578,-0.562395234403972
-0.025221256,-0.222301244933405,0.186399880975224,-0.692880001874168,-0.763512391789737
-0.492961956,-0.427578115903319,-0.0353032080896035,-0.743954554317871,-0.648026976635017
-1.095772923,-0.589528479257583,-1.02527385082173,-0.938505358195491,-0.896654408450742
-1.336843364,-0.625236472906742,-0.766893539502309,-0.718405784310006,-1.21097694153131
-1.510224455,-0.703988709862231,-1.18026129097821,-1.13600404782261,-1.11046768603708
-0.84959667,-0.7281660345341,-0.649835043680986,-1.2132716777339,-1.44748764419348
-1.523783179,-0.627073381111232,-1.32889388040588,-1.07489095448186,-0.882121763339695
-0.850225211,-0.401158065423994,-0.515828573578086,-0.991163577437926,-1.04456414770019
-0.622703992,-0.323910915070136,-0.684115888137364,-0.965646495133423,-0.879111135371775
-0.8234878,-0.378167435407939,-1.23753067477856,-0.828544499896712,-0.735179104242101
0.791086116,0.359266821224785,0.639133966955739,0.618374513234211,0.25653181921753
-0.3075643,0.130464298878696,-0.226467365102001,0.711886283878262,0.79446776801221
0.845332586,0.46559370683859,0.557760898039362,0.549978553401867,0.260913990923079
0.61362325,0.386897328700605,0.571991878414103,0.598659610515472,0.835863358181883
1.188397485,0.356176527770498,0.966662202685423,0.348646354720776,0.196025656588314
-0.313122673,0.0541714246537354,-0.230804600832684,0.598699646786078,0.659336981019379
0.217480947,0.346988259913043,0.191919563757606,0.626456063293134,0.0489741020844805
0.013209268,0.123007019782918,0.108128106251054,0.706104959081929,0.709051975119453
1.37149085,0.498660956342623,1.21389658114059,0.283724244438474,0.293043052268612
0.540397617,0.340898085705456,0.399956893996079,0.678650233563798,0.886035199020646
0.583085441,0.233451381131398,0.405229466749499,0.511518127378959,0.667953515736044
1.034883326,0.374496490578489,0.849180244379164,0.392821233190592,-0.300387571010482
-1.347488669,-0.685370881350673,-1.17805210215845,0.433689684299978,0.329920549129635
-0.482899069,-0.0286325716714146,-0.31718043080867,0.311716515423871,-0.160025105528589
0.692011325,0.325084539198038,0.603219598448043,0.480576655249368,0.0260687533240765
0.615735061,0.167106454293324,0.456583845106708,0.340289530842706,0.54993377314296
0.743204905,0.327223813161891,0.601229082599282,0.453642370574848,0.179513055483092
-0.35722775,-0.0840354649475959,-1.14669121852166,0.534742054962811,0.573238984534717
0.453274617,0.235980687961842,0.371486362295067,0.436847451779742,0.0342874820826051
0.240228925,0.207260567955556,0.154032975751391,0.416957526110877,0.377206464634191
0.370325141,0.212161295473725,0.231214905450097,0.369755647285559,0.407524444772605
0.56390788,0.231876942432685,0.569314368663496,0.327070530169804,0.437270342616794
0.646434307,0.226727493708224,0.560231987349249,0.340738713339238,0.171669070752597
-0.345940471,0.144247224163759,-0.0719127998807828,0.575007332384899,0.664958787185152
0.686770379,0.348773433324419,0.567343683099191,0.584714862061582,0.289717963635628
0.787141548,0.395342679193941,0.56613137576292,0.482380120600027,0.644038865255878
0.814477846,0.327284223994088,0.487041819369968,0.393093431361126,0.515986807233824
0.298590459,0.375912704398046,0.220248494710592,0.846557249925278,0.48923857374421
-0.154181864,0.271881847006151,-0.176463481345267,1.13192719886045,1.20194494629186
2.058959778,0.897982557897947,1.32323978140799,0.851187332860054,0.89287016890843
1.993939952,0.904926711515865,1.64000695700039,0.873900420535893,1.42157648014718
1.253235375,0.72087670248847,1.16124273067833,0.963772016710797,1.10749796046853
0.287661911,0.335364123649007,0.327307820865593,0.852660974961363,0.728357301424227
0.110681713,0.182517284610863,0.162518598968507,0.496816458472696,0.237321873524771
0.006937548,0.130361699531649,0.133832615583051,0.32452090566272,0.148631793921459
0.069693015,0.140311183415111,0.202481921752748,0.238383120511085,0.270836441545566
0.57144601,0.185630886678662,0.560653683713471,0.0681901680144003,0.118275399918019
0.29415632,-0.0468744400716068,0.209430208034243,-0.0482327092476376,-0.00924299349302421
-0.516759404,-0.0389167576168486,-0.449934955619565,0.214226991900632,-0.0858366631915116
-0.769878476,-0.125349616253096,-0.478502757335879,0.32673157679522,0.333142495959362
1.221713204,0.403536702211577,0.7569415547257,-0.000739553499730844,-0.295239171118757
0.002379744,0.0482882260743482,-0.0347639141907543,0.144034845617148,0.867494834118486
0.835143688,0.329851183131098,0.718229970422796,0.332667603162083,0.382740963622035
0.543798028,0.360022087690345,0.467016490720352,0.661351547313316,0.904092950086109
1.281282846,0.414704160139121,1.13204048750866,0.213229801285215,0.245671151665043
-0.056840982,0.177324003062994,-0.0586456640940972,0.696329725200611,0.479935328022938
-0.449424979,0.0837962878069075,-0.372535161000003,0.772114957042373,0.620101442399159
1.154667426,0.488428902354732,1.04367705527916,0.682592763941971,0.254657424182389
0.879215519,0.405589436020855,0.858563575745618,0.670565835209783,0.879585946199393
0.901878188,0.324001213532479,0.746925357148229,0.522209889280021,0.661333938731398
0.597949847,0.287120722157909,0.482748303514999,0.706254181815939,0.209651283277652
-0.62299094,0.0035710097227416,-0.528002121534418,0.583093114231983,0.486076544131322
0.324081099,0.131519742881675,0.118343385457339,0.179422645837376,-0.0384008342113155
0.464795504,0.166737164299084,0.318399503649542,0.102560404991483,-0.0243836324758051
-0.316852401,-0.126296337454032,-0.415747007383424,0.0161190240993219,0.246931177629096
0.108607708,0.0578526304005615,0.0963304076293331,0.115566919116684,-0.186196243494698
-0.194640938,-0.105000515858423,0.0269240793150255,-0.0116967121227206,0.0256239619644886
0.102427938,-0.204875800649121,0.190014344695993,-0.308609746584566,-0.402404884998911
-0.689769456,-0.244324584909269,-0.404158299620902,0.04915832160867,-0.175793705483105
-0.558693236,-0.135309747740718,-0.187581454208737,-0.0935371801887274,-0.0893700034523167
0.489369642,-0.13420962968136,0.339872743940654,-0.193303592945981,-0.340389050708242
-0.143365444,-0.168943318191744,0.227946872461746,-0.12374207018832,0.174182889305625
0.058408941,-0.107518609479903,0.272708580766096,-0.0693113385108123,-0.146164207552699
-0.248597695,-0.129453941955001,-0.0517025240671471,0.0644327113207587,-0.0101641250961875
-0.055032456,-0.252832194237781,0.0527622904499037,-0.197964652133789,-0.143856655541409
-0.0303251,-0.176899401672134,-0.0578749652960207,-0.133653593429657,-0.227047357721962
-0.515042634,-0.114492278942113,-0.178023614639524,0.0871293077816003,0.185556869895819
0.375691749,0.0346121579479407,0.268221912088807,0.273729840430813,0.0756947474821035
0.607984897,0.144907807895271,0.487011831614288,0.117756589836026,0.386434750061893
0.610823577,0.0544608432684507,0.303455870262096,0.196745962131759,0.280074739877429
0.006315047,0.201645476479867,0.0309630921936765,0.340304683773337,0.301260551241052
-0.067589314,0.0945233874741373,-0.0132581703641264,0.340500335094939,0.239525515525999
0.411717737,0.129465587095274,0.235283836578843,0.240523912327999,0.0895248792322111
0.213560034,0.0533820231078752,0.243689697333638,0.126918923858152,0.307102546371672
0.332421515,-0.00958103829335231,0.217541560276464,0.0591455943426066,0.0764434555701675
-0.042661076,-0.0169602323392073,0.0461413360869213,0.126725805167381,0.0123618767135202
-0.328014588,-0.0395087908062433,-0.224878963387922,0.116966180955677,-0.0406832806166023
-0.136643237,0.00263457229872377,-0.0705000876142016,-0.0900773001213021,-0.0605510968808556
0.528888748,0.11482183831744,0.505594247178642,-0.376344804061251,-1.05740301982764
-2.215199132,-0.640856301344907,-2.02741833933565,-0.0904178781848057,-0.0335836737598515
-0.636678496,-0.217855573563785,-0.493178516098532,-0.223606463235205,-0.749110470570699
0.434599299,0.0933568206834359,0.470619420614049,-0.243258460516606,-0.568874795965517
-0.41020574,-0.175477452251791,-0.467282839719003,-0.382294352059555,0.207233929533949
0.126333111,-0.00161635592402569,0.0634889221338865,0.167011744357446,0.0431444341814914
0.476456959,0.0775074113595536,0.343058263271949,-0.0207672998734137,0.00648050562584141
0.140128961,0.0972828176326768,0.135119435286201,-0.0840998261675292,-0.348734457874658
-1.341497943,-0.226724231385635,-0.827899085758715,0.043904827479526,0.186360198566093
0.343405836,-0.0257360890626618,0.158644915212991,-0.303162943916976,-0.891579931449719
-0.776945879,-0.289508898620361,-0.486398962438443,-0.108943410341464,0.0304972011521775
-0.142454605,-0.0701699420431925,-0.11907377155372,-0.000331967450071469,-0.130579314370232
0.272649044,0.13744510532477,0.32867174511866,0.229787111463461,0.387337933521828
1.198615798,0.199237297298368,0.626233932529379,-0.202356081832502,0.0101850189897115
-0.004110315,0.0330922407316697,0.0258463054541225,0.0569653396859055,-0.0598603004495327
-1.286139383,-0.308801950107151,-0.997768368712495,0.255641984026961,-0.17406995378419
-0.643475718,-0.0904822839054578,-0.399858733011833,0.201801273345646,-0.385022754526179
0.298768483,-0.048764804906169,0.189059925360365,-0.175289390808851,-0.199801394128647
0.364604208,-0.00300377685150213,0.520789904527165,-0.228863257752273,0.067235694451039
0.022237321,-0.131074267379037,0.11249475239619,-0.0244402256328589,0.0587415240911694
-0.209392149,-0.113169574783289,-0.0809696004913548,0.120562887448837,-0.0873821897892159
-0.357238519,-0.173661488318602,-0.335166432515302,0.157339563917563,0.117040761641908
0.3905586,0.0901282147108976,0.343890133281113,0.212503690949549,0.0680347986668199
0.3534562,0.0859301791319632,0.130184276653801,0.201101402399752,0.68933656508388
1.192737223,0.368979076547911,0.923302095601292,0.401801492788362,0.445116071496685
0.512657011,0.262952931430512,0.593694994385322,0.656901689691465,0.904917509050606
0.781535121,0.291467839892397,0.641415559701033,0.581084833445013,0.565057225989348
0.584072392,0.416013281378673,0.56252478279837,0.578041808723768,0.503456529651394
0.261788398,0.130881875586341,0.101783127879493,0.650631238700855,0.406966891359099
0.065728174,0.224141613842943,0.0914148320921968,0.655603638632671,0.652054039750174
1.118800637,0.193758883577077,0.644686631700118,0.1060055523214,0.181760970099282
0.379894661,0.102928400483131,0.421229565936827,0.240280310577158,0.275636670866933
-0.49389571,-0.0851615807543351,-0.130338071244559,0.425538209314602,0.249460355393088
0.050510822,0.211084479692669,0.37766138708543,0.169385296956336,-0.214388944707349
-0.063608208,-0.159368078399668,0.11892686680784,0.0200921857193723,-0.0881735137607945
-0.250868237,-0.222514979386333,-0.00138543776370712,-0.0986822109007436,0.126977408037939
0.370520469,0.135671074387645,0.267552126987132,-0.0465190971664462,-0.129129885153458
-0.054233287,-0.0781830229876993,-0.14830033302389,-0.0399660299959089,0.172515900891726
0.123722218,0.0219193925584592,0.150282064683939,-0.132338174272884,-0.141388778184166
-0.280110535,0.02629528826208,-0.115210244749756,0.0568510807527231,-0.0837378402813979
-0.356479899,-0.13611543926694,-0.271815389415005,0.0112300235601376,-0.00806183950646848
0.229453101,-0.0703629292236598,0.186046121221045,-0.0584461885901288,-0.130568546248033
0.099180133,-0.0225343471100954,0.0713163669292824,0.0295135222902016,0.0422440862548786
-0.158547206,-0.0542285097544959,-0.418840190040774,0.0492015373987186,0.302026818533575
0.602812218,0.121151896937862,0.652509298504735,0.16888095634662,-0.107590390514196
-0.229031117,0.187065370667312,-0.0182203186737501,0.437576943200982,0.575252632716968
0.638151949,0.295922390536571,0.644845466410314,0.388894303950564,0.317747778926881
0.881731546,0.266997428455098,0.461654505792503,0.300184826705601,0.283559853169673
0.219254578,0.1580191272423,-0.00584639447798092,0.202835062570709,-0.0646598750404365
-1.09202687,-0.0793247614904763,-1.02563198403362,0.223391992898709,0.0579101450396847
-0.16221688,-0.0535398821750253,0.0991757869591052,0.0398212503154937,-0.630683872705182
-0.377055968,-0.00467899530928555,-0.281710725527527,-0.0697539989129601,-0.332045263047516
-0.503277515,-0.251181597411244,-0.0582529065065731,-0.188982258668019,-0.0674271086122936
0.310180174,-0.0939051206889735,0.215198921823194,-0.331732099984832,-0.365793813012722
-0.205320689,-0.193699909488475,-0.02513408170294,-0.194131370396939,-0.154252359299443
-0.643869047,-0.253513852343781,-0.464012809511034,0.12942959955552,0.0855314282982584
0.214110298,0.155915602154676,0.33490381436832,0.222850783986226,0.164920720984205
1.017544305,0.197626604303354,0.798482442230619,0.107966186343001,0.161916369305983
0.165470387,0.0477593204990368,0.41126369463661,0.507250979027633,0.728253126930324
0.544512569,0.213247423318446,0.477042558699554,0.590920934943723,0.516703588638157
0.798958753,0.383024076115297,0.560707716780262,0.565610615084639,0.524155226888936
0.560886504,0.101951526162086,0.364576748529559,0.442416346956413,0.603180925031444
0.457533438,0.237213658428127,0.589319266172557,0.453994223489261,0.503645395816479
0.490422471,0.120397921182128,0.451253239364808,0.275821736284556,0.237896657318363
-0.006108946,0.0208292669527586,0.0981373409088046,0.290713919558085,0.254784161191652
0.114206292,0.0412330367613787,0.187576661704489,0.165962683539787,-0.219349013970535
-0.206755351,-0.0194186342348399,-0.104217972467093,-0.228739785645544,-1.05005933462559
-0.939091158,-0.853051782482723,-1.3562185000486,-3.04729411258363,-4.77669851794428
-9.976731608,-4.29640072295901,-0.1735471223673,-1.94899435484267,-3.45392138909401
-7.091214601,-0.916429086879866,-0.155321938482866,-2.03766933795557,-4.49415174841821
-0.186056589,0.0401992507434902,0.0237802795696411,-2.92863469584218,-4.41236976062081
-1.800763289,-0.832096205790761,-1.65920228693035,-2.74610093267673,-0.546857288915023
0.228260781,0.198782696087588,0.338968651530011,-1.37796732049233,-0.965588629374554
-0.157389817,-0.179408868256693,0.00735888083212824,-0.29537246636181,-0.292922755735433
-0.474812962,-0.1376988691592,-0.338578200404861,-0.951012011853053,-0.46631595825563
-0.190215929,0.0702382511456099,-0.0158346967904161,-0.609940927506829,-2.30648326653627
-4.865219498,-1.37638551112721,-1.11621272349602,-0.442150990433173,-0.288059626907125
-0.233070938,0.0135361327045644,0.198596286692171,-1.23277430992595,-2.59345664001182
-1.09573405,-0.249215825504551,-0.660764460683069,-0.933060610331373,-0.698622491442219
-0.600306725,-0.116345969641737,-0.423314010258326,-0.795223528955997,-0.738863907451297
-0.572468417,-0.273281255899043,-0.310299972764464,-0.120570361168769,-0.121749879006806
0.502795517,-0.0380857018119712,0.398899180014471,-0.399969834425601,-0.301438010536093
0.053230368,-0.0914058238993505,0.236512199533952,-0.223092623690489,-0.0342298799727501
-0.380187955,-0.222612504670793,-0.11823480047758,-0.267627102869289,-0.235062973388915
-0.379795179,-0.0887733987346005,-0.0772525591895428,-0.152745573357139,-0.966133325687546
-1.906652771,-0.736132675028045,-1.42344587153433,-0.142794881588007,-0.194223845356788
-0.03121723,-0.158171317651472,0.00416232209653887,-0.351223779176082,-0.81444538969954
0.049858396,-0.153606392516257,-0.0697605604974168,-0.398584149684809,-0.123070669856244
0.18065324,-0.051575818609645,0.119339588286345,-0.580154844242518,-0.405923512816296
-0.695180086,-0.117943827019467,-0.272931738584848,-0.528910100596725,-0.661802827775168
-1.430139723,-0.489730758135236,-1.01172983976291,-0.571366506754738,-1.15620623963803
-1.861917171,-0.589942555635487,-1.43160017341661,-1.07280408501595,-1.18993489209866
-0.895696032,-0.535103612696701,-0.404716403443849,-1.18148131728826,-1.94827937302092
-2.422339137,-1.12431918186098,-1.98452880738999,-1.21733828396256,-0.712649206870387
-0.220067041,-0.253509313329731,-0.100573833150599,-1.44608296933616,-1.80756210773071
-1.443680067,-0.389895434638815,-0.672930017504631,-1.12286392328393,-0.841502367784099
-1.113660714,-0.569643513055251,-0.9335122918357,-1.1943498010341,-1.37691548734115
-1.586790939,-0.709516927215358,-1.21151541068419,-1.08262199436735,-0.904605980810542
-0.485855882,-0.516062722541626,-0.792473670868257,-1.38206429947341,-1.60647911498762
-1.831654379,-0.441201409036367,-1.24273174987765,-1.02381756217104,-0.773351646264933
-0.954504499,-0.102561711632362,-0.120467266318999,-1.03491716919516,-1.14169969656514
-0.580352327,-0.439890046883196,-0.933002618426486,-0.88545016692396,-0.986307788135001
-0.96963273,-0.523449205296535,-1.03766947681098,-1.16875074432593,-0.623343934211395
-0.417667251,-0.496400273579843,-0.588206165620157,-1.09263008299388,-1.25942517950893
-1.606564183,-0.810964623622748,-2.36605002178694,-0.995471215905402,-1.01749313902001
-1.592697686,-0.669007356249701,-1.30723643741892,-1.07280055888229,-1.34639650072749
-1.261210022,-0.703514964857379,-1.23064692734197,-1.16660834699516,-1.38896885599718
-1.289424027,-0.541095524430771,-0.957656157951386,-1.15587101964954,-1.0273894785847
-0.673062857,-0.22316459433026,-0.634429718765402,-1.42242520953235,-1.23014458511049
-0.86532123,-0.478594583963135,-0.788687946330913,-1.41860041095747,-1.82503580405731
-3.141300697,-1.32605497091652,-2.15168101736261,-0.961896979524556,-1.13838950156265
-1.605184304,-0.672343171925832,-1.33473741420011,-1.10588353169485,-1.60540076250192
-0.163479192,-0.0071229624837305,0.0472272844502229,-1.54042123678346,-1.80640084002786
-1.932838251,-0.701246746681395,-1.96239840769101,-1.60120765984285,-0.822579291430778
-1.093299898,-0.780699499531161,-1.12438126065234,-1.49443834678709,-1.88307869042086
-2.211581001,-0.873609510951377,-1.5041996094159,-1.21013773778829,-1.19972125246748
-0.840214924,-0.354079078513048,-0.718130470207332,-1.95745995298292,-2.69656516409154
-3.613093361,-1.3525317706689,-2.89058812646751,-1.34878902287191,-1.39251741619175
-1.975971588,-0.438711374682822,-1.2085111724531,-1.10085377022123,-1.88715630911474
-0.678415159,-0.287110639265852,-0.430562590313319,-0.923451435064658,-0.991350057983105
0.356473594,0.181074059998213,0.190355351152752,-1.37496220430039,-0.858581223864234
-0.785860363,-0.15091321849665,-0.482934839315222,-0.387116410793053,-0.409477810919217
-1.461452661,-0.409698083614214,-1.12583491847156,-0.177738992388193,0.529464883282128
2.137962899,0.270058570389078,0.638338246142053,-0.514816362952378,-1.05531593232132
-0.949577018,-0.0222204055727341,-0.663171240298212,-0.139641073406533,0.925303875477566
0.399108581,0.11130159092781,0.24435712595159,-0.230181753820755,-0.634635575946504
-0.513048968,-0.00098968239146028,-0.348607216176356,-0.281616592940913,-0.768722145924148
-1.813193188,-0.733086192141345,-1.45159446146546,-0.629249795614629,-1.03464819061383
-1.842657216,-0.351818576776859,-1.27504651624653,-1.30068719691695,-1.15041210479234
-0.074970915,0.285713777869037,0.273441024313671,-2.46130497213142,-3.02366596198546
-4.284329608,-0.689269815657428,-1.65911714396248,-1.82084739039557,-2.16305395634968
-4.599226515,-1.17575686357105,-3.29738826423899,-1.53166407400162,-2.11890451639215
-0.76326967,-0.14753790440058,-0.769254228875137,-1.5086122292345,-1.88775216341767
0.643154702,-0.296080769406997,-0.452275514643542,-1.27445941557577,-0.188809567490708
1.110411268,0.12061436232383,0.952833173243224,-0.739085234987816,0.16313007826534
0.082860992,-0.35588835460303,-0.213019081064055,0.0482838007327912,0.187604310314468
-0.656279045,-0.0896613086209273,-0.508893806991787,0.0119850065265697,-0.100790819198679
-0.194811226,-0.0964558375481273,-0.224836655771931,-0.491695528782128,-1.11632360846606
-1.785254221,-0.14378272427479,-0.865922674451734,-0.124544855412492,-0.757038402471337
-1.754878744,-0.681405916660227,-1.58975361699631,-0.478582996463249,-0.0376514010705873
1.897237347,0.636708164351634,1.14813917175596,-1.07509310990762,-1.3090541511652
-0.879356734,-0.234671467970373,-0.451850764294233,-0.661646814275665,0.19135543422375
-1.17906523,-0.335361845148201,-0.699583299641409,-0.538167269514705,-0.169190056088866
0.477875663,0.0728619683354106,0.0940625374896611,-0.89041242373224,-1.20962908507579
-1.189377262,-0.735133663346785,-0.924654891249522,-0.996757608126263,-0.959221733290377
-2.354429342,-1.19207292243675,-2.00161639429097,-0.901684814081642,-1.02329731107614
-1.071858738,-0.543300048627834,-0.823068112894751,-1.02990926128767,-1.61105293286396
-1.108443919,-0.54872483101032,-0.802945089875106,-1.04486843548662,-1.05750204322655
-0.914699538,-0.486415677675332,-1.13826499013138,-1.08484874005884,-0.91122166612815
-0.653416532,-0.490237211253552,-0.809783502215249,-1.07795074328879,-0.939536761462727
-0.853255911,-0.503171678275112,-0.588004062350709,-1.08402900660207,-1.03896834569551
-1.35549078,-0.69360196629434,-1.18169125152077,-1.05767754617514,-1.17612265496398
-1.57608828,-0.481138217817219,-0.849527111272978,-0.907136222440322,-1.24735842662847
-1.374404956,-0.62502220160956,-0.97327922429624,-0.900811481279483,-0.931080170322993
-0.38609381,-0.277822773195419,-0.338194713687045,-1.23955597155992,-0.708095151386142
0.111292152,0.160695915926318,0.568960392301117,-0.894406778645739,-0.64518180097601
-0.877032632,-0.297119963610203,-0.720878597671131,-0.234874531404901,-0.0161794706042896
-0.264477477,-0.0170763604051862,-0.217936120404559,0.0341454874500306,0.223140823106864
1.37052071,0.300771637126066,0.162536676601944,-0.264656638130668,-0.0860211986418678
0.26771633,-0.0569331618464886,0.0344146281853653,-0.11143824784991,0.345831502458923
-0.53781762,0.0507301558405201,-0.898981735932574,0.198440328162759,0.310681954431333
0.34761876,0.234663917370267,0.076312792775511,0.0672330344115586,-0.428368144626832
-0.574191006,0.10334970034129,0.0267552342049691,0.130475730119733,0.214733444911854
0.419738614,0.196468946603025,-0.0155671864157623,-0.45908793838906,-0.770239971092376
-0.906921748,-0.236977466676885,-1.16291472997208,-0.320672581294169,-0.911595783031187
-2.671733312,-0.902732747148458,-2.03507810104117,-1.04658052465761,0.166401792225676
1.905402598,0.938204228315982,1.68524642059756,-0.807289374860674,-3.05441838168705
-4.467435975,-1.54820170124488,-3.55882374602674,-0.384682538331938,0.861206382020048
0.489446914,0.528226994234542,0.535146794807048,-0.137057189737938,-1.65912305770932
0.529763564,0.387091080288582,0.482690983581699,-0.0128793716701901,-0.597335966520635
-1.194078562,-0.453035520792884,-1.00067984702689,-1.33352841407422,0.0342245640945484
-0.202245638,-0.0104085884079662,0.113768506694138,-0.296968672424265,-1.11283767832437
-1.009021323,-0.422985033031527,-0.553429855912446,-0.389673165497104,-1.55015893685166
-3.220475847,-1.52149134697434,-3.0218947623941,-0.610357647783984,-0.613223069812439
-0.254845673,-0.178137243553267,-0.101306799348435,-0.92057028565739,-1.78749940718407
-0.591688508,-0.365873258147352,-0.465372010163994,-1.00756072035642,-0.986194049682918
-1.391849,-0.518614294477754,-0.845757019435563,-1.12397948006293,-0.772027988305226
-0.780518858,-0.382776738045848,-1.28211539293368,-0.976920994623521,-1.57175452631165
-2.033062968,-0.57554339436903,-0.671162823905029,-0.862770044631844,-0.901358042908886
-1.04900647,-0.386249123563934,-0.867389317142091,-1.15642220577103,-1.11658530230858
-0.320245695,-0.10871500715867,-0.0521973609681982,-1.02047490268004,-0.9345793326048
-0.696933358,-0.106580074023027,-0.606032014501018,-1.16788637956608,-0.579510419531686
-0.547684187,-0.337681399543907,-0.393831222255434,-0.698195059678997,-1.14894448890457
-1.9930351,-0.910736388837591,-1.68582726956427,-0.545329723562326,-0.0962084351178189
0.707995227,0.579069192860661,0.834615280553705,-1.2476337511352,-1.65536670430271
-1.538356408,-0.561458502486267,-1.23679845986,-0.824524545848444,-0.580161136939712
-1.717361347,-0.365268202708125,-1.17525488742692,-0.586076284056034,-0.747521576341492
-0.235052615,-0.0457518385662451,-0.052596550591942,-0.690710067206732,-0.950147930020571
-0.324103594,-0.0787890431713828,-0.435731542267819,-0.747791072698766,-0.144547105851547
0.27467701,-0.1819622677181,0.165723802051769,-0.860072190723604,-0.422992348141594
-0.394321124,0.0835985901112471,0.0485028583314269,-0.196578943848012,-0.470372289612158
-1.422829126,-0.163948410841352,-1.06250031059432,0.186940160530958,0.134930532773237
0.577918143,0.0509243019983416,0.27285248919416,0.0252780306349709,-0.339746442965288
0.668950972,0.161309011566529,0.401734999613372,-0.107517206978142,0.175995734480021
0.236518535,0.422012058701003,0.310852977736816,-0.118120039426016,-0.19970434959733
-1.146520492,-0.255762817795102,-1.11641520480203,0.267329271101023,0.0167391858543096
-0.35324729,-0.00478577183542038,-0.502304885547211,-0.0963888298072728,-0.330002454476265
0.449155156,0.0382505098576047,0.149913162857878,-0.389934974681251,-0.590666990643151
-0.822988358,-0.187284211239343,-0.625724055689869,-0.285936110333387,0.0179381007300115
-0.219228008,-0.220829980257098,-0.203781370101955,-0.373979670154108,-0.637926790018043
-0.687778188,-0.306830354753841,-0.507099036660957,-0.32780153171934,-0.271748474798158
-0.215846208,-0.206996805002474,-0.0671605806031118,-0.554545540643063,-0.566213786846412
-0.532701272,-0.215939039207976,-0.461771299260594,-0.266196592633808,-0.313580868375107
-0.503752145,-0.0772325968178764,-0.405282432639135,-0.18087544173771,0.014917101465931
0.520987233,0.0879554496351295,0.238227271008914,-0.0746918987118892,0.020203287214721
0.613877544,0.129830700434704,0.535615183864454,-0.0156312514041732,0.253725763512937
0.288473413,0.0717566194774219,0.461418026102034,0.337052494945688,-0.0629004033914468
-0.923107158,-0.353237160330547,-0.991894906672711,0.279055175938334,0.438741437304607
0.715282996,0.125854134490166,0.749626978283043,0.243585829108789,-0.575543179132063
-0.618424548,-0.029231021497894,-0.299629445200683,0.0342804006290273,0.614224455574248
1.146615005,0.197482948381707,0.727791689059816,-0.640834320700289,-1.03919806810988
-1.806107255,-0.425884022396022,-1.02743064374201,-0.244197137879166,0.146491043435222
-0.544300987,-0.286008098114137,-0.509409027198809,-0.452756798656156,-1.20411837988913
-1.361162967,-0.309537788016265,-0.913283701758429,-0.173453159635433,0.157403971363211
1.230391188,0.507642440440475,0.93743890266319,-1.10461001802873,-0.824019221700068
-0.281696383,-0.191745585376757,-0.365769140533219,-0.555847421645118,-0.0731168281002598
-1.135316591,-0.38439045096865,-0.995577069817725,-0.38260523728449,-0.18357922286238
-0.291593846,-0.0585205740508888,-0.215845247392835,0.00931174996301515,-0.518632590333738
-0.257794326,-0.102965841241845,-0.174501153782472,0.0719658840744112,0.347415087957289
1.169471631,0.282794941271489,1.05889205258301,-0.28101029427081,0.180071120084985
0.844858477,0.224549087792856,0.738612863965099,-0.0484461555455119,0.210283347139408
-0.601671705,-0.126398020453274,-0.759151810427416,0.20900586511616,0.362950874438705
-0.133685106,0.0784030401662693,-0.0629588367203851,0.0729547329294647,-0.263002368572078
-0.119287535,-0.129502088390939,-0.0551028878172758,-0.174515781229931,-0.226663076724491
-0.250402596,-0.148744197311478,-0.122748365566754,-0.239727131989143,-0.295393897860422
-0.527398624,-0.135672178328123,-0.267778392895352,-0.239942853101977,-0.167437020339574
0.018776646,0.0847146658889646,0.256304145347448,-0.310501849813576,-0.637981634029415
-0.955241364,-0.445870526125608,-0.597414807879619,-0.268607108486107,0.035675454515944
0.275664705,0.0124694751134508,0.432020426855045,-0.40241885459583,-0.765210625709012
-0.814862844,-0.441312163750154,-0.87620867116512,-0.308886193220106,-0.00183135964793515
0.047991713,-0.282352044181579,0.0648314640987392,-0.539565979790357,-0.856975882663792
-1.099056896,-0.469974880681621,-0.72440241812384,-0.180014784095083,-0.375931435983809
-0.854170543,-0.3896696954627,-0.655382998765701,-0.215647622634193,-0.355454561419626
0.224518003,-0.00427406075054705,0.154919566207932,0.0659009057693362,-0.294985822327777
0.246751188,-0.135174047182658,0.123599643052666,-0.0605148296932994,0.256499329739944
0.487921581,0.0761667665409159,0.242298926454604,0.308923399303216,0.234620262235085
0.131381717,0.0916486292697152,-0.155432909301509,0.513462388444205,0.686058543343354
0.974386117,0.380610861145789,0.718182715535081,0.413180287610029,0.410184768020736
0.679946602,0.246565351139868,0.309921196028625,0.47122199474586,0.639346558835512
0.437667588,0.250648829052621,0.155391762809424,0.507930039905371,0.524524507264338
0.326248907,0.274418505844398,0.0479166283544103,0.534187260723894,0.456790408469413
0.512403675,0.255243780707664,0.59147333309978,0.40707723094385,0.174718629093813
-0.091936875,0.131698969478082,-0.246734387403035,0.364964551644184,0.506032433722767
0.768060695,0.164150175365103,0.815251220287248,-0.0385159726216929,-0.431477732130509
-0.758031986,-0.161370772489798,-0.320061213559893,-0.00685831703694742,-0.385808039430037
-1.759007518,-0.253836652123837,-1.04213188934736,0.122858621951004,-0.0347169173400763
0.471447916,0.153208438420702,0.577729884797169,0.351011923448854,-0.533915679922891
0.450636349,0.0321602156274445,0.444493866755879,0.170376564950373,0.503480811162806
0.996310985,0.184596944099495,0.688931410520821,0.134547200206186,0.19034358109729
-0.09507143,0.111521598165398,-0.241166733893566,0.487984625473181,0.633480447410751
0.3491849,0.253726138153856,0.176851538315189,0.42719397066452,0.234544895386203
0.360798732,0.275187175548114,0.0636797416240013,0.557607387939671,0.509147175194163
0.709955724,0.334676046288497,0.492424331855971,0.376912710527685,0.541446517343495
0.803007731,0.413667956942802,0.48559108373311,0.350816911630035,0.487823547112445
0.487042124,0.260803241061489,0.277684111233768,0.396295464069264,0.074751513806451
-0.770907749,-0.171833577309313,-0.632243752289076,0.558940539012616,0.345211453000845
0.075283245,0.159100598256236,0.111509958453547,0.598907456619784,0.0299055248345694
0.581356071,0.216085993130136,0.357597734589744,0.398927111520388,0.459947633325378
1.096941138,0.385460615799223,0.684146088960882,0.355822174802596,0.278153160088462
-0.087501002,0.0554130681932655,-0.210677030999586,0.77552664757355,0.967908192057369
0.921062324,0.597310984189651,0.734026777190257,0.763870564281234,0.527686477558835
1.044038323,0.503825031864162,0.749460803315927,0.853565344513567,0.701056457483052
0.807758428,0.248644657061202,0.549655438490803,0.362759847939342,0.238381543078182
0.39408893,-0.0979616505301655,0.0444543853517068,-0.449920620202989,-2.46394540860125
-6.711629804,-0.676542789766918,-2.65924188664553,-0.0678835342026513,0.028495673356456
0.235317372,-0.348931962843573,-0.497882095882917,-2.5310185007232,-4.83016562130906
-3.66121023,-0.653521759958288,-0.0970571896255303,-1.99486955562354,-3.36197785593356
-7.215303514,-1.64417416355145,-1.18367229472846,-2.8542238913152,-1.42117048729935
1.25358819,-0.574075212155904,0.182517372153623,-2.83631633763795,-5.63672492209515
-5.504516187,-1.37426629407169,0.694154392924133,-1.64642743875924,0.105615787041818
-0.005520831,0.390874529642197,0.0113661374848549,-0.0520960200568114,-1.85849130164195
0.998470757,0.290037990833199,0.736579799139302,0.279416717698342,-0.0123871466488676
0.69591361,0.202519700072238,0.474526749781532,0.428539804927243,0.666855604585357
0.587935527,0.368211358070455,0.448718776481126,0.678452532689281,0.654003159099784
0.56271746,0.372217572396397,0.322097619895591,0.645660249354569,0.723062780483347
0.959174928,0.487440811170916,0.738896414306157,0.487728342908651,0.370097535512485
0.101432917,0.212416914631079,0.345119953918596,0.54304512533884,0.732039958664328
0.625798575,0.267142209170918,0.63516276326375,0.392243621477099,0.215016008081078
0.215715251,0.156332163253947,0.332141992620914,0.489115282122861,0.367123190889861
0.027172739,0.122489267314301,0.071681308869937,0.343056186533968,0.62092124512455
1.127327102,0.237519741886253,0.947747252251578,0.135079309490347,0.0832605093012841
0.15586052,-0.0179480307758579,0.236305656362753,0.153869384817328,0.386438363476998
-0.212025493,0.00921998192713092,0.11679904193044,0.354685789827447,0.0902513488533878
-0.199833626,0.0633747227344502,0.0576936425364573,0.384575301931132,0.173411060899158
0.453696956,0.0460196532976337,0.442802913496578,0.107402879881964,0.237301435583564
0.715307326,0.164597316334369,0.540566565049776,0.17034278429557,0.369399573017798
0.307865111,0.449331472323102,0.414248552638662,0.706175805198584,0.730894435360669
0.730450852,0.429238331483833,0.764627243573764,0.552278535513007,0.778438042856158
1.36373533,0.618578747404009,1.07009369665913,0.475847492826824,0.459767238075539
0.199858489,0.170338759813108,0.0293315359761363,0.605381351485542,0.878946773463867
0.533490724,0.314569184829026,0.473364138830227,0.714143208318529,0.32587266234961
0.165114301,0.0919836115912752,-0.200482041084052,0.518534999017674,0.761756008374762
1.219388411,0.443492605006769,0.838062772668524,0.323579241167922,0.0408681359064531
-0.285597482,0.191789064693505,-0.0378497927647329,0.670115510604176,0.89506021273877
0.689426369,0.34663325293888,0.639158213570023,0.422430148251202,0.409258828664631
1.031989526,0.582932031952479,0.709442127590976,0.998733188387998,0.366067524824685
-0.172931579,0.0730868400964672,-0.104622245778254,0.714953953538613,1.5000583043819
2.159606745,0.869307764280549,1.22231972890714,0.991037494555548,0.669223055478693
1.417447478,0.882888043121691,1.04461933214164,1.09857202200447,1.37127505480142
1.059630122,0.672598299293853,0.815859192365727,1.07541246270758,0.76165022169106
-0.11582061,0.303054509360961,-0.139978877196609,1.4186706040148,1.03329447742678
0.848816731,0.628235088257973,0.69849730865341,1.04013036180048,0.775970667398207
1.658771239,0.656129916699651,1.131164826446,0.484446781414122,0.60604031861763
0.51706368,0.310542888745163,0.419318069795063,0.762891863982757,0.894970456467738
0.164387737,0.327525728333075,0.264329889180236,0.827248677201008,0.768773230250036
0.983987365,0.543795145393343,0.78214876291139,0.529094061367729,0.232258646290039
0.210592015,0.0802925736364429,-0.183787337262916,0.472529287875975,0.588515453951342
0.264943053,0.241354502416167,0.0582792510877137,0.49304366700903,0.419630930513107
0.49968261,0.428316680020087,0.370549724707566,0.536761024726578,0.484759460067755
0.777732142,0.27630484917099,0.57852087111895,0.190846793652575,0.355406767813243
0.340723905,0.211166173044597,0.170680351198876,0.320134019591999,0.217979104354251
-0.42428622,-0.0094039499197203,-0.283673636823051,0.48843604003293,0.418566524836477
0.476992176,0.170223032940391,0.406517471313937,0.183674994500676,-0.0421343676934348
0.259950046,0.104043345283471,-0.195220539630628,0.141561333116499,0.165782242946441
-0.137241964,-0.126548009738341,-0.119803977901691,0.158973775044815,0.430508151436343
0.691610578,0.252260394053583,0.535200781184442,0.298102346474152,-0.0440522626727172
-0.139616902,0.201080466525708,-0.0581004389614064,0.614290480722139,0.641820587061834
0.537604335,0.343139924981264,0.521300958048068,0.684713626668728,0.817599382504094
1.936288734,0.641514635178881,1.43976796544854,0.343919452240985,0.297615209056944
0.174256598,0.14025726425125,0.324894492610278,0.480023133285599,0.840296823245143
-0.091387228,0.202912435167502,0.0215893124551691,0.59869030822035,0.350932841109077
0.243376151,0.346895341061224,0.216887070468043,0.767264046649501,0.291009131718902
0.53177757,0.329366869579932,0.409089655243091,0.479446034625462,0.592063730292847
1.001937808,0.36212014968889,0.636665000376451,0.364680347718831,0.668381025779682
0.988471332,0.416955427030724,0.704631191257526,0.60981346528029,0.508366637607828
-0.070668235,0.307347525049974,-0.0929221075541443,0.820224099219122,0.998996734750543
1.073658469,0.708323569335627,0.755185252362145,0.746035545372175,0.398362111942161
0.686015745,0.464398181375547,0.333371675505026,0.628415335287164,0.885652573349422
0.793986201,0.549622055350518,0.464925648581699,0.82804098851434,0.930117175505321
1.205285468,0.824150489209598,0.807450755880471,0.849626243463515,0.77066901957369
0.803097612,0.553769875549256,0.439525543102635,0.707711544133241,0.822673752118457
0.48269002,0.462127231330541,0.273573715890148,0.811533868472023,0.737302431927561
0.598074273,0.565240564966855,0.474961827257747,0.784570672649143,0.643416828050343
0.785922746,0.440269125306659,0.506834094517653,0.559637786483722,0.562587356471887
0.559223967,0.480734187062781,0.344667246447781,0.594878327839452,0.580507454310215
0.350767691,0.367362337861397,0.201726628056202,0.720708289166558,0.649188737202132
0.700214166,0.452118896351006,0.533874568396227,0.583662202142226,0.574576964500717
0.878151642,0.352881384917403,0.613035161256756,0.382663044484794,0.380823178447429
0.117467389,0.172564713188581,0.0878161196944489,0.391723140566187,0.451020844445753
0.052240158,0.149513677173313,0.0686022090462689,0.396375837816511,0.15735097627421
0.051318913,0.0295944535200637,0.0990682937321317,0.433447246463834,0.187926693996196
0.247644199,0.0242518839736486,0.317599059562949,0.226769283575978,0.317885631775742
0.642928774,0.27300887610074,0.450721903945856,0.198379315137291,0.222477849786419
0.204960522,0.14868114973122,0.148816631816624,0.320622737873206,0.462977974230099
0.344478349,0.250678723566365,0.154444567833076,0.384330506863985,0.309969517807827
0.256118245,0.296559989424587,0.0389312347965006,0.477435801854384,0.636637291354506
0.997889058,0.524473582200222,0.677165536129528,0.456153343687195,0.443913655903058
0.624741557,0.396562312286449,0.392349222445876,0.480678028333646,0.741826369297095
0.699784678,0.42552459998881,0.44359351517562,0.601893310105204,0.333635328702432
-0.211130604,0.162394788490398,-0.315475926354888,0.804894461094143,0.955538282369725
1.33009402,0.640620337467438,1.00143424792677,0.565283310319657,0.248918018908169
0.55042338,0.530829839867015,0.511641567154599,0.744957338980863,0.910645794339303
0.724146923,0.446002480887296,0.507703275567969,0.680064490505275,0.605828236451759
0.590058719,0.460891652755718,0.36249419275573,0.742200991137319,0.603399834497564
0.444741795,0.250258326393716,0.143284619572827,0.617114485310554,0.696784196379161
0.851198244,0.455971938554653,0.655944156878641,0.519769300194243,0.440650802486744
0.424279798,0.316938702627957,0.0931025473649735,0.545807917838125,0.568030515918245
0.298212336,0.282429108510302,0.246997951614467,0.467076019786767,0.535634629279873
0.795977814,0.429236058856241,0.654123163254674,0.302067084047405,-0.120894774282057
-0.624502712,-0.29172439885083,-0.790660234358294,0.144201071575424,0.2416711020832
-0.279933825,-0.0184883522998699,-0.19699566279555,0.0994376694568356,-0.224564840379203
-0.159023884,-0.0186519127511773,-0.111884888849499,-0.00520059651264729,0.209728547497168
0.848605231,0.165395794776645,0.68534327233191,-0.11997881301959,-0.0921329336967687
-0.070909365,0.122780185408786,0.0873673408095647,0.295807705962472,0.535409171729767
0.343527629,0.165970926621978,0.42286325506491,0.210451783085983,0.303561513129271
0.700874988,0.166369933905376,0.417376748669527,0.160526676079372,0.0410295040355194
-0.283884549,0.0104782451340867,-0.0657268901494442,0.425157220957971,0.402938557627154
0.058481005,0.117903944439136,0.0755818155364742,0.207046251043199,0.312710105454537
0.935049303,0.282900921823381,0.602773192433018,0.0526715643685201,-0.0666077093917948
-0.194027119,-0.0237413619501025,-0.0852151865997414,0.108697079344504,0.412448757254052
-0.089107936,-0.00736004954174996,-0.0978636376332219,0.290569397829199,0.316296755783149
0.700185185,0.372915534957833,0.67799351255887,0.518420075629248,0.233808763081208
0.519150126,0.17656576362508,0.278156972673514,0.312413543751415,0.65442294334719
0.757278879,0.309235711009972,0.517832581427297,0.53377370791214,0.538644757526264
0.521517221,0.404953409566616,0.302918066875875,0.637801524327755,0.712594495623289
0.734301052,0.504914292869852,0.476650113137884,0.563411582398633,0.536202302773261
0.517266705,0.37392186987771,0.326511402002418,0.6132069967348,0.6232649981521
0.570799938,0.45957417525113,0.156610389396941,0.67234464126658,0.453964783838679
0.166626179,-0.0135123974703133,-0.133176204493345,0.922996725099182,1.01890764812871
1.506347161,0.720735200465413,1.03729738810496,0.760459066146982,0.747648901822207
1.440037908,0.591808296401919,1.05543152871729,0.665516360516414,0.805742522477779
0.343112988,0.478239694150486,0.417808462818232,0.719417926445305,0.728518126671859
-0.060106506,0.204179194494927,0.0265734857090094,0.780784201270269,0.542155866760816
0.63696797,0.254838405913316,0.464406910076275,0.491917933539468,0.139136782564932
0.219492254,0.086046333142427,0.0656530770325837,0.284433629244281,0.496441572818426
0.493061268,0.130413547778139,0.108618265112349,0.306085857116948,0.229400555481694
0.121273623,0.0803713147359119,0.167944455274165,0.504774437354406,0.521326491424182
0.604822157,0.295932808423149,0.370048203293127,0.434176196687095,0.316907509439547
0.404656969,0.189629514074857,0.30009125793709,0.415836918630793,0.662982812949047
0.963627053,0.21001290601546,0.656119280276328,0.398187436397672,0.102160487310632
-0.397084208,0.0353307941377293,-0.345665873576981,0.662293257000146,0.831383907056094
0.805018314,0.443694460919839,0.755078340485301,0.537255496912842,0.216001992616116
0.659374228,0.354460983319948,0.465821182348959,0.50968048137101,0.58229121816915
0.529477915,0.247053351832288,0.343013847340134,0.538395136782591,0.532357915624192
0.362997595,0.317981349467655,0.0861107948376874,0.528734036052946,0.599904790178216
0.776402622,0.474820370638752,0.358940739015319,0.33765545517703,0.165182275530313
-0.098040767,0.0245256371395345,-0.0388878404553771,0.19249823295013,0.435681543307285
0.233119114,0.0285427071850026,0.119000146226583,0.0999935253993311,-0.139233595133035
-0.349208707,-0.136596413600997,-0.190800600232423,0.0673623361863094,0.0809904210128413
0.050860275,-0.0559794384893679,0.109735241523602,-0.0404809584225503,-0.40995674486446
-0.74668523,-0.151015829454205,-0.532056085936741,0.118096340163484,0.273162624314112
0.582029967,0.105593116967434,0.421562650868758,0.15935613502345,-0.155945173889789
0.245496422,0.114456880271403,0.0890784009314208,0.441910721035216,0.578855072759241
0.778838941,0.238440295523985,0.470368442144498,0.440891944430394,0.454348972692787
0.672116278,0.348073029408363,0.331665490553618,0.495726547258383,0.579989066409311
0.501263651,0.29667144129182,0.299222086434589,0.476234297904673,0.443525505178596
0.271880247,0.155748754137607,-0.0142817855865543,0.477328504006235,0.194724519417716
-0.1084018,0.0100906430034676,-0.454490130250888,-0.0865627825788984,0.00170433193048067
-0.152920815,0.0472547252758074,-0.0699966195961092,0.0557132775003907,-0.612069739616411
-1.538326641,-0.0940158808829589,-0.932731916086235,0.273930681233543,0.362258994076158
0.929658751,0.145553067132918,0.50915374139907,0.145797490251175,-0.426792395433538
0.448490937,0.177718397099022,0.500195138385348,0.149757201633222,0.606993487700777
0.599398912,0.239171191728131,0.472690332637584,0.60981694766814,0.613285022752453
0.765889058,0.373591611877159,0.508758350646074,0.711493601000603,0.642204803045473
0.666448719,0.331790299013154,0.409155969872004,0.602878066621632,0.828503401777663
1.004953877,0.693084309072083,0.137982320267871,0.621032214261112,0.553904169257694
0.398241149,0.289829896311139,0.372036234316759,0.662826647908303,0.784519029716562
0.682858899,0.241298782641785,0.404062511216556,0.476495928406268,0.350248321272956
0.351401219,0.394402924061714,0.327749961455619,0.365607425524957,0.0594409206932197
-0.429392932,-0.147787957926349,-0.494564401358257,0.0592311852634352,-0.364367479750612
-1.432497746,-0.433639716319663,-1.28497013812698,0.271446060692362,0.155290131591116
0.612709425,0.232218134329738,0.436749478859242,0.213173002535581,-0.314102363143106
0.700234582,0.312812061926078,0.561909151689903,0.208261575004067,0.299577602008349
0.247269039,0.155576523592116,0.290800539396584,0.374060265214195,0.514740980579893
0.418350361,0.168225025567824,0.489068684095181,0.34866302851996,0.250041571281308
0.209979706,0.212558716568967,0.396604424252696,0.333504682281898,0.249704588316806
0.077306394,0.183003651994071,0.24771600184395,0.239839440612867,0.226065384206972
0.242575148,-0.000805175955677175,0.344757125068853,0.214767793187242,0.0742242471470904
0.038285917,-0.00293210750615302,0.403096903575212,0.0855189712086425,0.158582079791933
0.17280623,-0.0229435594972844,0.251450170313778,-0.0244586593434948,-0.137554273119333
-0.356377599,-0.0588516123463541,0.163962819272199,-0.049549667736034,-0.0481185314971257
-0.186730284,-0.0739670320998911,0.133507596428449,-0.3012659422142,-0.454169618772597
-0.654568537,-0.144610958196847,-0.26755296603147,-0.222328631440443,-0.341857962379312
-0.525002164,-0.238091134469041,-0.110190326898607,-0.394810857164812,-0.41584763141332
-0.153627589,-0.181806232155367,0.116557515301265,-0.646914623241799,-0.649087695741944
-0.669905767,-0.271342290817908,-0.0558493068734787,-0.501254624497587,-0.753581807043159
-1.539613808,-0.630571369546325,-0.931889312395285,-0.280962399895828,-0.259258405603137
0.101826239,-0.101928410710938,0.330884342335146,-0.410724193165301,-0.712638148485227
0.02836657,-0.123147350299616,0.13587902955887,-0.483746155208822,-0.229813259732551
-0.363480339,-0.232279226787488,-0.189005221666497,-0.322511905552162,-0.088492082571254
-0.304808442,-0.109394800492868,-0.0801073841365907,0.27104325535983,0.100635842230476
0.431628968,0.111462572860841,0.528819918210478,0.268293403020379,0.322090968615633
1.082790381,0.206918663305595,1.00601750953096,0.101289839322404,0.257219729314513
0.222229923,-0.0130339129392736,0.430722778576173,0.0874093945099117,0.498392658779291
0.177668301,0.078373340534272,0.374891820296908,-0.0381778307298996,-0.242729980612777
-0.800975128,-0.250374753744459,-0.506890684406918,-0.248015538382492,-0.362155913088287
-0.963065006,-0.336461444559133,-0.458437956608435,-0.539163888539456,-0.68156297360061
-0.607665705,-0.38742451283457,-0.273107396153719,-0.814484485841218,-1.1111060676364
-1.317116536,-0.672161188376573,-0.828693739831165,-0.857116551667702,-0.948089776519328
-1.344714976,-0.538795675118988,-0.709386788821323,-0.834138568330823,-0.939085385785622
-0.684377539,-0.323075876674272,-0.478139085615699,-0.833542825332478,-0.925162455502816
-0.602428129,-0.374031437040543,-0.338056479561443,-0.848245790227297,-0.432003808083715
0.004607037,-0.272639319081908,-0.0325766599959158,-0.755568689107795,-0.605931047219298
-0.561224612,-0.311485671023704,-0.261306022407362,-0.557211027179149,-0.397627242825474
-0.718905732,-0.30552134697648,-0.22467092237038,-0.60344666206521,-0.557910562742585
-0.564592263,-0.346526844952328,-0.254960615057697,-0.771738617214519,-0.826916382455605
-0.960979724,-0.55366308590639,-0.496515810684862,-0.786445864346691,-0.799121429019089
-1.009373462,-0.677816092402312,-0.530940481038136,-0.877536608076065,-0.977575359140595
-1.063377691,-0.537829412758413,-0.520038204192737,-0.900833231442139,-0.986815191358438
-1.013927248,-0.649705007118349,-0.679772503007511,-0.883865243597448,-0.920081498576896
-0.866534194,-0.587509464766773,-0.64750785675063,-0.766857282518501,-0.678721992484144
-0.355145575,-0.458599418146512,-0.209175535350059,-0.69496866151717,-0.56421315133491
-0.206397741,-0.267770590310915,0.0193942669861984,-0.535512308779505,-0.429492198452333
-0.420461081,-0.284847313281522,-0.166384276792767,-0.450800051376093,-0.3411766253418
-0.373357472,-0.331648286972731,-0.103317564274825,-0.590919340695381,-0.611029712341181
-0.734862133,-0.339667824809768,-0.359099407910098,-0.611643500798658,-0.86799024022736
-1.322524112,-0.480858553256955,-0.638033801105627,-0.508435271444811,-1.12533919763029
-1.958632471,-0.582331204390903,-1.37945458254511,-0.387938449808843,-0.295545906189918
0.737452073,0.0726042680156045,0.642513614497536,-0.606329941868592,-0.896846350583668
0.123767369,-0.0819131508142198,0.19758343672608,-0.34900298256715,0.0082307501390308
-0.312906394,-0.151772567603345,-0.127263001474913,-0.347312892955405,-0.145131777503453
-0.330662107,-0.204204008375611,-0.0828762590884266,-0.257801013718996,-0.677355833256951
-1.052059084,-0.538690327598675,-0.832147121181122,-0.319470301807803,-0.88586455983653
-1.755751736,-0.720000102202942,-1.31703273023947,-0.637145578406475,-0.344058368812021
0.467089209,0.0324802516091669,0.577225784823742,-0.584183260167506,-1.29506166806282
-1.070721202,-0.621085152085056,-0.731729315095604,-0.841900590106957,-0.0778079531339808
-0.203166341,-0.245283974015554,0.0305119225111858,-0.626321060171317,-0.893312528273864
-0.884328152,-0.485522231628154,-0.399239561747324,-0.489124233848159,-0.6446902433671
-0.997654388,-0.398579963503241,-0.587320857544478,-0.751909150481499,-0.850505350909434
-1.023229273,-0.43845977640882,-0.503821131310736,-0.612930446653671,-0.595366411238658
-0.253182708,-0.320972961410218,-0.625451286612356,-0.710391648358258,-0.533783136807899
-0.036395083,-0.190367858117308,-3.06389469444393,-0.521748835879906,-0.255662508996207
-0.240048014,0.241981759166767,-0.308235742876956,0.10066896439619,0.157305475349092
0.010643707,0.253147957344862,0.201214786401409,0.668181776776096,1.19658218420652
2.969749628,0.981761541577946,2.34290055085907,0.274192639184504,0.273547033369988
0.548153903,0.108559205090805,0.456668152559773,0.584472365541477,1.60905478559089
0.929760451,0.819208523983249,1.3215541435763,0.362286397026055,0.111357399984367
-0.523870745,-0.0870379878200009,-0.176684585658967,0.366615152463553,-0.129004096481872
-1.359446822,-0.432246327906607,-1.14848849903746,0.0992836193917716,-0.2186609512321
-0.190929062,-0.163350308241687,-0.15119905935814,-0.0229450293489814,-0.491806473988086
0.161507613,-0.0922371105593651,0.295981185233662,-0.408589142665312,0.098614248005722
1.005146138,0.318461689816914,0.848682238659937,-0.705873492110796,-1.00515754321889
-2.317846995,-0.510025443263844,-1.41171908730659,-0.113754729201593,0.0141390703504682
-0.992591721,-0.398891314043512,-0.954406992211396,0.15571726406816,-0.904533982842042
-0.251733491,-0.0110774873282398,-0.0168794694380245,-0.0254123705241283,0.257087099604842
1.871531467,0.482660440310892,1.25593273718916,-0.509055487065081,-0.047968374806512
0.401058864,0.247390491959737,0.598309889029209,-0.0401041260948664,0.583595505372517
-0.135201944,-0.225013863517723,-0.429576049367178,-0.413380189083973,-0.552904235107055
-1.863947042,-0.663869183006338,-1.50031718933213,-0.119534417525497,-0.322082550889725
-0.568874312,-0.351799734105819,-0.413519118946099,-0.788237968868843,-1.23256228059211
-0.944852326,-0.413865649153085,-0.716824117836612,-0.652610170065714,-0.604448056143443
-0.553248637,-0.33011204880884,-0.188906939886031,-0.624363440242923,-0.51155444854292
-0.096678655,-0.205792144093226,0.0884818712978542,-0.483712614214911,-0.401455218056678
-0.239892269,-0.206482156883198,-0.0203991695429897,-0.181318742789933,-0.0597873848253144
-0.172354484,-0.0578434341226823,-0.115570065977905,-0.0237242504323152,0.552285639051636
1.608619383,0.566842893058185,1.49915091716316,-0.254686485811417,-0.200881882561818
-0.156425998,0.161846171842995,-0.321276809836376,0.00258595709825415,0.377146133734557
-0.620077188,-0.108901437652302,-0.371273454509955,-0.0680716288956487,-0.162742398318785
-0.400776489,-0.156607233073202,-0.204431975237048,-0.258954822179509,-0.434895432300995
-0.266971392,-0.225198809643773,-0.249593032964121,-0.603429120370817,-0.6290995493103
-0.81411327,-0.388600134496945,-0.482132301347135,-0.74983599530156,-0.638210961828375
-0.945839679,-0.361255081629609,-0.541530725413256,-0.700184078096335,-0.97712773417479
-1.368118945,-0.66900147410648,-1.02978910410491,-0.601682566205291,-0.64238236215509
-0.332235842,-0.148907146437726,-0.0425307122779428,-0.914583226545488,-0.94689678313499
-0.519146884,-0.294707865344709,-0.143787972703546,-0.977881515271427,-0.7306389921715
-1.02853114,-0.134707277227468,-0.366942730019338,-0.760798364460399,-0.512902845333571
