630
-0.588281724,-0.299236614256762,-0.539156899344942,-1.59969752315966,-1.90374884175181
-2.101462617,-0.797918862692523,-0.769847725283729,-0.60637570239984,-0.692888110407514
-0.859420783,-0.669280290716948,-0.639299533513349,-0.707400249326282,-1.11414914692967
-0.427511133,-0.0542045212672834,-0.42324366216238,-0.85418929138453,-0.433747663951791
0.252578596,-0.189446671439463,-0.339293890792156,-0.538733962270804,-0.494308900477005
-0.774636968,-0.0488752973347183,-0.459153554104894,0.0203959039050199,0.68527191788128
1.524674505,0.171505211561842,0.32139754865902,-0.255795805960878,-0.529082746059154
-0.637848089,0.00970899512525806,-0.3058889161108,0.0718828146705785,1.00637760598861
1.025717314,0.000121196864886867,0.746014251713151,-0.00231017974842712,-0.380013111482444
-0.440517746,0.0944429943217712,-0.411889679903219,0.02440580571173,0.330295697352113
-0.062849591,-0.284674617348952,-0.226102635173458,-0.529750210602458,-0.471303921384776
-0.707547823,-0.00708710841760548,-0.214009018152901,-0.152334242966684,-0.343271924505919
-0.699489491,-0.0446783784708596,-0.49096525782808,-0.368363010598372,-0.310209266363692
0.168709679,0.0846264679846435,0.0394608135460024,-0.503973866123508,-0.838798018603022
-1.186235432,-0.516813124977395,-0.556497859404083,-0.227313289026111,0.0788291312379942
0.13974426,-0.11042219716663,0.0284980507117846,-0.320733256815493,-0.506041092390395
-0.012103942,-0.0226926078700765,-0.132974673772609,-0.160727340517432,-0.0141965084880539
0.042542808,0.431252626565559,-0.157083254380937,-0.295809990041247,-0.117585699402253
-0.171289433,-0.279832043736153,-0.327904339818737,-0.137308396933982,-0.231713953983798
-0.538974841,-0.13994840615779,-0.415347831634252,-0.210210227722997,-0.201194481711268
-0.220537874,-0.220574915862697,-0.279144143512823,-0.400521442554961,-0.487576488874491
-0.523647337,-0.272990002361244,-0.607842315617041,-0.33350531206398,-0.299285805126636
-0.333494132,-0.178889534352497,-0.248522933009515,-0.474340984794068,-0.427945033792842
-0.312294368,-0.137528679164831,-0.266450969944716,-0.422111373948881,-0.532455320293873
-0.811852761,-0.437015489406031,-0.512580004281646,-0.349710536154507,-0.221834764264394
-0.064094251,-0.279676960965718,-0.261216055089356,-0.546651612365699,-0.603345545114791
-0.447345439,-0.135863304903637,-0.43563833722992,-0.426381548200504,-0.377716511170071
-0.824330573,-0.214717121466182,-0.534652683609652,-0.318237185365251,0.165771271025183
0.953019807,0.0827297223998056,0.56693617344785,-0.357191944206752,-0.626037333522434
-0.552548036,-0.286361385903954,-0.431289599657541,-0.343610387112839,0.278418626723317
-0.063907048,0.0625817839348999,-0.0575756196749748,-0.0511215753849361,-0.46505867902904
-0.715449827,-0.212034492378868,-0.490677913888443,-0.0807265682817389,0.089973435602391
0.364382934,0.0880824951923422,0.375461158346253,-0.10464632114059,-0.381106701343794
-0.281735144,-0.0917509042446503,-0.196592696788201,0.0850068100316934,0.447507271247599
0.69538032,0.216722293757079,0.186559837069173,0.132900562202536,0.189133149628135
0.585955861,0.407076338230312,0.440435822126014,0.539828132360543,0.571173973740116
-0.642882641,-0.451653926212699,-0.5574416253542,-0.614960718315367,-0.572282089307673
-0.518131301,-0.519661569943616,-0.454742773700932,-0.603168078478361,-0.58557382055377
-0.513298144,-0.449100230901161,-0.444252320766595,-0.623800990353302,-0.583952548245525
-0.62020366,-0.468276463610868,-0.544031485595551,-0.595883071335909,-0.606126526890904
-0.737097843,-0.421498130803704,-0.609798282796011,-0.527809295847588,-0.532217182671246
-0.492239457,-0.373844407959266,-0.378249480958025,-0.548942789557961,-0.496393578485836
-0.224496462,-0.233828381755693,-0.188750437386951,-0.652882324477244,-0.545445348129337
-0.518269531,-0.413117021858723,-0.474327464767824,-0.665984322317751,-0.549558024723474
-0.851876958,-0.349006069613017,-0.64332851326316,-0.47489976171638,-0.591489486340236
-0.767110541,-0.328203685797718,-0.570964626972282,-0.48096569492214,-0.56464618937559
-0.298909044,-0.287196661220472,-0.384027982229625,-0.680875505503411,-0.648991142202119
-0.454478963,-0.225283297528178,-0.562984270784939,-0.64475550584972,-0.652255814032414
-1.00054607,-0.855763334278234,-0.685148219796544,-0.572027736475235,-0.501704661806151
-0.520876931,-0.27923745750885,-0.315271823972038,-0.622704856705293,-0.854500356074051
-0.837972283,-0.264056499499643,-0.624766619403676,-0.605435272351745,-0.55656574274679
-0.500227893,-0.271169758351699,-0.45601018099865,-0.769849459217578,-0.758704150205872
-0.744882568,-0.315459612490422,-0.537727565605254,-0.497797508875288,-0.555635941856222
-0.66621078,-0.380218816413551,-0.653876510610129,-0.475492224949386,-0.357114539973268
0.08300411,-0.224388098100581,-0.560709464982141,-0.603473700528243,-0.569713903553169
-0.425364026,-0.314202793419279,-0.328093037738006,-0.536689976939492,-0.363126960755856
-0.725291175,-0.311318200191664,-0.560759469770464,-0.435471332589744,-0.447427161510474
-0.494432577,-0.262705243081011,-0.501140878143637,-0.451991910518448,-0.697323831761225
-0.754228467,-0.46960357351527,-0.591682662445301,-0.530484306562751,-0.534345692660662
-0.559819271,-0.492596659795085,-0.464147205271825,-0.627002128106956,-0.599168227716238
-0.466264733,-0.393588257170606,-0.402957572731561,-0.558186220035678,-0.567828829912741
-0.559114813,-0.39484886835886,-0.490179679878446,-0.676171428353632,-0.49738738551914
-0.403536751,-0.260382862322379,-0.521950924962305,-0.637409771905898,-0.833533638357242
-1.251225245,-0.591011000656762,-0.722382120856115,-0.498789973488076,-0.398138829297124
-0.316311246,-0.40075119106898,-0.156481805344437,-0.720099330859248,-0.904479562924907
-0.710046486,-0.300296994598825,-0.568743032611409,-0.640142897105393,-0.47913335000412
-0.507235921,-0.242936968298676,-0.543277966022521,-0.712744413942609,-0.631862751947782
-0.59358742,-0.265680286213477,-0.558282923481577,-0.514692611335873,-0.565525275865355
-0.643111221,-0.420521183015954,-0.502992681173396,-0.464571242459145,-0.468434062943173
-0.344915107,-0.361996335860954,-0.351490688014121,-0.538023486127235,-0.515017503019275
-0.357895838,-0.390924281049061,-0.348064593408011,-0.55635626353992,-0.4994177041594
-0.611688094,-0.404803059331866,-0.483995047581285,-0.527649342098765,-0.483152690236355
-0.580737815,-0.218135780137643,-0.508733595095096,-0.497337006628123,-0.654623510067904
-0.872700749,-0.322679837611386,-0.657476649265068,-0.433283487912216,-0.266925507130634
0.130037924,-0.180917922967669,0.0248540141164479,-0.616728984575743,-0.629858234346215
-0.408299667,-0.34203866264957,-0.326349950329886,-0.560109820260774,-0.286765740651118
-0.563345533,-0.192315520948852,-0.435414291614346,-0.448740832427352,-0.444321265665112
-0.565903042,-0.284177772021777,-0.474261333302388,-0.29091946300738,-0.460564001765151
-0.368891189,-0.148868720642346,-0.337330888199769,-0.592738684819035,-0.534953579435836
-0.336979431,-0.263836882814065,-0.523287523641064,-0.674371427410049,-0.94148926480231
-1.66698861,-0.303546304638329,-0.770217676969182,-0.421334030854448,-0.400824517560134
-0.470449832,-0.140598812262142,-0.277374108409704,-0.719601989709184,-0.919985330286559
-0.317241162,-0.231361784689105,-0.242975168649746,-0.708654544712222,-0.64784043546209
-0.672883116,-0.176494025865749,-0.560854505426282,-0.709949974760153,-0.526334424592046
-0.733916935,-0.460974515448037,-0.608376187945061,-0.496388810433225,-0.533754792270833
-0.470374825,-0.279013071944322,-0.497006623866357,-0.455541275627556,-0.496576428023334
-0.39904658,-0.276221536658964,-0.478656769757039,-0.465471399567963,-0.0409376386929221
0.588338482,0.0621344543227668,0.307149900507624,-0.56914287702814,-0.456410865913718
-0.46201471,-0.192665339976791,-0.321252280375104,-0.306749602155131,-0.130488832940772
-0.777619226,-0.208987762918369,-0.517875839672787,-0.326382755401552,-0.289655238384041
-0.18130363,-0.223120360651133,-0.225244678865888,-0.36602987800345,-0.682389312991722
-0.658557649,-0.392158524946177,-0.466474730201023,-0.520610050701303,-0.446829384032661
-0.63070347,-0.454185797653574,-0.571060784334682,-0.606035164150049,-0.622636425921279
-0.649354474,-0.426341957200247,-0.576327652395615,-0.569144495355289,-0.627820188024952
-0.62964897,-0.563722646080186,-0.415728267693668,-0.612421303150677,-0.637709140954245
-0.656887805,-0.452499913331573,-0.446354330804755,-0.577190145889225,-0.553376727918747
-0.463129983,-0.479833049444768,-0.413169273293817,-0.626151568596612,-0.596712940540219
-0.51297948,-0.497662143904244,-0.443998154396761,-0.619984309004426,-0.593154728289017
-0.697511419,-0.525383141213878,-0.573663188047335,-0.598643076171341,-0.594164034140062
-0.674765172,-0.510128201008752,-0.576317335826759,-0.617297974639812,-0.684706780140694
-0.707917499,-0.568908473012088,-0.656052909977861,-0.634342187456952,-0.664722035724611
-0.668748252,-0.524160352985598,-0.579941043423256,-0.642325073614787,-0.641580041908754
-0.592033544,-0.501243645029576,-0.507097666241314,-0.653397765044718,-0.593953224542389
-0.486634279,-0.512178332334616,-0.427092339882145,-0.6352988430048,-0.636812371573881
-0.681544353,-0.491636930288181,-0.59835601805544,-0.588262244618964,-0.552092634951305
-0.594123879,-0.483707359753349,-0.47980916962284,-0.569782798413328,-0.643780625577956
-0.641608772,-0.463279771400578,-0.44213719785946,-0.575127997479228,-0.592381509125456
-0.592265686,-0.533947105560813,-0.492232165029777,-0.581454519556129,-0.57823313890236
-0.525166076,-0.435028020284397,-0.479000691376594,-0.511042319313526,-0.546804919964106
-0.518068347,-0.422516944484099,-0.450344096185814,-0.499296294861217,-0.449638459113784
-0.343533098,-0.373409430089083,-0.388805831512382,-0.519542364791323,-0.497173165931679
-0.464139673,-0.378871319522091,-0.416411712361244,-0.482215193613051,-0.448555747665537
-0.530848098,-0.429231632295442,-0.445111943372561,-0.487641815561218,-0.477709838875272
-0.489252269,-0.327392369218061,-0.424480361076977,-0.473301007168595,-0.557584084051591
-0.692980558,-0.305127379817699,-0.509521764889732,-0.460118643040656,-0.271508972527433
0.037399466,-0.0362057639000573,0.282098094523612,-0.603869945645274,-0.602148377608442
-0.513711938,-0.201247785768771,-0.409972597500177,-0.303537082898377,-0.382514122779817
-0.884359039,-0.209421284289779,-0.531705668961163,-0.345277412236758,-0.0423605886803491
0.521154687,0.00168615592463277,0.183342950036433,-0.497309953897036,-0.679277688032813
-0.504296925,-0.21957091985087,-0.462415389620605,-0.625400602349011,-0.210342539666294
-0.627044299,-0.141539617506257,-0.538857916509259,-0.642856408705852,-0.883395398401972
-1.449315027,-0.216018487988905,-1.01273347845911,-0.497527634805914,-0.809065007060341
-1.10729663,-0.321451854792724,-0.370382449380387,-0.66066102718744,-0.949419718960754
-0.628054019,-0.205735573668533,-0.378117690911028,-0.756873785104896,-0.717985241334933
-0.253519561,-0.29575260956753,-0.294950274573269,-0.777872342137874,-0.622860468216442
-0.566036441,-0.32745437369297,-0.539302405268222,-0.465685500479309,-0.359776965989998
-0.416547151,-0.281221991979071,-0.408230613749667,-0.475347027741324,-0.412304278367095
-0.253490305,-0.111473285082564,-0.284898947070948,-0.383881834875027,-0.482924901569373
-0.701896692,-0.195516589810548,-0.53244066574247,-0.288251570245846,0.0737280284404636
0.548880851,-0.213855889313111,-0.244803384817809,-0.418563074058078,-0.448536289464077
-0.213604108,-0.210699946390966,-0.18201832728181,-0.406162770405454,-0.0707156209397278
-0.477449439,-0.228020971567725,-0.486825382180673,-0.400090958042158,-0.417619404409335
-0.767390788,-0.226679911340375,-0.7139034601326,-0.336854255968518,-0.402473975309349
-0.318734936,-0.281161615795969,-0.327629225787289,-0.549387774396463,-0.722482740527645
-0.799108815,-0.544641995033052,-0.708828841115659,-0.467718976074083,-0.354746940736815
-0.298051072,-0.344416108878955,-0.321464676406336,-0.641202365270431,-0.62761914746002
-0.476666008,-0.325401961826905,-0.479332272846896,-0.592520188359446,-0.561890512388628
-0.734922137,-0.37551882088704,-0.55491984505078,-0.616107749098082,-0.680877907894406
-0.970502736,-0.520483502299265,-0.702170170726153,-0.558324138298063,-0.603747715335024
-0.481820499,-0.370133588852855,-0.479590310685534,-0.680501388499275,-0.81223352577094
-0.725201117,-0.42075616162541,-0.618151298478114,-0.566988492604692,-0.537852864687535
-0.569444461,-0.308605510031327,-0.472570426825764,-0.613159903870381,-0.49203554295305
-0.220165138,-0.381776941005726,-0.291416670625741,-0.631563556570884,-0.621668245665197
-0.656238431,-0.405914596523547,-0.366782717302647,-0.549114344886214,-0.45996566621101
-0.651380309,-0.433252065247827,-0.560821068547955,-0.495681377175358,-0.602236127336676
-0.623707653,-0.392556074896903,-0.483592924971231,-0.514795333754257,-0.572336663614764
-0.491107964,-0.42000365579506,-0.406971345564476,-0.611779729812848,-0.592245584048932
-0.569394721,-0.368590334242614,-0.708328040127903,-0.542959067781438,-0.501760911361764
-0.524610269,-0.333704360370635,-0.373461066589916,-0.315692781177619,-0.43425162059011
-0.386391294,-0.340360003667328,-0.478174864923098,-0.310661954287081,-0.196142659326159
0.220309468,-0.0121832134125625,-0.0721034321533975,-0.404486901662854,-0.369193782843915
-0.326473647,-0.236671338340181,-0.245768777273383,-0.346486272796647,-0.113513435618552
-0.323901987,-0.112105053418269,-0.256169049652345,-0.323882181385804,-0.388693291978695
-0.557553351,-0.187025692924011,-0.251770604278807,-0.25949473505198,-0.306636524276669
-0.280091349,-0.362555985206561,-0.2223578211844,-0.406916577500822,-0.464219328113335
-0.412102336,-0.220269934598445,-0.381628833918144,-0.349613228820408,-0.348540587437135
-0.432546055,-0.23945553024038,-0.416456987922284,-0.340221460668287,-0.242865091494754
-0.047320243,-0.142839546185463,-0.101225703167751,-0.357784762366635,-0.372746175970452
-0.313083269,-0.246553111100722,-0.352756088184946,-0.387461195285432,-0.225263106851735
-0.307849806,-0.236709831979418,-0.306722189144587,-0.395631167452003,-0.422703870478395
-0.599116058,-0.234731474910949,-0.506107922091386,-0.231517449300694,-0.333085343474931
-0.499899081,-0.251891561760199,-0.421364389905602,-0.15298637217672,-0.068702163096469
0.304127318,0.120242813545764,0.0602936978142702,-0.282023344240646,0.275771362800984
1.28384669,0.439729716589586,0.922591428806607,-0.101794159693154,-0.0145603726269492
-0.297301399,-0.182654876414275,-0.0617951271130787,-0.138963965607891,0.697137967272268
0.536476306,0.138493683683988,-0.167238858461159,0.0148229469323869,-0.644123955616249
-1.479379446,-0.53816143153307,-0.746526029942289,0.0211371361171931,0.402318665375981
0.531262831,-0.018495138572831,0.233757511011405,-0.327518977291912,-0.896704791509032
-0.788095145,-0.142301388760359,-0.354131543812904,-0.0400604591404908,0.361650182920617
0.586453973,-0.166234405342713,0.413093259628241,-0.504202763702654,-0.47492331261295
-0.307783554,-0.00951014654679986,-0.28412228972663,-0.22458486008353,0.00478642729266397
-0.366889214,-0.0909925451195403,-0.420337966548998,-0.321620947666652,-0.376414364149192
-0.657071361,-0.212083292351349,-0.603981543692786,0.0319103930011232,-0.148539586383783
-0.019781527,0.000648897169588358,-0.121445192119089,-0.25280539606855,-0.0994218175472742
0.627562015,0.21967507970191,0.211138181141235,-0.425953890971261,-0.462273893301343
-0.856282661,-0.394403301150599,-0.717864117351865,-0.361190925119579,-0.0361818848570537
-0.595909404,-0.241572725656006,-0.561546532047496,-0.336965805460985,-0.601599011978206
-0.594938735,-0.258271504861517,-0.53056922448909,-0.265696711583478,-0.461404643227666
-0.335992026,-0.319946842286207,-0.440101153490739,-0.498934606104434,-0.408634954346274
-0.182516597,-0.166254194980984,-0.407534483658238,-0.43406379303458,-0.407030944528105
-0.430552745,0.0233265812749193,-0.305902097823116,-0.637966912225715,-0.348990042490354
0.937242554,0.0569535957300743,0.78261914611765,-1.65046087413774,-4.47642840495529
-9.976731608,-6.22186777209386,-1.51376364738727,-0.179832719081226,0.120710522928289
-0.502673073,-0.574191158444247,-0.465303475710514,-1.4951964294991,-4.41295879372689
-0.582220984,-0.190756504384872,-0.484035940971936,-1.08504259924126,-0.710466733314837
0.390818947,-0.250166307470892,0.334526484899363,-1.68238295069445,-0.608206120619259
-0.512998456,-0.23473022645326,-2.00298887487848,-0.146382835008496,2.98758966905979e-05
-0.336794494,-0.103258311265557,-0.336273797935971,-0.0458234821567797,0.0191724566199308
0.497927589,0.0955510662641918,0.256951493667948,-0.123610133276869,-0.112558909832689
0.215457853,-0.127373937906896,-0.0674130584027599,-0.20678598623721,-0.0215490441641369
-0.44302999,-0.434742820624844,-0.568163908254475,0.0634244382273569,-0.00692033407904538
-0.307346292,-0.099528065923902,-0.371042962198777,-0.0379257251820489,-0.142035842900893
0.178304428,-0.234553300019498,-0.0804346870708993,-0.315614303737204,-0.472440965240133
-0.679332964,-0.39119503553296,-0.572124698266102,-0.264183218434314,-0.131230093205277
-0.349954192,-0.272103343177282,-0.368007688268632,-0.362835854815516,-0.513189933364532
-0.495378091,-0.219929248062536,-0.42959461165441,-0.367130338305244,-0.335923418746638
-0.258547502,-0.26251710377671,-0.335110751346666,-0.468698536962563,-0.473530995200445
-0.501142532,-0.134229581238656,-0.396105803252211,-0.306188684062084,-0.288305304112934
-0.38956483,-0.0757386157720751,-0.271394375119958,-0.350249613845584,-0.0813113842646968
0.445266216,-0.165908761251522,-0.0593514247642689,-0.370147750079608,-0.438757476596796
-0.519191832,-0.175498352415213,-0.456104208529339,-0.329331858234689,0.0440232508418401
-0.167705514,-0.1037677940335,-0.272239925071324,-0.306172658577271,-0.489303866699173
-0.712140309,0.00561384393821821,-0.399849343216727,-0.0926997843231205,-0.0329250254589764
0.155462213,0.0332095273488885,-0.0536046682782114,-0.158696860532672,-0.305967709094041
-0.085753059,-0.163626402065923,-0.132621355292826,-0.189495325654104,0.340179109196362
0.912452915,0.207930515793269,0.411505819101871,-0.225731555697913,-0.474117459087857
-1.097367688,-0.136943714348789,-0.422619643443896,0.123349862155183,0.556152397811057
0.481362264,-0.0602694412612482,0.370947851361234,-0.0592716121855983,-0.617257769919366
-0.485252429,-0.0411684743833546,-0.514296202568516,0.00689903782437887,0.129904965655355
-0.041423339,0.0918057763339514,-0.165016246815748,-0.191435365851934,-0.156570114813674
0.042043381,0.0335211213211148,0.134906496964264,-0.0536968540844154,0.0235609279516154
0.218772224,0.0266881792137757,0.191050477847647,-0.059210404866437,-0.149825950791182
-0.423319977,-0.107778855597268,-0.246988269009665,0.0404740289189977,0.221636379774204
0.35971542,0.289490487940503,0.586796377598719,0.0104397277138479,-0.338650480661581
-0.43082101,-0.0646054214809183,-0.386628149548245,-0.034528110145717,0.19612255398034
0.279907807,-0.16297668615749,0.117903121902091,-0.32460335916219,-0.503130335407861
-0.739133666,-0.172528996767181,0.0470958991613313,0.0226249469387914,-0.0727516710329665
-0.376343283,-0.196333723418941,-0.382785254648876,-0.0682494464735807,-0.347838809558949
-0.167933538,-0.116775335966895,-0.0358394050732605,-0.0429303933661895,-0.047881661122287
0.327523026,-0.0226524098222231,0.276105911338541,-0.2289663557273,0.0171078662337571
0.278208093,-0.0209034978153529,0.330266828526241,-0.00556589793107909,0.130435696618146
-0.005157696,-0.0588675640514704,0.0222902778503872,0.216386161000085,0.194800385963668
0.043330227,0.0439881862189487,-0.224920510286862,0.299366565273616,0.282277506390538
0.491287284,0.125531311112221,0.160137941509374,0.0634899551575397,0.388593637912175
0.932809998,-0.160430255210163,0.290764169759948,-0.0966179691492833,0.0182257415892807
-0.340184999,-0.160387583273818,-0.347930670914071,0.27564949219675,0.100438492541034
-0.904838319,-0.333880742375146,-0.692766472943353,0.29015831787432,0.297948379965604
0.88030257,0.287635538274656,0.751589822343437,-0.107798680896849,-0.369127475742173
0.074080633,-0.0620123610108925,-0.218432118934087,-0.0985616081984303,0.288160244530586
-0.080538274,-0.134593371694939,-0.0721427045302159,0.0479862395558748,0.129954376495237
0.206219079,0.018034204114257,0.253645139964938,-0.0838057596855571,-0.264957819971722
-0.456021492,-0.329477646435963,0.195084508540694,-0.0813850289257806,-0.24022849021101
-0.735245242,-0.0349194079020045,-0.0101441847709416,-0.149403950706844,-0.261406867975521
0.000707419,-0.210942515042385,-0.19833714775803,-0.379271230023086,-0.876493449463925
-1.214238178,-0.413347637035486,-1.10104158391798,-0.274332757011456,-0.188731461890188
-0.290347616,-0.2968362737049,-0.222527417250222,-0.320192755680487,-0.621494663631252
-0.156584214,-0.299616075476667,-0.248022987762659,-0.12909522329729,-0.410303789257415
-0.658981591,0.0510488536288831,-0.321249082139015,-0.16741748542761,0.381600174333974
1.184115688,0.337919704692492,0.313420576890803,-0.306503622056701,-0.460448877221588
-0.374772692,-0.125785050036844,-0.373893239313863,-0.0665802647508419,0.415200374724598
-0.130121115,0.126695839207876,-0.17526264590128,0.0659339295889525,-0.0145069559427667
0.134622232,-0.0836373806346503,-0.0686011403364733,0.0572509007465606,0.055496722904729
0.424131932,0.275358767436324,0.660191548622317,-0.252881597384404,-0.325973504895272
-0.783600108,0.0374420649301801,-0.499828451786958,-0.161101706636116,-0.0781697212300435
-0.500423745,-0.228641101796237,-0.0329709287431205,-0.272053988919269,-0.656980258023653
-0.781484171,-0.461990909685529,-0.764278641673136,-0.326128807846305,-0.390807181746965
-0.249905164,-0.10852969804808,-0.435991795746432,-0.551326717051486,-0.545356544069331
-0.359911075,-0.401369507353855,-0.427726324645507,-0.319162053058378,-0.304949267954184
-0.321964388,-0.137573559308754,-0.292027197305136,-0.420790953183148,-0.218646216937526
0.032129772,-0.398631179371742,0.000935784465724997,-0.43658246119295,-0.530557055723694
-0.822872956,-0.126665698443169,-0.502037007203821,-0.196601242628331,-0.126758423769104
-0.306724059,-0.0266306588512995,-0.215034893084618,-0.114211282858132,-0.254971234563372
0.076667359,0.124603565190312,0.0755067645777993,-0.266703946792334,0.24228929929574
1.159430232,0.354026643534277,0.683961316871507,-0.32573786131592,-0.444445467221832
-1.119029214,-0.246247362634759,-0.957712865915039,0.233361201189308,0.667098774478182
0.361430522,0.145289217090093,0.0772400979451763,0.216585659949793,-0.268906426821672
0.253984279,0.103892103700589,-0.0345103737153446,0.298521957113174,0.258249152588882
0.365158062,0.34932588866843,0.455742180672333,-0.00612331062915643,0.186169186996066
0.204247387,0.0200346210832286,0.036651101627668,0.126758787376754,0.0227228029578394
-0.349014876,-0.25297412428517,-0.154961639727049,0.109267070424064,0.0966589956553174
-0.014122628,0.00610696171307905,0.0129121269431012,-0.0210158777495912,-0.199016436529739
-0.123541737,0.0875805134586542,-0.0765662208011476,-0.0635983847104035,-0.126560987750506
-0.239310926,0.0922135582560397,0.0303115156019003,-0.031310746919048,-0.0505076678926953
-0.031873977,0.0387728839832689,-0.0138698536757153,-0.0696403520031896,0.0192781637186552
0.340853873,0.0610888660850395,0.146957410533553,-0.144448267909877,-0.133060454638266
-0.22066129,-0.108480160397596,-0.232664231616873,-0.0255444081772382,0.078923457041523
-0.162169855,0.0227736681837663,-0.136850485651216,0.0264769599157602,-0.0228971452663146
0.127053956,0.102050398831906,0.149427028591305,-0.0603680536195874,-0.108105676783098
0.112091751,0.0830445470625167,-0.00909666583906256,-0.270391493653362,-0.463773350594365
-1.057275442,-0.0998196126714417,-0.991709870401222,-0.150526811943801,-0.32231052855922
-0.825729887,-0.211207354053399,-0.0840033369605846,-0.518838150183199,-0.609990647106524
-0.085208225,0.0420246964032141,0.245248900681568,-0.316011719324961,-1.30038456321886
-2.276256137,-0.322880856471883,-1.17167603016637,-0.159971962704388,0.462863630425311
1.359175213,0.0345984589972846,0.647995521967282,-0.60488156260688,-1.08919187871467
-0.215912183,-0.0415719779117825,0.175527214735896,-0.224255253538748,0.329608530654507
-0.211781944,0.0099158562475349,-0.510309014233887,-0.175106295195203,-0.0987769924580387
-0.179678818,0.041937693504963,-0.323711411274375,0.16462090009307,-0.0621926849311235
0.010056789,-0.0876539921525288,-0.19113851628521,-0.0997521478745261,0.0934235412456607
0.40760528,0.325837917670994,0.215290725511437,-0.102904843788731,0.0615072566609571
0.246693146,0.173821947974969,0.388097898016444,0.0557932998427955,-0.0555272016719707
-0.543100422,0.0319359701775599,-0.507283057472837,0.00270156325637515,0.153780250855797
0.144198603,-0.254495973318203,0.0908601942708969,-0.226312852015826,-0.465607863785082
-0.401948024,-0.00628720441344095,-0.345678571249632,-0.77581562185405,-0.527386452899265
-1.389157789,-0.116484443145665,-0.650915717344834,-0.3545964918141,0.0566288803820376
0.619449803,0.141738182213231,0.747236509783908,-0.466551487016362,-0.883818663951172
-0.551446738,-0.167959282843064,-0.4736973652295,-0.61719361794284,-0.0559415168267993
-0.468474186,-0.168431789200961,-0.314692679330439,-0.335598633603378,-0.393932868422843
-0.495789454,-0.439833986434211,-0.545967121415813,-0.0973697561347981,-0.0602587092343123
0.423755015,-0.0359162574807308,0.0756319378099239,-0.378239310129995,-0.311188061251861
-0.116255513,-0.0915988630802499,-0.267285538332839,-0.112463853343065,0.0332782059915923
-0.317341572,-0.380659966860146,-0.588107914498718,0.174969558360091,0.13729425284969
0.299042165,0.224331230438469,0.0655540954251833,0.341805260937289,0.114962371623655
0.365962441,-0.0664236486317343,-0.275109344719047,0.320472868269219,0.76276622051473
1.624350496,0.311685306790379,0.910523326477682,-0.0481867204049526,-0.0546864006485408
-0.461761796,0.000857579016222854,-0.449075839568688,0.260581382043288,0.516780943521868
-0.389941579,0.154922850011194,-0.196588088600186,0.233316325294504,-0.312791532755854
-0.541826602,0.0290402099411386,-0.41609976179227,0.148586068398458,-0.136838219154032
0.23609616,-0.081128697927577,0.205131139833406,-0.287394359192291,-0.644663188845756
-1.022320693,-0.176987556275286,-1.05906007305856,-0.0133751976024171,0.375309823453342
0.737054752,0.0936876130577226,0.573928704919364,-0.309504989876345,-0.423444221760008
0.057479033,-0.00765189692461384,-0.112586940920465,-0.0415330784601892,0.0990160516186557
-0.399331147,0.0299108500325297,-0.339471559804931,0.117842333041922,0.190140857829894
0.232289545,0.311732639447851,0.109760339011159,0.0729146403276004,0.0364861576975922
0.448157227,0.0810992143463775,0.239735677522785,-0.0393427179225496,0.117349667594017
0.128582975,0.160128587394551,-0.0153937430593744,-0.089853477610706,0.122119748972875
-0.121038411,0.0347896709095077,0.007685444214,0.0329310305389318,-0.102889399043645
-0.393118737,-0.0837992056337668,-0.358009446285389,-0.199620387067502,-0.176622962897756
-0.187458523,-0.120640411629872,-0.318734293679457,-0.300905358001313,-0.561265172645943
-1.0007567,-0.0403813428767556,-0.433822548571602,-0.208560559137642,0.140807089457425
0.666714915,0.260634329189419,0.653015313903066,-0.427832689126111,-0.687620849045874
-0.561721101,-0.185541779471191,-0.00933708115582769,-0.274813581129394,0.166016124455629
0.00094559,-0.163868892427895,-0.387502846723748,-0.482428699023065,-0.550053194141955
-0.765234789,-0.304393066667035,-0.561664805943312,-0.179754827355635,-0.154782831909739
-0.238751095,-0.288647105328386,-0.271117214012291,-0.426041318486087,-0.481916955141847
-0.279818502,-0.318570135376543,-0.281625316189197,-0.352447613193584,-0.372190940899273
-0.480225883,-0.195797248763315,-0.3836930345918,-0.337409044846185,-0.256129759578023
-0.232726729,-0.243477900030125,-0.228003294680562,-0.308869734698074,-0.329132241129502
-0.136084703,-0.151340267062701,-0.0654062586472172,-0.414649247321156,-0.439301779231175
-0.592539127,-0.15349182317525,-0.154626599529229,-0.448969741045218,-0.442813675807126
-0.803849879,-0.13669953978853,-0.625705580284252,-0.262191091815367,-0.41975932887236
-0.588259509,-0.212727573454832,-0.535702182889545,-0.471164071926429,0.244223854156717
1.620389818,0.283689781868538,1.00194352344979,-0.732442775618461,-0.729378425474546
-0.867965213,-0.312280560910682,-0.61652280699481,-0.363838894961087,0.287359808835236
-0.813716511,-0.0822042580846196,-0.529560664247918,0.181218942106799,-0.335495113159376
-0.329593787,0.116370219019278,-0.322201913516209,0.0451243014608017,0.127561928718382
1.279824346,0.152051750996852,0.445597087097604,-0.600031802498906,-0.396022296818987
-0.37301746,-0.0772869376799527,-0.169814728094224,-0.109591150670763,0.251529641771203
-0.568315083,-0.151870718291074,-0.393280271781909,0.403883797607273,-0.222813492090407
-0.501104775,0.143406874805903,-0.493189005591572,0.265416025314265,0.223723585351101
1.134538644,0.249283339021133,0.880122802694268,-0.294409616795622,-0.282820365028554
-0.052198464,-0.0475549753562261,-0.0941584448383126,-0.125543884260153,0.380463567357622
-0.095284603,-0.099767061901923,-0.155064091735404,-0.0468669103552191,-0.113027481318639
-0.319664964,-0.25850511942367,-0.432915563347759,-0.062348277445564,-0.177905602269433
-0.24032073,-0.105683537677564,-0.350121950140408,-0.232843601457323,-0.420715338339683
-0.636188612,-0.161732325884202,-0.424777238566865,-0.242777052203301,-0.185854814964079
-0.090273668,-0.161117757696525,-0.0188471319018636,-0.265290216748517,-0.450584238516106
-0.385975871,-0.198739785065268,-0.295971748794649,-0.347520136691439,-0.0657710334103554
0.156858413,-0.146669997081077,-0.111554722544705,-0.34367313509317,-0.514767284500741
-0.793704312,-0.224019564318612,-0.32667886681589,-0.24579061459361,0.0329256251514735
0.125303928,-0.0372016671886467,0.0920336900911032,-0.411448575219338,-0.735218495984879
-0.904592516,0.00502518513881325,-0.445503766559083,-0.339262547868352,-0.126017811089512
-0.150997578,-0.213041321318097,-0.286229719472308,-0.407706068558878,-0.820106295415424
-1.085262504,-0.260613593031364,-0.85613017105281,-0.274096636528742,0.0454841416237614
0.492357761,0.0618232513605448,0.453575554904558,-0.605049598428485,-0.759867860426249
-0.610180348,-0.234383246971561,-0.545135788914236,-0.338237313898116,-0.00259016580844326
-0.29815999,-0.317799090691615,-0.291628932721216,-0.410400685040857,-0.327215623005525
-0.098515082,-0.279280552591239,-0.10796409289512,-0.374605621719135,-0.473285770238223
-0.611907881,-0.304899410847873,-0.46800731872042,-0.505971456176341,-0.404234296011194
-0.707353406,-0.302270174103294,-0.0237271183894588,-0.599523791229944,-0.519039809960143
-0.36132915,-0.224666397414755,-0.324593615720756,-0.694720089808986,-0.977700749251202
-1.40600213,-0.266224146680295,-0.8955951016957,-0.48014117039027,-0.464332545828672
-0.582243919,-0.0861953090273986,-0.493126074171389,-0.563458835827059,-0.709265739953637
-0.115650742,-0.108603273816163,-0.155231125954485,-0.452979900449477,-0.55392150360977
-0.500298897,-0.243950510841382,-0.45053467734568,-0.263445994171374,-0.0975756506747494
0.006084987,-0.164738850068855,-0.271469696135839,-0.372775393077606,-0.22626369415069
0.092913413,-0.0463427847592884,-0.210494519810247,-0.337186658756284,-0.285571842151176
-0.507135665,-0.133223439610112,0.220658012753394,-0.218180503151966,-0.221778613193655
-0.528041728,-0.114290926195453,-0.406469462491854,-0.155920829915321,-0.424734883744904
-0.398372658,-0.284145730104113,-0.35547726148465,-0.509703089238109,-0.556758163951615
-0.567258884,-0.284392120796563,-0.32875854428237,-0.558280433810374,-0.605626206390844
-0.837654283,-0.416504868030683,-0.63202404717203,-0.53281872449221,-0.551577501419098
-0.570317547,-0.342555548637132,-0.556577697589215,-0.63352064246943,-0.643079813312901
-0.509581077,-0.349294701001136,-0.477617545836935,-0.536498747220903,-0.499471854315416
-0.407816057,-0.257473628845221,-0.170087896340846,-0.452729166072502,-0.423417826103806
-0.351511249,-0.273647745691969,-0.304248869757933,-0.440136112555946,-0.293609705400064
-0.106022421,-0.189460836102112,-0.101046196986331,-0.432271375170415,-0.420948340244829
-0.49061981,-0.258594597558662,-0.443962414340606,-0.369998032236023,-0.279950951652531
-0.422152636,-0.134879282655119,-0.302328747975181,-0.331264848490869,-0.40806039626751
-0.456601991,-0.212480691334806,-0.390418274467524,-0.261079792376159,-0.176752617291548
0.119655113,-0.168400024879491,-0.00432971657427711,-0.415645160277755,-0.327990733356562
-0.159879881,-0.196618443350035,-0.228262401921441,-0.360784994067068,-0.210673581159892
-0.462780555,-0.311495299706146,-0.470751021885311,-0.345147214875969,-0.271944095683271
-0.374837457,-0.24165209738429,-0.430578505204947,-0.384741099843032,-0.52139154672494
-0.648893568,-0.441379232403249,-0.412206271422737,-0.425216542753536,-0.45098804391183
-0.521214022,-0.384172191957064,-0.494965466078002,-0.521664426553161,-0.565653374864351
-0.506448731,-0.375798228610858,-0.478580588464153,-0.515203454433755,-0.575097800501939
-0.658761452,-0.388210283985413,-0.612387644359606,-0.504988515181546,-0.441594760119333
-0.377970774,-0.463468294246994,-0.456550735692339,-0.539206329563864,-0.490444580491887
-0.216267966,-0.459304250028656,-0.235633864522552,-1.12152492314106,-0.743466742911607
-0.671771939,-0.266613162544323,-0.503423515231091,-1.04920298864033,-1.78701743444976
-3.66121023,-0.787632298510488,-0.723579267409817,-1.52660015718387,-1.02227050027769
-0.700979947,-1.11344758363426,-0.934789108932828,-2.23727920201879,-4.40411403823779
-6.49277741,-1.33598635899273,-0.814153609412492,-1.22907660739253,-0.823405023286833
-0.581409803,-1.08616467857071,-1.66038304720823,-2.36045620616865,-3.09458550204048
-0.517117874,-0.0762752609677416,-0.499394359031398,-0.976492607031798,-0.902888664788427
-0.473995322,-0.0566916564985714,-0.414419176842595,-0.782360066607117,-0.509315296214442
-0.314841739,-0.381663228450838,-0.420683614920564,-0.619961431540961,-0.614595172797345
-0.738546508,-0.459445800929003,-0.556354645609726,-0.528228874666054,-0.51289689961614
-0.696628495,-0.468610021024153,-0.556582534323495,-0.593869841602636,-0.643434686521669
-0.587574046,-0.390923423385752,-0.520895707662765,-0.636625256394535,-0.709191733607217
-0.752354947,-0.514454269944031,-0.562938310693647,-0.651055473191434,-0.584803708470131
-0.559724411,-0.4166353892779,-0.554247710410278,-0.632422359308741,-0.666015250923954
-0.627195209,-0.484054270978767,-0.558553181947275,-0.595486461936967,-0.52219970923708
-0.461936567,-0.424125002596247,-0.434800636804219,-0.593417942391597,-0.532017916944053
-0.433074394,-0.332894731254094,-0.412400833157243,-0.517346905315295,-0.493082267190502
-0.508002531,-0.478114263404804,-0.473535389404911,-0.544743507663724,-0.449039945107164
-0.423016716,-0.417029860390366,-0.44485036657838,-0.523092027525534,-0.574162645029261
-0.658468177,-0.526279662779739,-0.606753147175535,-0.593318612814616,-0.519451383712893
-0.551579098,-0.39610837099163,-0.51317693605788,-0.567565175247875,-0.765036088105397
-1.041009221,-0.430493201710878,-0.734867013576302,-0.511673574928858,-0.34907828723071
-0.052828924,-0.0755386578001163,-0.0086308256124924,-0.703497592248908,-0.787065071874482
-0.602244274,-0.198639039243084,-0.401281992658314,-0.555112803412234,-0.404903079959441
-0.70361838,-0.203499006287888,-0.507674399468722,-0.395622237839257,-0.341738583096647
-0.085389885,-0.0777811061510022,-0.0381053044341012,-0.522985944357496,-0.574496072340552
-0.419123229,-0.387340251584088,-0.3381759157404,-0.498358452005118,-0.465855972579962
-0.805658223,-0.519938910755147,-0.309793746281429,-0.464267442301082,-0.432656701407396
-0.468605616,-0.231961979887814,-0.384173232947027,-0.475927195255643,-0.653243729245525
-0.545680491,-0.468233279826848,-0.378121224720799,-0.585771935733889,-0.589671123942862
-0.709609884,-0.36667567988859,-0.579703063859702,-0.511270337411053,-0.491907368976116
-0.470530725,-0.29796891977265,-0.401943462571803,-0.57091463807339,-0.487478378030772
-0.205560179,-0.367046152727109,-0.262526542442928,-0.62607966437071,-0.637976631860124
-0.78437739,-0.425410428631808,-0.613314013150828,-0.601800210600304,-0.480475586335648
-0.721417299,-0.434313189552389,-0.59016596092597,-0.602100019689639,-0.67768527819178
-0.665228142,-0.512571617588458,-0.604590213483032,-0.620769648248637,-0.644944076062567
-0.573163531,-0.539485630510037,-0.46952759113341,-0.664018107405733,-0.616141038782463
-0.545231166,-0.484761177870188,-0.496483515144914,-0.676026844744378,-0.612607796505807
-0.636391848,-0.523315849743521,-0.577009219520665,-0.585960546248122,-0.596110616591988
-0.681030499,-0.469792095357983,-0.5801442516783,-0.571421494620388,-0.517295223197061
-0.372234301,-0.360788016751477,-0.390534144657695,-0.586899682255751,-0.651325438077398
-0.677354383,-0.469699143687672,-0.630393259211236,-0.501127373502062,-0.390149788116148
-0.35931872,-0.403896190443897,-0.389375458193205,-0.502892902019573,-0.511318930423824
-0.360854991,-0.334700734318191,-0.310304440640736,-0.497769357341192,-0.459231130659549
-0.493278989,-0.348676501461056,-0.425722927347552,-0.513403082958699,-0.510123771415182
-0.69065683,-0.394950329482755,-0.586062949880179,-0.443817099442011,-0.45815109658647
-0.424822728,-0.372775681423167,-0.357550940405308,-0.575364977289678,-0.598761352199824
-0.503802799,-0.485919464632415,-0.485816646081909,-0.566460220638824,-0.600075714752421
-0.805181614,-0.43989521156046,-0.576103092239569,-0.527686618053427,-0.434979170762503
-0.340650955,-0.157351724914242,-0.079681121699308,-0.554770471646113,-0.656893421125517
-0.582448863,-0.435179996269882,-0.521422639763305,-0.483154462943328,-0.400699426874565
-0.413385523,-0.296140291994794,-0.405374653045593,-0.545125960936586,-0.433274182634236
-0.269206071,-0.305750634439007,-0.26777212766173,-0.519549678043931,-0.491204129800971
-0.515882947,-0.358919635725213,-0.454039526102881,-0.544329745815497,-0.511079527601322
-0.726993003,-0.429983731776673,-0.623412018431565,-0.523354012634505,-0.608579261060323
-0.742720345,-0.55238939930054,-0.656174288170509,-0.547365786614335,-0.689406724385204
-0.711543349,-0.558753227712986,-0.612853751886913,-0.709689368560353,-0.646167114175464
-0.497887158,-0.413603423071345,-0.436463072233974,-0.743230927869052,-0.805061870186592
-0.950674103,-0.530091739564919,-0.753801175530114,-0.67471153034982,-0.555167948143047
-0.545933475,-0.386730677301103,-0.512090750793749,-0.682862489846015,-0.82988177903107
-0.846519232,-0.516193401611746,-0.75282311184902,-0.619063958840579,-0.473672740448887
-0.305120497,-0.386174930842922,-0.382146690882593,-0.752627966360442,-0.707304750393636
-0.57808567,-0.392962145232492,-0.529590319547212,-0.60272949064801,-0.570738855073392
-0.802141698,-0.415817663772193,-0.551331282275108,-0.5030939567289,-0.537401217549256
-0.536579471,-0.358931038952183,-0.464354188798841,-0.525511597287377,-0.616158105251693
-0.459174515,-0.433833618553424,-0.414206712094467,-0.592328592724989,-0.545093543522529
-0.494632032,-0.434929976605743,-0.418585122589056,-0.624097942768819,-0.568109239977718
-0.67374164,-0.512197647271887,-0.547338632384145,-0.552437808101953,-0.538120340697369
-0.581636714,-0.452033043744985,-0.514619491406548,-0.491738942914094,-0.623307138420803
-0.649901403,-0.473065322634694,-0.576881182813735,-0.530640798886924,-0.454823553468335
-0.268921636,-0.31011490681264,-0.236440342904389,-0.633986666497867,-0.619702657720417
-0.579646995,-0.494463980572353,-0.539143246669236,-0.588631112053601,-0.514306878337242
-0.709642989,-0.50063438916226,-0.625383536766753,-0.592593311281584,-0.606263222033168
-0.655800586,-0.451326337305115,-0.525320469502131,-0.608305792213562,-0.721135719687864
-0.778830956,-0.627558593830143,-0.599295554050795,-0.622033440011354,-0.649532612429771
-0.647360034,-0.605777539453129,-0.502057074400862,-0.684255064961532,-0.676227798072633
-0.597264796,-0.552125724165148,-0.523636813122271,-0.667210150937071,-0.61137024434634
-0.54251357,-0.391218330723947,-0.499798089912299,-0.660017198640021,-0.62754693301146
-0.647961485,-0.543003668885736,-0.487670648175095,-0.632502055737073,-0.599400271687304
-0.646082905,-0.531400842391332,-0.539986687686039,-0.610385704125085,-0.641500228109666
-0.674466582,-0.508695748364386,-0.556039335646685,-0.581332184125497,-0.575715576205123
-0.51223649,-0.475236735425505,-0.383464210127076,-0.636125196793922,-0.574409963773232
-0.445615071,-0.450639029754751,-0.42655851788901,-0.656924592447647,-0.601675572216461
-0.661479186,-0.461526895774079,-0.497497139798474,-0.599729891072983,-0.580273670500685
-0.751983983,-0.477230008436937,-0.5945304703747,-0.549306891339058,-0.522918675320044
-0.384913195,-0.398093668150984,-0.304905840496331,-0.610055010827061,-0.658779469139865
-0.598621387,-0.399460173960861,-0.561996203850907,-0.610562081304813,-0.46827693889142
-0.468515139,-0.396180230692369,-0.467014462571325,-0.63426303159791,-0.624232096182807
-0.672289854,-0.410553731292997,-0.561412120056521,-0.578509575533886,-0.584207742722964
-0.664308243,-0.47007622013986,-0.454146586360558,-0.738784001088537,-0.719889657435887
-0.754496827,-0.467793036515561,-0.583618984380023,-0.775169017313501,-0.845000603697157
-1.056982434,-0.415602431687975,-0.778839124214606,-0.727969121701636,-0.804491606966537
-0.897168737,-0.488252418083986,-0.756686667367864,-0.768918002400351,-0.85756820613774
-0.726003492,-0.382798080056783,-0.631665215844236,-0.773078904258155,-0.751986170227902
-0.657303117,-0.273792625552348,-0.561334936587979,-0.786807237272874,-0.481148547941664
-0.13035161,-0.305838026146467,0.069723137226351,-0.719279123833206,-0.6602690822785
-0.64255009,-0.483138131491919,-0.525707877420887,-0.641957165460489,-0.447540926644216
-0.679074964,-0.482413894431953,-0.535565643795609,-0.612470304803626,-0.643365393805123
-0.721146738,-0.410700745009365,-0.670625008501789,-0.557758515419321,-0.65152745685444
-0.666548033,-0.550911649369548,-0.654980320917749,-0.622721600657264,-0.598251386286201
-0.455079036,-0.426590939125584,-0.409760667405391,-0.663500135991721,-0.660525985722898
-0.656028188,-0.527115992487684,-0.519902419990452,-0.616094092658632,-0.543845044649662
-0.606520211,-0.558999808342399,-0.514877629677043,-0.568643122532289,-0.596346280059645
-0.583731067,-0.483576014471492,-0.471920440431681,-0.582449432179449,-0.524119981757291
-0.405550453,-0.369329141895409,-0.375641769430132,-0.617666287773239,-0.605080235237508
-0.628228349,-0.521074181291867,-0.54166961530568,-0.561547831276,-0.511373456572038
-0.610347458,-0.520185446246211,-0.506398914598768,-0.538503555163256,-0.536444447700825
-0.469023569,-0.386184612261961,-0.477801205781287,-0.507325132772288,-0.555314513252881
-0.49572982,-0.512045321527486,-0.495665438068026,-0.584696500297526,-0.513795353082294
-0.514441965,-0.42337777878295,-0.478036334738782,-0.550179596476404,-0.58191406236921
-0.687090355,-0.483057828869193,-0.47495550036864,-0.553024103305213,-0.53891385348098
-0.544153646,-0.425350125601025,-0.523318013033191,-0.624751239649244,-0.676408267413301
-0.68594063,-0.47964436294955,-0.592063906752543,-0.600362722749157,-0.644108163708324
-0.788824318,-0.528315619751175,-0.412347973551494,-0.626773658488086,-0.520514327952795
-0.305150157,-0.40028546491065,-0.328728785168306,-0.730771515212895,-0.766491522004505
-0.752008278,-0.320528259668389,-0.63856995447326,-0.685541463567563,-0.597969908683242
-0.90332532,-0.285205761772622,-0.674231778165404,-0.591998786439949,-0.524872849866652
-0.3261392,-0.324752868990818,-0.404066208345537,-0.610153258874091,-0.693012893832521
-0.512076206,-0.431801445041761,-0.496257486007739,-0.599577599618528,-0.465967396723158
-0.515177515,-0.402691569401349,-0.486510791581114,-0.599670274220878,-0.53498165363919
-0.558442682,-0.427287693458485,-0.38570902050434,-0.497918331942087,-0.585715268176758
-0.700075616,-0.416279632448238,-0.462515178016213,-0.492180619946894,-0.489048425191642
-0.419200152,-0.34245424996543,-0.426039059790467,-0.558564978271796,-0.573121202764197
-0.420325361,-0.324248154095128,-0.356852337031952,-0.6597614754053,-0.599639396602624
-0.722431707,-0.441746464782387,-0.66349858034228,-0.602730611939324,-0.637015971583938
-0.871599337,-0.559999539889821,-0.610368649423159,-0.572963942507458,-0.696230077885666
-0.731705732,-0.463361137439821,-0.603051436471182,-0.628636789555715,-0.729666161108033
-0.63325884,-0.334342882686701,-0.567335889176781,-0.670507648494819,-0.635754661290634
-0.518386779,-0.384567482548406,-0.480010020388233,-0.612193981545153,-0.60043817576861
-0.575952466,-0.410506517773061,-0.516751083860422,-0.523843766743576,-0.471699935042697
-0.402838794,-0.323922629297883,-0.221657368468205,-0.510099057603107,-0.494376444395251
-0.405304974,-0.260340926115945,-0.210409399804524,-0.522274766569447,-0.46051070608252
-0.468416997,-0.42609649902577,-0.428459661728094,-0.518937244998052,-0.520849323856533
-0.658148206,-0.417139625628663,-0.571950659012944,-0.439806281461381,-0.47499426947848
-0.506435376,-0.449319520991321,-0.485103245814675,-0.484899975351859,-0.514416868136736
-0.38660922,-0.401984222155706,-0.424144815452881,-0.531404087672545,-0.501919155097335
-0.455208104,-0.431300311673424,-0.363981182920691,-0.528230371911337,-0.51098734043365
-0.644629861,-0.376036852245832,-0.521467106518168,-0.454783832269856,-0.446243904410201
-0.437035019,-0.379833015752753,-0.347158052821639,-0.472692604484157,-0.550769891116894
-0.493514523,-0.385637507039592,-0.430730890396509,-0.491081355582085,-0.454911365866649
-0.446919097,-0.259504172393079,-0.384761349323612,-0.402738265482002,-0.465130192809009
-0.52415987,-0.170721791395493,-0.375036268199095,-0.318354921210644,-0.212203816366136
0.066492452,-0.224207722670868,-0.136343575517265,-0.476709511501394,-0.349238372080517
-0.11255778,-0.119853284359487,0.00290081376106235,-0.373373575807576,-0.307911731751537
-0.668944357,-0.237079857439974,-0.4624861726558,-0.216457353944922,-0.13850535140249
-0.115831729,-0.144168674023777,-0.161666197615707,-0.402531538763739,-0.557803010035599
-0.486218517,-0.277313095254274,-0.411493118810581,-0.516079306495392,-0.489124958483766
-0.839826313,-0.593924830402471,-0.707220060706081,-0.48123885952967,-0.48198541624981
-0.544514193,-0.316601107387156,-0.42397799040851,-0.373278614541742,-0.589846292967158
-0.466488653,-0.216027393613904,-0.399239804340293,-0.377275324592252,-0.30026503686675
-0.063873024,-0.0869283699084737,-0.118056769426961,-0.445490794758505,-0.129612492420306
0.329924884,0.287166279615997,0.41382807500772,-0.345356713232135,-0.250660091988163
-0.385837643,-0.181095824908345,-0.403719787370589,-0.30904723310781,-0.0244211520959803
-0.276081123,-0.117090395008594,-0.280356557576286,-0.234761473268906,-0.396490189408493
-0.587189916,-0.0438681442020879,-0.346798449623056,-0.184020604186485,-0.156062177683181
-0.082087336,-0.0959679437111453,0.233709838829236,-0.232803434498388,-0.151829547433621
0.342553809,0.000406170875764084,0.308990472440467,-0.28410697023277,-0.255650160875965
-0.378770842,-0.144534115093188,-0.311845874227573,-0.233007724719715,0.00607696996291587
-0.271069659,-0.11825836983209,-0.242524352001429,-0.307875710209087,-0.227483911630727
-0.099910579,-0.144512526651125,-0.14653915208036,-0.376791633759777,-0.430965828211002
-0.629159723,-0.285851548808057,-0.539623044546027,-0.323646099460473,-0.244424925502888
-0.333022114,-0.186933007770788,-0.277145711402405,-0.429920863017875,-0.543451554160705
-0.529135997,-0.214126239909814,-0.366874030025027,-0.420530220789919,-0.461123063663983
-0.584651631,-0.338783291965493,-0.442529708391097,-0.448011440713669,-0.449321937812935
-0.42727083,-0.272036248811699,-0.338723463607459,-0.363289364726272,-0.388814668086465
-0.208938442,-0.129015498962522,-0.193016623833577,-0.380132865943374,-0.31576359255578
-0.216540693,-0.114564768587334,-0.266042857036307,-0.268075170560794,-0.116995009573509
0.023341285,0.0125932553102344,-0.193963068989076,-0.19237724494977,-0.140057635260104
-0.045403598,0.0321196782469129,0.0953939300099939,-0.165511859835614,-0.0757325814923361
-0.102606286,-0.0872258407445799,-0.102733444378904,-0.171604245419632,-0.190387053015503
-0.38077172,-0.0544807007648444,-0.369247361233714,-0.0641556416478039,-0.101808964972654
-0.119142497,0.0216788226616046,-0.208708529334199,-0.137265663812977,-0.1990854842375
-0.043879947,-0.313159729015621,-0.20658333393938,-0.225603579214656,-0.153402111428844
-0.100701087,-0.121736442066849,-0.394554523902603,-0.265056276647108,-0.261100615630581
-0.531783412,-0.0966438908626366,-0.389425552714961,-0.110370632505271,-0.080934039124925
-0.037601414,-0.173972041984898,-0.168849536819304,-0.216097290586072,-0.35081880654151
-0.21457634,-0.240599844310239,-0.282012940742157,-0.269895597997329,-0.227677206720403
-0.338947902,-0.213285779129384,-0.319888842630555,-0.323799529586661,-0.316722114024256
-0.442921929,-0.24742987788038,-0.387887774369307,-0.269674560588064,-0.35643808094333
-0.412214719,-0.38351511441742,-0.471802412923329,-0.31218610501368,-0.361038662341476
-0.290555019,-0.242359478234171,-0.410462541453141,-0.350437422475087,-0.376798350642489
-0.366691145,-0.23079341030944,-0.162029336798258,-0.263312667031349,-0.247576530541478
-0.195449172,-0.117441629368379,-0.122386904387852,-0.226646089637877,-0.245463478911378
-0.157734502,-0.146404567569735,-0.147021333637361,-0.21673634718578,-0.10588580177694
0.076300902,-0.144076391380206,0.0484357569822474,-0.285003096582662,-0.272958734467482
-0.384061026,-0.252414176120272,-0.322964744603362,-0.167174924018342,-0.154872876966712
-0.384089435,-0.230781654908256,-0.627818186701802,-0.161350203576153,-0.237164966831892
-0.147246935,-0.110941375308774,-0.0965583031580222,-0.243482370823323,-0.282915448041024
-0.140514626,-0.197113286208166,-0.153206769173869,-0.361810208745657,-0.330162170414669
-0.500947949,-0.249591316318257,-0.455050765311925,-0.200111876052808,-0.250570454716719
-0.412420284,-0.20606155257063,-0.3635101681842,-0.190658487653154,-0.237029698650637
0.009345734,-0.109597620366567,-0.13255911929947,-0.302879180720401,-0.322713586592115
-0.227170847,-0.217233855400557,-0.18621681310481,-0.289166262836102,-0.142731406582642
-0.200885717,-0.197881176293582,-0.165476393633708,-0.247185277472873,-0.300733876891781
-0.441985273,-0.172954644765617,-0.375770372170767,-0.134149040375675,-0.182020465764447
-0.205694257,-0.0652535013740921,-0.0263414218434778,-0.270722340588154,-0.163827945035225
0.177038326,-0.138526072941844,-0.0276648091532408,-0.332887948852938,-0.359133211852046
-0.516658808,-0.203940957631343,-0.17398573560221,-0.228570330947455,-0.0870193840571403
-0.28708581,-0.196049396836625,-0.339492991351423,-0.343941096143319,-0.361358418191267
-0.241168991,-0.176985541997625,-0.191020082673587,-0.502641404076479,-0.473116676737362
-0.607711086,-0.305859784002302,-0.520355658748047,-0.427037879130961,-0.533398758319159
-0.952493282,-0.430415987567769,-0.810645554141572,-0.29141370660763,-0.297320458986707
-0.065471491,-0.119908790411857,0.11176254105149,-0.492720118220047,-0.395671868404724
0.22076488,0.0115186937904143,0.284810882871764,-0.516507837348894,-0.382093083752652
-0.590277033,-0.316372441150112,-0.53770538905746,-0.413611777502573,-0.163123081897772
-0.510224664,-0.267856812606514,-0.418228748485391,-0.372632096193884,-0.411619611485238
-0.3248646,-0.251145395549552,-0.333683166138593,-0.41954388619414,-0.483289033010549
-0.517661323,-0.268178782048087,-0.435992006849548,-0.335552282081855,-0.246601163180702
-0.254262966,-0.125461769383472,-0.187836761139917,-0.280513408864068,0.00298323831288488
0.65197139,0.393023411400884,0.26243438316742,-0.0809577560145156,-0.329776103516744
-0.49609148,-0.247998120228867,-0.542013225996941,-0.246770659578734,0.429328729364999
0.481149625,0.295633244767383,0.214239072505594,-0.106788779515885,-0.376218714550534
-0.436418879,-0.15233703044283,-0.399104605818253,-0.110752568166831,0.0573920632439207
-0.277094141,-0.212355958000473,-0.31636288352745,-0.278927040237936,-0.181761407418163
0.061744083,-0.0214162874845432,-0.0673776329734411,-0.250379622054702,-0.470543958943155
-0.754316457,-0.303095507527678,-0.602447806111008,-0.153935505661507,-0.0509635669406017
-0.168788472,-0.0753807475196042,-0.0700273754017217,-0.158974587889874,-0.214441443766161
0.235354871,-0.0580743156792954,0.63051889625203,-0.270165823813687,-0.0840738826765053
0.201858558,0.0664701476404233,-0.113323311426811,-0.512095915040574,-0.252234521104632
-0.681197269,-0.0933436148422108,-0.473740012691734,0.000615596667722929,-0.200473291987844
-0.782173494,0.0484366299954635,-0.68015036896384,-0.150189440956688,-0.0491430133883493
0.636299254,0.124524677430066,0.234175162608132,-0.477470824847511,-0.672248676386312
-0.65308433,-0.0771535756042954,-0.476668163112739,-0.29950806251752,0.0739996312211363
-0.335388149,-0.32848495018586,-0.294808458481912,-0.185454431247299,-0.231128401129332
0.077840509,-0.167989033094519,0.446011460054883,-0.223678635335008,-0.304516701158317
-0.1982961,-0.165775750116856,-0.184999593518633,-0.495699028704165,-0.266203064966109
-0.451739204,-0.296445894923771,-0.480006059624993,-0.380208433990971,-0.619523444799836
-1.273679644,-0.100940146256712,-0.932640313869472,-0.0826330562405765,-0.170167404683003
0.023046774,0.120687712990689,0.223187949753852,-0.218861468491587,-0.40816901826878
0.39559815,0.0797031907462493,0.154075559682654,-0.526852912677101,-0.104505404543263
0.070008722,0.104096948802319,-0.00363101812701696,-0.393555859600989,-0.231753442347923
-0.904392274,-0.097232029114888,-0.845630660858915,0.128186030843065,0.0259290115159945
-0.154253409,-0.134075218412305,-0.660447341597055,0.0286632160014404,-0.121788729241902
0.502673893,0.341652466502691,0.472675110824321,0.00942427123558176,0.151212457859407
0.685524596,0.148036774227084,0.504251884001257,-0.109016179224554,0.0740736249261878
-0.250267757,-0.0485320881746272,-0.293824382038523,-0.0733710859200921,0.221141618367818
-0.122773072,-0.0549015482484805,-0.188356271088633,0.0461280384984753,-0.373965436296598
-0.869390716,-0.388239489223858,-0.798390897217875,0.0522624966752385,0.298080158019113
0.927206697,0.15495268910895,0.303625048859555,-0.464112244574441,-0.612829548534005
-0.454860666,-0.304672818479133,-0.414105970485946,-0.268088468678791,0.0648697933843647
-0.572258544,-0.143099963783678,-0.456151713748703,-0.216803251246842,-0.337309804676959
-0.53145075,0.00133965964002708,-0.534845721440376,-0.0218994279292862,-0.0558599288945389
0.54159554,0.381850900195595,0.352052527412845,-0.433424313383995,-0.408453291354963
-0.283652331,-0.131551797017936,-0.24793641263883,-0.297021052729164,0.0415294015797334
-0.330445239,-0.159628471927003,-0.300767516467555,-0.210802901606153,-0.148167548611228
-0.037531787,-0.0432672424686386,-0.0395362533659497,-0.29394341317518,-0.422272948755763
-0.571472386,-0.393720043209844,-0.527125138159472,-0.279380601167888,-0.206702346410215
-0.329051869,-0.270140759053227,-0.338215213082809,-0.369158001042364,-0.433996920684556
-0.363159359,-0.398058947768451,-0.263606403356635,-0.391098846366233,-0.383228401253445
-0.372917782,-0.191846811143056,-0.506366495607913,-0.491237125371849,-0.499243375658383
-0.706307133,-0.347845264545746,-0.589126181587905,-0.349546173718107,-0.290897349291361
-0.196360464,-0.157671234430603,-0.290717830914653,-0.514499323610643,-0.656093204333874
