630
-0.704645142,-0.409337137135746,-0.567900416919494,-1.10023578683685,-1.413139859483
-1.589091873,-0.830155044304598,-0.597335024738836,-0.518316905636725,-0.548099589317893
-0.383433888,-0.645363349378893,-1.24417559449881,-1.15127380746808,-1.02890887912241
-0.407510612,0.124666609451421,-0.426360955924146,-0.847019560839626,-1.09820884673146
-1.900986276,-0.263915815235181,-0.123515942882627,-0.376021846909726,-0.329969039848345
-0.393996389,0.0562987334219167,-0.432232934190783,-0.218499441734532,-0.497284362577815
0.857049874,0.17198808907367,0.697755112560689,-0.411402469393487,-0.436837503714211
-0.424199943,0.103744354326453,-0.174224329329248,-0.192859790159343,0.566276917217226
0.639610797,0.115819452282474,0.7660702946841,-0.0559007847718557,-0.304788162599981
-0.372496623,0.0485419775462505,-0.117812899081959,-0.00219606025900781,0.156788651609135
-0.169693896,-0.28443141007443,-0.214328149183221,-0.317230388744181,-0.274536726350915
-0.297869952,0.00436729383487489,0.0158139238583983,-0.14023777309676,-0.27328533358782
-0.407994225,0.0134336645986886,-0.414571469522335,-0.406389377862763,-0.204581556759275
0.12862025,0.0825017442601705,0.403580243625833,-0.467513836044357,-0.988417467026442
-1.907536098,-0.571010399168698,-0.445150860364579,-0.0162648280101395,0.137221684996831
0.197075238,-0.0838994656200005,-0.302310645307803,-0.119698754241936,-0.620439451929354
0.30632284,-0.00181164614750683,0.0478253849689398,-0.178568470530758,0.337911234685245
0.931540788,0.602964152765089,0.419877798677518,-0.300044514756894,-0.0138056790972899
-0.289874425,-0.169725411513628,-0.0936279185054137,0.199374867106998,0.313151406794391
-0.22265662,-0.0109358216483618,-0.170584180321253,-0.00606600803908994,-0.106722856212601
-0.025371614,-0.112591007358325,-0.0258546947451804,-0.210269511098549,-0.336631865167048
-0.494501845,-0.202106550722762,-0.25504064612674,-0.205261525231541,-0.177970906774847
-0.317769457,-0.0601959714089243,-0.170875047076098,-0.210995111285995,-0.324545453140691
-0.234220776,-0.0712472014953602,-0.173660680798615,-0.255543791651716,-0.23922400977035
-0.108111046,-0.378745334038576,-0.306049824646911,-0.390609808990823,-0.298320719696009
-0.332278092,-0.231862141838355,-0.242903121143124,-0.253046223598909,-0.281059017379599
-0.540265857,-0.102601167251116,-0.476918284364081,0.0580174184009736,-0.0628370763047243
-0.033955056,-0.0839705324975832,-0.315391477166206,-0.0726997350668077,0.431392352891614
1.579991495,0.243950914029283,0.936535125257193,-0.0949384451855986,0.0284585002584382
0.163004275,-0.0991985971234724,-0.214381509582098,0.147550430687821,0.740073669851767
0.137904683,0.371374409987524,0.285667337666703,0.626493336111148,0.287223383247502
0.138509342,0.00289659106828909,-0.293530412607829,0.475371870175051,0.480773153824589
0.874519042,0.273414371082829,0.567809320499141,0.260945325908245,0.2390614315775
0.301814263,-0.0205549642758265,-0.295279027068271,0.383946328271679,0.644511241902578
0.543420725,0.336155313530287,0.368767813118291,0.436116389178962,0.393137747175942
0.412728148,0.401403731866227,0.535500836491903,0.453161621651965,0.473039494763949
-0.614844146,-0.373366018383036,-0.472696740831248,-0.553673209919223,-0.449845442590901
-0.3075643,-0.445020959620439,-0.29022457819276,-0.549052355513082,-0.52554577874414
-0.41843116,-0.348379733745894,-0.296918408079393,-0.533806688647335,-0.46642512584743
-0.584011404,-0.39485128365661,-0.485767280160746,-0.481147786020987,-0.483518874272114
-0.600363017,-0.310188092968501,-0.517105521068636,-0.417941810502136,-0.439409216612371
-0.368847895,-0.27776959276005,-0.182249480956079,-0.426070917168941,-0.322308897104558
0.007015514,-0.157141282521869,-0.0539765811875438,-0.512345834049092,-0.39019934953918
-0.336447836,-0.309462588227444,-0.283767049998822,-0.489296305991707,-0.333438073343044
-0.628298072,-0.294712589045956,-0.55469380359561,-0.337300867477136,-0.408338578825229
-0.550169725,-0.243172987954611,-0.37735713442441,-0.419690934991725,-0.472095604712925
-0.281229868,-0.247315471305107,-0.284269789637573,-0.640401018514097,-0.700449355595005
-0.820477968,-0.190981094290582,-0.484139162337835,-0.49780734970679,-0.658127021741357
-1.140882402,-0.860347069241733,-1.32635244322198,-0.450785371746859,-0.45384588701028
-0.082549103,-0.206559083182184,-0.0162318269399335,-0.653903842606937,-0.84675292514211
-0.637275966,-0.192161079457493,-0.515815813757321,-0.574199936061088,-0.34985672811771
-0.44429332,-0.204720717279526,-0.395727377988289,-0.60608112334536,-0.587226742879997
-0.572083234,-0.26946813137093,-0.613351312997463,-0.538226641226542,-0.604187174922809
-0.773541728,-0.386845756421947,-0.449758166593364,-0.41269849368136,-0.566998337437313
-0.690016774,-0.255335277872243,-0.559768958253485,-0.38872009893638,-0.342375261685521
0.156843678,-0.223653178450754,-0.199553617566958,-0.581169991695083,-0.606274959369303
-0.503437404,-0.252317977406532,-0.43118965219745,-0.365160853298554,-0.275460493427091
-0.566223724,-0.245413559154255,-0.46694135670702,-0.459343154806404,-0.539712601383589
-0.714549635,-0.325104743188102,-0.553670361478202,-0.304087978224729,-0.433781287782851
-0.317423298,-0.370042521471601,-0.268826217972048,-0.5200370980488,-0.520843290379137
-0.314744093,-0.314448921420158,-0.28527116536395,-0.620327436081901,-0.470178463115133
-0.520361501,-0.273147111586111,-0.402162837946126,-0.493529180745725,-0.578109380817087
-0.944053867,-0.248914185569043,-0.616810380970685,-0.313329773120398,-0.346136887269224
-0.245640724,-0.329331863532298,-0.468964168415257,-0.461949642508464,-0.413546308093247
0.155090151,-0.143947373968517,0.135793538249372,-0.543443204934322,-0.446265107217043
-0.552517685,-0.0749589205896376,-0.254709083610499,-0.44310917552912,-0.23522405269564
-0.549240402,-0.160173234609112,-0.477370999727978,-0.385496405818528,-0.510162707895322
-0.596459617,-0.260954013443391,-0.562271394431447,-0.377132589186138,-0.453777408690595
-0.384997663,-0.379989040148361,-0.38991722078676,-0.403583263190456,-0.443051130649736
-0.30115722,-0.342408632690723,-0.360141804676845,-0.417802946483345,-0.350283025764232
-0.247711259,-0.327565564477153,-0.288515453425828,-0.473077624574189,-0.408012796580536
-0.47341271,-0.301573968160154,-0.38556307833531,-0.397765205597987,-0.446809279438376
-0.696221678,-0.1653682997682,-0.471084122812982,-0.309680078299772,-0.365698854290494
-0.395834504,-0.251729456862837,-0.48195997997749,-0.332652273682297,-0.17496767532877
0.39915989,-0.000231487691286832,0.318508399559596,-0.414403132364831,-0.32198432463239
-0.180789405,-0.248112482691125,-0.158046047277669,-0.398892216540113,-0.0468968598527502
-0.339364779,-0.10981392822471,-0.285496426518617,-0.24673034188108,-0.320937082764718
-0.557335965,-0.276250025088451,-0.371727035122878,-0.21452184930203,-0.33786181625341
-0.32345591,-0.226899139730005,-0.304506901208883,-0.483365394504863,-0.577989514650884
-0.629672706,-0.391115050678361,-0.495371037296573,-0.460428236478853,-0.51385845983368
-0.72227367,-0.435817725535481,-0.791725112810434,-0.460337731779831,-0.497161951421757
-0.430540206,-0.262283222591213,-0.0271157275799124,-0.512068258174759,-0.484941764454633
-0.211494108,-0.293202486652062,-0.112124901892284,-0.596748140718435,-0.528575830137559
-0.584062544,-0.321827932095102,-0.526275719775014,-0.556287513340515,-0.423196319819098
-0.59710294,-0.41756833856689,-0.536903544025676,-0.52381763561506,-0.561736672949294
-0.622244724,-0.312381188614302,-0.484175442826283,-0.424718814795107,-0.495484260517174
-0.512138712,-0.304539683764765,-0.545648491332666,-0.469775506419795,-0.201868055776143
0.328445042,0.0871348374480808,0.4409816843368,-0.541393849065392,-0.483698481100228
-0.416735591,-0.234951968574618,-0.2385692655484,-0.340809973119063,-0.184329559066093
-0.633518492,-0.232061772986214,-0.411741007734198,-0.300598141320661,-0.262662619416061
-0.158998136,-0.220964657511519,-0.0785083639504026,-0.324906978297024,-0.513509248050417
-0.411228277,-0.340253003983752,-0.255565641576271,-0.467449901334403,-0.412733912386516
-0.613160724,-0.351577841843719,-0.523558842876819,-0.414137351119387,-0.461779388452471
-0.604904614,-0.336312211599104,-0.606306481608543,-0.3674564758669,-0.377268632647441
-0.135109481,-0.370668253908012,-0.144752172814596,-0.453252229720075,-0.503907232788647
-0.423252451,-0.294619636801336,-0.352206465784885,-0.438571538542416,-0.259431460412908
-0.289948233,-0.329438078092055,-0.340219709368303,-0.460971771150513,-0.420159669907186
-0.418895907,-0.369941854503156,-0.407300488154381,-0.437331813945776,-0.464979377416896
-0.626198177,-0.46898967263889,-0.488161943000473,-0.497744912862702,-0.509708921162926
-0.596704792,-0.48055686721296,-0.498598193661402,-0.559152863841025,-0.664333842405882
-0.76044848,-0.552243742013964,-0.622283153214519,-0.563972970573192,-0.597141648386636
-0.614482284,-0.51376200771852,-0.552359931795878,-0.586803455242411,-0.620760693036704
-0.533626647,-0.455431876756315,-0.457008478930135,-0.599924842130107,-0.490080155367451
-0.29941876,-0.416617073360399,-0.325227543552791,-0.562573253584726,-0.584115073783539
-0.648922334,-0.417753687513388,-0.461465024825308,-0.465741934307858,-0.395487279698424
-0.447680371,-0.405694519573012,-0.357644859052945,-0.449448859456809,-0.546652099570685
-0.48815313,-0.382137006654079,-0.309818408170286,-0.474615642835339,-0.489649584487108
-0.521239627,-0.459206197016661,-0.386346122617927,-0.466606181842316,-0.46080552424896
-0.448494946,-0.381219604447819,-0.3779577606017,-0.417586083213222,-0.44070970649673
-0.366487882,-0.36871687422371,-0.348121270409571,-0.451732439109117,-0.409405842774829
-0.345385028,-0.310757200521126,-0.276964497884656,-0.42652978670821,-0.411956685067814
-0.466064232,-0.303163518796076,-0.336969896943042,-0.347887189971177,-0.333519153977856
-0.33002284,-0.327568383929523,-0.282192519147575,-0.363237768684502,-0.344141037850947
-0.221755762,-0.143316442426914,-0.22224888266535,-0.338769613981478,-0.343910443921544
-0.518198728,-0.206584781486076,-0.443617731542704,-0.265852222936457,0.214584711673676
0.857310833,0.171856463766578,0.592138580170962,-0.412538423111152,-0.434904802940931
-0.362368482,-0.107289042293557,-0.230657789539637,-0.0778980314546229,0.0443988303421854
-0.726016659,-0.209908077165234,-0.585188565012244,-0.170291781306192,0.057455280564318
0.461608692,0.125445714742874,0.768591180836797,-0.26264304768625,-0.551184295127802
-0.423526576,-0.224829073311943,-0.393201891515291,-0.521744969307307,-0.165146816309556
-0.549332942,-0.108729165749143,-0.465798891438599,-0.453974668750332,-0.686184756172282
-1.230898055,-0.0913476292972699,-0.729502939855792,-0.150194796115068,-0.291630824706005
-0.078964427,-0.129223225752465,0.165969764070507,-0.465903827434163,-0.567638260947676
0.051576162,-0.108755501063615,-0.220699319847999,-0.565323415837557,-0.303397944954607
-0.325816014,-0.273123157955183,-0.283782728511306,-0.456775317995233,-0.30992747093908
-0.668149919,-0.30875827092808,-0.557151331238651,-0.23921041541938,-0.339026482439183
-0.424120736,-0.243496015911868,-0.348552596284901,-0.381566418950513,-0.444309394977006
-0.237100846,-0.198816722995104,-0.128388517312405,-0.472115485663532,-0.485372169384157
-0.566981654,-0.256580536133206,-0.387546472771498,-0.356069421456353,-0.257833082709621
-0.271116113,-0.264995711023781,-0.127364646272877,-0.388604080841657,-0.314311032790879
-0.004261429,-0.2024816254184,0.00757283915811742,-0.520881027636404,-0.49656608499244
-0.672374119,-0.328695063929244,-0.531321917846938,-0.448398210933518,-0.400979671447652
-0.812311224,-0.377423381627184,-0.708803705808924,-0.492788560583619,-0.494768245179568
-0.333559817,-0.295355445831227,-0.342554141852136,-0.606211779351342,-0.81203524815999
-0.92730809,-0.626636671547633,-0.82086300662716,-0.555096451269603,-0.394994710430048
-0.353010845,-0.35435333309467,-0.226985080543845,-0.671282838688652,-0.723585831056168
-0.608463061,-0.342115318542228,-0.494383496554806,-0.516086440273841,-0.486005895740683
-0.538853981,-0.370044957490167,-0.5109766331626,-0.6446132784815,-0.579443707656284
-0.576863989,-0.331546727393679,-0.514924145652197,-0.563231522346701,-0.563401157733629
-0.574330035,-0.386615636829972,-0.52874444816427,-0.591652382314327,-0.597456603796898
-0.644270577,-0.384242762124445,-0.543875369256259,-0.454222791563704,-0.537441762505151
-0.556906235,-0.306059662877638,-0.549791584739472,-0.444170208393426,-0.408613791808087
-0.174160483,-0.299610526373023,-0.201929770241299,-0.507136563296618,-0.40249355707101
-0.188838086,-0.259404598967804,-0.127052857499377,-0.452849484639647,-0.370165670594586
-0.528740322,-0.31262232183734,-0.45037244978757,-0.312715206230112,-0.289869523032202
-0.381312179,-0.360586079081834,-0.485671705534334,-0.376756716414536,-0.439856551473196
-0.346145159,-0.334951590505405,-0.336996497637938,-0.413167928764653,-0.553685183304498
-0.762254224,-0.367494272826441,-0.533551139138409,-0.470338989742837,-0.388509229300591
-0.377240758,-0.373676811904143,-0.420552607465506,-0.471228851211459,-0.693007595400115
-0.747786113,-0.330422538542399,-0.502253310900884,-0.308145714994077,-0.377384353025653
-0.380534536,-0.0292634159331691,0.162279556070955,-0.381888522521053,-0.368086067919863
0.003758743,-0.209587379962107,-0.146665164511422,-0.34040798896582,-0.347184699792754
-0.29192883,-0.0182166448158611,-0.000552134825454287,-0.171516809559017,-0.089976792587044
-0.157395444,-0.0560986763920597,0.0206378197800519,-0.171557569857223,-0.0791087831204568
0.190301299,-0.196201126396358,-0.071995955783307,-0.264482203608709,-0.295327035552707
-0.40525299,-0.154626440671868,-0.320415386867428,-0.269185020144308,-0.178130807052438
-0.554729945,-0.154872136929945,-0.27929763296926,-0.207633419700352,-0.231061090240781
-0.094152648,-0.0957966758708441,0.210745383570853,-0.287430665664794,-0.453372004830861
-0.388223253,-0.232817197594636,-0.371709032793774,-0.406727277961683,-0.267248410701526
-0.355826399,-0.258511038840071,-0.145495493085642,-0.445957242397519,-0.423252637733316
-0.502374938,-0.226986316466973,-0.432773831907404,-0.278713905444305,-0.396917420988915
-0.615453643,-0.213412935572347,-0.391957495239227,-0.108187772545418,0.0426384944901446
0.427192791,0.138333635040973,0.311599161853579,0.0638294416804311,0.377525982754047
1.45042706,0.293939167608846,1.07485578947104,0.0745617323133602,0.527776993858337
0.932314096,-0.0849817838825698,-0.102595940043396,-0.0807023898615029,0.600795189952553
-0.006269339,0.116502758042257,-0.105076546835645,0.532935250787648,0.267968936926618
-0.616274536,-0.31280999650358,-1.08629320124033,0.358657525441681,0.324848038599099
0.690732287,0.0393600090476152,0.281214975138273,0.0141606395611369,-0.517140446290154
-0.550471847,-0.188667686887423,-0.595166808677194,-0.107926177238954,0.0430292046929434
-0.449067902,-0.30591802143936,-0.201538577472666,-0.246372525133986,-0.342121990854294
-0.247565032,-0.014025929464345,-0.213519199181644,-0.351389929876622,-0.495576894684119
-0.541734855,-0.140830644499879,-0.434575709502947,-0.405158656413245,-0.438927012341112
-0.694590809,-0.27381238151859,-0.684106133960762,-0.215821592392812,-0.287376436466808
-0.113483499,-0.0319575150348646,-0.0669257801909268,-0.389700820340183,-0.254107483504117
0.359754612,0.206704503939479,0.300845212151267,-0.537551260880024,-0.592429545425263
-1.05036526,-0.457156681147266,-0.698430635344551,-0.423776732471712,-0.180745283781515
-0.662865517,-0.296418081307774,-0.516887814165945,-0.44145944684297,-0.673462758909306
-0.505697925,-0.31132611158723,-0.488475839348934,-0.469422888863925,-0.564569404543276
-0.42991707,-0.28366567380689,-0.366670877608358,-0.532676756055706,-0.508587371345222
-0.588109035,-0.171303749708459,-0.351456420546593,-0.373425792590207,-0.16863367495674
-0.044695169,-0.0828341891252085,-0.0859428073798989,-0.401285916591745,0.204189457129664
1.273688598,0.389450999650529,1.03433442700587,-0.399670406577621,-0.420135337513569
-0.783971331,-0.760169524906913,-3.1083346503569,-0.0562205094976711,0.362424536355933
-0.355209939,-0.283626632758248,-0.419410969639015,0.260420995821865,-0.378287288782354
-0.446082017,-0.220613186481962,-0.449060032095237,0.108504468313424,0.242280622795544
1.101959625,0.0154770045403505,0.600605314216236,-0.452054773087841,-0.465434037435361
-0.555356126,-0.167145377345405,-1.29603986546021,0.056521111556242,0.359225200548456
-0.283564535,-0.0611834325256706,-0.248189387435982,0.0140337998315301,0.123160660100252
0.684770823,0.176491243723775,0.364884091048685,-0.0310286075376904,-0.127287236985262
0.074824275,-0.0873670898428099,-0.100130291029913,-0.10804562563257,0.182549929711406
-0.193635533,-0.390528390657776,-0.695260419574967,0.180795556561948,0.0434673516767869
-0.125499736,-0.0963748379914474,-0.634752175594282,0.0644235084184822,0.0925265297364322
0.49071817,-0.171089017633713,0.364619862805536,-0.271342391279373,-0.361017958498951
-0.649478607,-0.349716275289979,-0.504682974259256,-0.104592871986112,0.059389880231361
-0.248811362,-0.223581545660705,-0.251322762915373,-0.343364890855956,-0.471680792026987
-0.454052432,-0.190585798243307,-0.366673025324057,-0.304464871830224,-0.359253458329979
-0.454359212,-0.221510306210683,-0.286067282764911,-0.426229129411092,-0.370789463426326
-0.287582107,-0.149165089086565,-0.234436192078277,-0.34643498677423,-0.453149842585973
-0.577630609,-0.0581766320315373,-0.121350402419329,-0.339184777088688,-0.0384628492429458
0.363063222,-0.216160222416398,0.256394344254913,-0.445695720719769,-0.51387321005349
-0.506869241,-0.154461939606199,-0.24266048623208,-0.289610129908773,-0.082709434741344
-0.427298817,-0.0939940650826643,-0.259222185312308,-0.264591082219464,-0.298883304406514
-0.251343639,-0.0175674031841232,-0.189919049318415,-0.219463528213392,-0.169439052100746
0.111463474,0.0350208073661702,-0.0369955823777926,-0.141807521900896,-0.175025282209631
-0.255046194,-0.0873593892282275,-0.0918158453228576,0.0418729409755787,0.505952804771606
1.131560051,0.396595470625149,0.732487757141497,0.0277076048114071,-0.115157573311238
-0.100213385,-0.0142660097035949,-0.229179082692825,0.166223330407825,0.677840097926483
0.547355478,0.10387050962253,0.544746341192858,0.202065377182869,-0.106833456267523
-0.322273909,0.0329809960059624,-0.391965953997074,0.285393030467504,0.256427719443882
0.019944571,0.218011307819412,0.150698978369759,0.148696861451789,-0.0267831272641894
0.071375972,0.117793629055212,0.362036370861681,0.213575232733377,0.28899017106372
0.684009358,0.199916220502835,0.510333825838312,0.140105828955361,0.0626962733030188
-0.03367318,0.00575228414462406,-0.189863284120396,0.244984641874374,0.613407548063138
0.80350226,0.479381873986221,0.953215994663763,0.214854102637279,-0.124682641146519
-0.415597652,-0.0878282673997266,-0.556934762991534,0.392702556339081,0.49291039658923
0.270780378,0.0102231447283741,0.150055311798353,0.33614554213974,0.0874586060304536
0.35804188,0.272054260838931,0.280427793925186,0.580827813449687,0.49645176842792
0.760065846,0.0850567201677878,-0.055288372546426,0.288928898902028,0.680037779673769
1.130752491,0.479369303193527,0.413074387636759,0.499571733679857,0.567035003857763
0.403321212,0.356198513179147,0.482622304502452,0.506089101367121,0.849971560481424
0.789581064,0.342188710582871,0.790107130883771,0.352956109527362,0.128574863088154
-0.271294815,-0.0374916832018919,-0.174457588222363,0.507201800154679,0.323175328340193
-0.268647407,0.0475217063162027,-0.161845143488688,0.36249072083498,0.367978732235678
0.952735904,0.248892184355622,0.549601072518864,0.0756402833208345,0.0259792195054962
0.39833508,-0.147759837147202,0.109030529563711,-0.136772794908687,0.251630322461588
-0.126296227,-0.11530429859044,-0.172909761088216,0.210002455756927,-0.313384637122064
-1.406681421,-0.582331138972427,-1.23822443825123,0.361133002014874,0.362066617910015
0.891784777,0.320912177103974,0.772266610465406,-0.206280480753484,-0.583061236778973
0.030120697,0.00782313257305553,-0.0765612948663573,-0.016090273877287,0.321919046519544
-0.090202867,-0.0768726375286646,0.0469494595379587,0.174595724630676,0.531341118772103
1.058364032,0.164029092219031,0.699822064184511,0.34860239193605,0.13932596287783
0.325729637,-0.337805580139782,-0.310321852693644,0.22782610839216,0.650775524755761
0.546027717,0.188980749060167,0.924314360446513,0.139578204073104,0.0274998215161167
-0.181806774,-0.134923448550257,-0.125770605101263,0.00445646594177998,-0.407137340935743
-1.559571972,-0.400907514280025,-1.13697447977009,0.0331146948235848,-0.0854046418427806
-0.094012377,-0.188455332720853,-0.0485254484087355,-0.244307740280624,-0.719260672338812
-0.074563911,-0.309996639838876,-0.197232326630656,-0.176512714271462,-0.267198207230463
-0.390618047,-0.0175766302226571,0.00781820217048122,-0.283877788807278,0.208019328501995
0.71351537,0.354387371745149,0.947855528796461,-0.264928448410453,-0.457393377924405
-0.615697993,-0.119965151763413,-0.493470360020808,-0.164144904502542,0.132282047455932
-0.289984199,0.050749656817238,0.0368292338257438,-0.136845005187762,-0.364563165196187
-0.395452807,-0.149797647594996,-0.115954390715923,-0.0432071447659959,0.000817731405066351
0.418785731,0.232958795700953,0.748993271733598,-0.270853223481998,-0.33092788766784
-0.364584585,0.0212470050871121,-0.504319765980901,-0.173916814646773,0.252902898022474
0.395071378,-0.164661274031574,-0.154842851021698,-0.435264745306703,-0.560962688138824
-0.922407546,-0.418731445318546,-0.814586336080234,0.024508841483431,-0.0941987978077978
-0.610785163,-0.07534723911045,-0.480760009187472,-0.125560878200938,-0.254172701945519
0.27259537,-0.326577514739935,-0.898231952531039,0.0569878242208788,-0.316329246145361
-0.184763654,-0.0355838216435694,-0.485208105441233,-0.0608340782857119,0.584026445873744
1.300410258,-0.315110865492015,0.266929447062603,-0.241261522580482,-0.317121529420166
-0.569195864,0.0327156878128013,-0.0540479139622968,0.253792867479675,0.496096817663374
-0.178231548,0.0756550407592324,-0.183292989860032,0.246575117819249,0.0352346855111544
0.273811997,0.200990684524219,0.253944526631423,-0.0457760574063972,0.429610450002492
1.498303369,0.170576350426381,0.83455678516804,-0.29517392613166,-0.61459046990436
-1.715466104,-0.122466441127479,-0.707243024723534,0.171766117260421,0.739627168332558
0.266415282,0.0991766546176326,0.00668236192522307,0.110381086720993,-0.802317060281605
-0.551331727,0.054837148838893,-0.11349913881035,0.383494640545237,0.441089865314954
0.971015168,0.34693859169366,0.576335967990133,-0.284534724820743,-0.166017418054893
0.158978837,0.00293467465227468,0.0490738919511377,0.147818585665756,0.364418876520181
-0.069348233,-0.250301066176107,-0.296547362237367,0.131209321015748,0.23045175563885
0.245928516,0.0922046226242974,0.205616090603012,0.173292007318936,0.000557745403762071
0.01372686,0.196409095965375,0.12534018408358,0.176747979129058,0.139564010745897
0.031908123,0.183265085805967,0.163809521904496,0.189794834603382,0.175227999149657
0.305990181,0.145567917222289,0.185260077163591,0.0961933412247214,0.17592853899627
0.401400284,0.140459375413841,0.289599209044752,0.00802823208305496,0.0562214011800941
-0.120302219,-0.0887510113661207,0.0124442498371272,0.020340304852713,0.0226258380452632
-0.340810086,0.0255270988761431,-0.162296778272046,0.0153933373957232,-0.175758425049259
-0.310630013,0.065797901855643,0.398626124244606,-0.13989791724781,-0.28942096602054
-0.132849483,0.160375110087132,0.14472536021521,-0.285172784103069,-0.718795232901626
-1.46820031,-0.234541865858443,-1.26588710863161,0.199473665910765,0.317168578276831
0.779313119,0.0306967650565868,0.362277364898653,-0.196328205268487,-0.199182074899039
1.060123107,0.330120265648821,0.688326691731265,0.0739101390682719,0.143920078453371
-0.388512827,0.0424538369124518,-0.953184761455543,0.390361416191434,0.974031111480167
1.098323405,0.114856996634893,0.749983026741062,0.254614201785186,0.0492989002347135
0.475006803,0.208351619217135,0.580720885040262,0.14279288880448,0.0504997118638091
-0.911958985,0.0673633925683781,-0.401605561098708,0.0739031617029245,0.170539227500911
-0.21483337,0.0314580110453869,-0.112331794289293,-0.12331209974748,-0.400545858525005
-0.09156971,-0.0202635149465044,-0.0594327968651249,-0.347557616861978,-0.239977080038697
-0.196160041,0.213920804872147,0.319411618819462,-0.381009156314823,-0.148389376435573
-0.130328454,0.0691768547866377,0.264950541041724,0.016034190770846,-0.309380460244696
-0.643225081,0.00553043796284913,-0.486956772953069,-0.0602388105357928,0.307184393448058
0.944092743,-0.0268079191049228,0.584492178551813,-0.300877764664121,-0.449179350916431
-0.36366726,0.00986335103435216,-0.307767821786148,-0.116672141206705,0.286423828276813
-0.341403185,0.0690986713684319,-0.256908308240295,-0.215291095225435,0.384573502771835
1.212466683,0.490498531379845,1.0073855454169,0.0143992199144131,-0.360280940984619
-0.437956381,-0.131208511390819,-0.468207278793628,-0.184819985552173,0.398215411997054
-0.259230133,-0.0444958557695573,-0.192966573197405,-0.265672904199707,0.00141440180539899
0.35783065,-0.218011081912617,-0.387131909994995,-0.160479754009239,-0.382072999346255
-0.539324564,-0.0800186586645457,-0.0881768519890254,-0.424496637231904,-0.0383644428691937
-0.192602418,-0.0935360267983634,-0.140310288576484,-0.434339335654622,-0.806305465643571
-1.358444624,-0.428000315568779,-0.838680433822891,-0.23114764886823,-0.244488938633232
-0.332895995,0.0464998762612934,0.113577872757784,-0.133449993432742,-0.525845595816981
-0.087186803,-0.130627808410125,0.00296867907993038,0.0240300557181683,0.473154287859484
1.73778422,0.235919176227495,1.11420202258905,-0.529907577437051,-0.30422789582253
-0.43974818,-0.0195223756410551,-0.393280420426067,0.00182880993474477,0.4236916005751
-0.63181389,0.109906243419141,0.0695719863192311,0.109060560937095,-0.315351546921223
-0.494965923,0.00784694928744629,-0.216318787346181,-0.0822842457912955,-0.461919294868001
-0.15939487,-0.14931476462605,-0.13874406636338,-0.441362629995837,-1.0123917590177
-1.919521541,-0.330519332201629,-1.42207579094917,-0.09223919426651,0.266848074017012
0.86019465,0.154766528846401,0.698097789057862,-0.514762396056625,-0.786109223607714
0.133183125,0.0612037027661604,-0.134208419808046,-0.0695655070458428,0.167883724828515
-0.253650185,0.0593864619421098,-0.217671142304417,0.10310596386138,0.324923452839898
0.485696321,0.371896007487789,0.445308395805529,0.144352319158291,0.0775571963595508
0.367199792,0.117815430811267,0.293543021413102,0.20120840986028,0.294682059238571
0.180016165,0.250196414163346,0.135098535847179,0.128910803093768,0.357198087582852
0.448495026,0.2502132218565,0.404349474205555,0.0712022351183164,-0.0184895535985092
-0.21167932,-0.0399040008710437,-0.264149602201144,-0.114138995821209,-0.0122599374888854
-0.450090768,-0.0772142388458069,-0.454942578449501,-0.0369292590097017,-0.240565344869305
-0.530354933,0.191067262822228,0.0407813501430619,0.0113257491659682,0.0923024526150376
0.679605214,0.233576483696561,0.650487545261773,-0.318206951658587,-0.231379103235107
0.187791885,-0.108512339045738,0.525077162489144,-0.37009772620938,-0.121103614496401
-0.782002766,-0.191123243575654,-0.442856169359174,-0.209634415885755,-0.144357941508012
-0.583723572,-0.269016909491161,-0.491997564668814,-0.224791490336564,-0.405674385184939
-0.167979902,-0.202612087080119,-0.148764034960794,-0.388843529134682,-0.425436952574479
-0.285048755,-0.301834906895326,-0.244892632638015,-0.313311387418584,-0.175715315928974
-0.12388806,-0.097384375065668,-0.171998876038155,-0.226044794817997,-0.187876175650427
-0.120764399,-0.126373018456901,-0.0755749503486484,-0.122411796330888,-0.0599754017489122
0.074010979,-0.0282973439255496,0.146769966278217,-0.23930636033046,-0.182371004748559
-0.156519769,-0.0596351224426784,-0.0142631881039892,-0.312998231145495,-0.334782761493609
-0.780299589,-0.146357750670799,-0.526415840104282,-0.139649922740232,-0.231665259212516
-0.565634143,-0.232244135704348,-0.613732929029736,-0.307684472252472,0.138843047276011
1.216282822,0.247411092598101,0.971287389328588,-0.470370090489407,-0.538163849962212
-0.524430225,-0.218786091171448,-0.431512185954583,-0.346540729211657,0.315256390572925
-0.351182915,-0.0531495519803626,-0.438507590675857,0.178543720980286,-0.2099119796324
-0.353467783,0.107890630482268,-0.365906546703797,0.283599754314996,0.443090999290865
1.429336536,0.241815774756721,0.878387091679538,-0.293820088231544,-0.125166486241309
0.152252024,0.00245414692834636,0.143819074915047,0.179081200412755,0.488744779205426
-0.271802866,-0.0863550361239746,-0.158522384033534,0.57038636200607,0.30598800950633
0.223707489,0.206972883848409,-0.537568281798046,0.440880379105321,0.300975008941064
0.907114041,0.0835561902652041,0.667309166635194,0.0540609699905389,0.135461736160989
0.123971352,0.0263076396596195,0.399942750284149,0.0110860090960906,0.408361753756016
0.114800727,-0.0612154188111478,-0.0469230507619683,-0.0153830772559321,-0.142221322296362
-0.559077433,-0.234451550635052,-0.450231009445571,0.0583816811649274,-0.0470582051228662
-0.212205213,-0.00956921317737029,-0.213916142416987,-0.085772871278493,-0.377673736794598
-0.384257922,-0.111774918299715,-0.35100204697637,-0.135952287826683,-0.034872567775482
0.234161646,-0.0892362794602818,0.232023517013015,-0.258346464602844,-0.249058920577584
-0.159784151,0.00942734386694906,-0.102270625067075,0.0776918185969603,0.0779732163212899
-0.051659956,-0.1332542110172,-0.25209656040093,0.0540979463708264,0.127439291798139
0.434118339,-0.028259774420553,0.0196315779125177,-0.173990249180566,-0.0301975135275182
0.123433721,0.0544524664601145,0.21291816613863,-0.095259289848595,-0.167900569869449
-0.809604779,0.194858002842679,0.00984893763384954,0.0244752541715809,0.0545066760727336
0.059753052,-0.0562707911952903,-0.0431682716711056,0.00120644418156726,-0.667877591138149
-0.947430152,-0.21072482432035,-0.791823991550772,-0.108736196301467,0.42218290041528
1.137367927,0.17167374247059,0.798170835102375,-0.478205240051121,-0.65157397347492
-0.552590293,-0.232232130418252,-0.469361499764822,-0.0673058798782833,0.353370678662503
-0.180637074,-0.210890438472575,-0.158244422798987,-0.159358508858433,-0.120493613286334
0.173520884,0.0201229783953883,0.0146817440828718,0.106427818943903,-0.254185413606704
-0.460594655,-0.16849130023959,-0.411284369167234,-0.222123841160723,0.352095595407872
0.759053655,0.163157088566214,0.3348773044679,-0.471844619725245,-0.379792623384962
-0.237281291,-0.10964650153148,-0.273713474479583,-0.357747644672331,-0.318569180462265
-1.366805375,-0.571270903458266,-1.31715977195805,-0.145636952708426,-0.271081884171801
-0.488570607,-0.0679415167146183,-0.402124824209784,-0.25131177453625,-0.63439679116877
-0.025921718,-0.102151922213983,-0.0353558695496966,-0.447866763870627,-0.522523334284655
-0.512324109,-0.260222952873199,-0.425730989851544,-0.29456346990118,-0.113444205664062
-0.184889983,-0.0536691725718345,-0.164537333064016,-0.209805345233437,-0.0891552154177643
0.219864413,0.0327703873822085,0.0855556952769898,-0.114593642457802,0.177250654936495
0.768117762,0.201485321815154,0.749830588064348,-0.225850145529018,-0.168437457996225
-0.500610989,0.00691074748006093,-0.307239920057957,-0.0129632047019684,0.122653376991523
-0.420851366,-0.187454241968437,-0.432730192008014,-0.25162440777826,-0.405089805981713
-0.435964543,-0.0791388510314182,-0.0908798493449093,-0.342136088540791,-0.587976004874727
-0.778616341,-0.381821083337519,-0.561862027083723,-0.61127455984419,-0.574862790106059
-0.763272948,-0.317064620583965,-0.640929916985086,-0.519407061381378,-0.594581100116222
-0.552998299,-0.286392504001808,-0.473091665888188,-0.415907243715205,-0.353838074237697
0.092134861,-0.0886020917103338,0.0717405863797289,-0.400245421128244,-0.385701623928693
-0.231471669,-0.117950687285207,-0.140594467964997,-0.26231777200545,0.025735964594482
0.133435062,0.0144218354942471,0.181792390183446,-0.235496706427592,-0.274931503295275
-0.378065853,-0.136181979197159,-0.340993511174597,-0.150044405341915,-0.0594372126475101
-0.175743978,-0.0454675450885118,-0.103273694318812,-0.238388359645977,-0.331917554439316
-0.426161859,-0.127490412793488,-0.229992352628992,-0.107090835800455,-0.0739224821448351
0.108694339,-0.205097331705953,-0.0101765876654975,-0.355139492740936,-0.344478282543529
-0.266983879,-0.202101670643179,-0.323826517711896,-0.297028290238313,-0.217875178422355
-0.498785266,-0.288609251873596,-0.413824654233517,-0.285204752064397,-0.26251145957972
-0.290810846,-0.214825870256507,-0.246176129797647,-0.374954730816342,-0.41506749399453
-0.352603047,-0.40295262840765,-0.307947442981621,-0.421975520555144,-0.401688322806499
-0.481699602,-0.352888903686827,-0.436271451738238,-0.488052019404445,-0.434025933166047
-0.49333679,-0.34255705504395,-0.402250354685647,-0.480008191920374,-0.569598064618834
-0.730193416,-0.35042074296979,-0.522845968048515,-0.443443115457742,-0.434080031655389
-0.431160691,-0.430536960749027,-0.40686314643841,-0.467491975529029,-0.390570917084906
-0.015622065,-0.340718639703139,0.0254994040594984,-0.554683564106095,-0.481768604396005
-0.487724832,-0.293534321996536,-0.261670803149005,-0.405741680233374,-0.30321787203693
-0.616326204,-0.726447704566545,-1.14693097577432,-0.250056947280342,-0.209220863886875
0.059230488,-0.688993933881515,-0.456742611734484,-0.408507648539498,-0.43289554027787
-0.20335209,-0.401947292821176,-2.9414977975173,-0.498450974061033,-0.368923344466478
-0.722357634,-0.737615644405216,-0.997685108639482,-0.371709816856328,-0.376030638692269
-0.612812284,-0.234334694514786,-0.47661722540049,-0.356400120614747,-0.4959753803564
-0.335757473,-0.275663278880302,-0.341987187595192,-0.508177416625911,-0.527660255777371
-0.418661946,-0.350516272361932,-0.32032450842897,-0.49785934155591,-0.463796495122019
-0.550628219,-0.438397224781849,-0.387783135828588,-0.495640388745278,-0.478406026210001
-0.52894859,-0.460703453275581,-0.494848741419957,-0.506274379921371,-0.580335631781233
-0.644743412,-0.391522336683937,-0.430566064703639,-0.529998228520546,-0.540138873314564
-0.537813381,-0.426244365086225,-0.459080499711932,-0.593158984377536,-0.627188607525597
-0.635963831,-0.387475137274593,-0.525743601473831,-0.544090485971655,-0.563620325352145
-0.619713755,-0.46380269330965,-0.522626935410473,-0.504328494996945,-0.475727038389178
-0.315621817,-0.348037054196517,-0.212624394057101,-0.532378146404863,-0.509844942345503
-0.386395717,-0.293871013782209,-0.355088309856111,-0.499532748141212,-0.417425034722029
-0.477172978,-0.443800604992926,-0.406132027245194,-0.525278131616687,-0.417709503099806
-0.408536926,-0.389482259927522,-0.394871916901563,-0.491672294576573,-0.583332647282814
-0.73053932,-0.567101103437267,-0.604653854507562,-0.534301373509055,-0.484034490874642
-0.517188076,-0.402281745084309,-0.431918791660668,-0.537272069677615,-0.714200382914138
-0.861667038,-0.467554218850173,-0.710680269963879,-0.484850105338049,-0.312631961487055
-0.014573496,-0.0733179452278231,0.743282173429294,-0.600692201764579,-0.642620111710104
-0.477304106,-0.190819558811786,-0.314488902227621,-0.461649993958214,-0.286396793202201
-0.504754697,-0.123653907404985,-0.280239434667163,-0.271931994841415,-0.243952298240863
-0.054926467,-0.0177470547528949,-0.0648424005120611,-0.213417972691254,-0.297730800678617
-0.138586493,-0.134300856945478,-0.176944873358603,-0.252043251421336,-0.00952224951773181
0.180049263,-0.147154170259386,-0.111910731935973,-0.225591546109299,-0.239657137975558
-0.368914277,-0.124811566390929,-0.329954477226404,-0.202065143851487,-0.0333904639026915
-0.119341887,-0.144937531298383,-0.188690142720395,-0.260968992426681,-0.473673820464645
-0.709609884,-0.341690005928185,-0.547059363376687,-0.180627958501568,-0.241093262904902
-0.338111196,-0.233244994839662,-0.322001880817034,-0.468908807279911,-0.476961977992554
-0.262116419,-0.296270259672282,-0.169150056232114,-0.437079123463487,-0.544278029370599
-0.720154351,-0.40997839095219,-0.474603698391684,-0.548859325667943,-0.457543271891287
-0.634677975,-0.404020826587401,-0.490768967761183,-0.550283193898538,-0.64576098266648
-0.6667891,-0.494043798508889,-0.53550836828708,-0.555943324265882,-0.554081869672433
-0.46179756,-0.5154768088191,-0.339970022416668,-0.650386534259278,-0.591253023865363
-0.48940545,-0.447875178967505,-0.436128674796151,-0.627297948275271,-0.592941894381889
-0.717553043,-0.497300837061827,-0.524305023899277,-0.530500750458706,-0.525004936035373
-0.583624468,-0.431592708783527,-0.478333180336298,-0.546833288306596,-0.555449413077863
-0.396797986,-0.349644277992035,-0.360511981986765,-0.559748126781968,-0.600097937356267
-0.629553629,-0.435124634428329,-0.552662869649493,-0.485903448488454,-0.435075310492493
-0.479299928,-0.408593772508352,-0.402625134832973,-0.421486785603477,-0.418577957195722
-0.198935217,-0.282099875133499,-0.130436005092721,-0.498849250809799,-0.478366938723612
-0.450054542,-0.278394570932914,-0.285740049386882,-0.415630500833915,-0.378179668972641
-0.551413048,-0.346131201698785,-0.49086993478129,-0.37234016436015,-0.35622586046439
-0.255388335,-0.312527078123346,-0.263474745693705,-0.526536694011621,-0.520099894584249
-0.450396142,-0.45016066812789,-0.407083118477953,-0.511483548888379,-0.567604313840562
-0.902815031,-0.43147363757211,-0.700313388438115,-0.439939020596951,-0.450331486280269
-0.464030231,-0.158280575893668,-0.0106261222895909,-0.520696888502837,-0.678766079038896
-0.55892167,-0.40303026542463,-0.435288794259817,-0.469459454180838,-0.429297366514276
-0.380188215,-0.250610455615674,-0.339331195503695,-0.528880389604328,-0.330813839403512
-0.037796841,-0.287453509774237,-0.208217097965393,-0.51095527888563,-0.458287206595401
-0.47787052,-0.322285598859103,-0.39816792508676,-0.482072709610851,-0.394177266794534
-0.696659498,-0.370004227530669,-0.617004811635574,-0.466223699133294,-0.553930238719596
-0.683860339,-0.498405571219554,-0.58882575956224,-0.490297757397193,-0.682560809215978
-0.745065302,-0.552433969464145,-0.494703516593277,-0.664306301612754,-0.595087171384152
-0.450166344,-0.406422025504776,-0.375002987718618,-0.700779850971013,-0.794207610870615
-0.908047697,-0.45257444961747,-0.702740948453965,-0.678086563152478,-0.517439066818477
-0.468539911,-0.345626384774167,-0.327684686547128,-0.698951104556986,-0.901794904745453
-1.075027491,-0.506700151913558,-1.08328024704251,-0.573443542999875,-0.409082491914789
-0.244013258,-0.339169006939492,-0.115800613913775,-0.682049046351941,-0.781780802726834
-0.573625515,-0.347864551693484,-0.555826827059933,-0.592075645421651,-0.456198703614193
-0.562506061,-0.334724270031248,-0.371046043020454,-0.505662801397212,-0.530513424333977
-0.54793565,-0.30673262414839,-0.399661074469906,-0.440935864191873,-0.460491085821133
-0.344857208,-0.399155564595437,-0.38165407037126,-0.553810689112153,-0.503398622239041
-0.423970313,-0.384354076783039,-0.282448652133246,-0.546363868805319,-0.510417353358812
-0.66868067,-0.471703089427309,-0.445560652217645,-0.503813275479588,-0.46479357538658
-0.503874414,-0.397160070039422,-0.452519983979005,-0.401848028433149,-0.597388393284365
-0.635870548,-0.420791074958627,-0.493176207004657,-0.480561601054468,-0.339443269101538
-0.070793858,-0.238262472516048,-0.0761096014364833,-0.616524932073095,-0.628848316379766
-0.63111098,-0.465835976318045,-0.475381219704557,-0.520094971582018,-0.417535313731996
-0.70071042,-0.455653945691755,-0.566878931881296,-0.516828227999166,-0.567911887537166
-0.570731052,-0.384589859886803,-0.449441578431187,-0.524444033623108,-0.644037532950962
-0.631220991,-0.529545986892175,-0.480631602343615,-0.588511070899633,-0.533576810450181
-0.471833104,-0.515624398272439,-0.375623123689072,-0.608095320417719,-0.575787497384415
-0.520286427,-0.470364277940873,-0.473204636206375,-0.540423019727067,-0.529809890125034
-0.590890576,-0.379319935440678,-0.578813993317036,-0.510918273731177,-0.466838424940687
-0.394312872,-0.386811286762863,-0.327606297536171,-0.536109949569508,-0.56339080953561
-0.551402979,-0.43086352744111,-0.406813533398097,-0.47969794130935,-0.472307423574585
-0.544635146,-0.436640290828048,-0.450858694922399,-0.477933889574531,-0.464461390753752
-0.380296788,-0.383175380594966,-0.284909953364511,-0.493315158539602,-0.516974422874807
-0.501751342,-0.416905732404038,-0.451730705781904,-0.498712066514538,-0.418039840877726
-0.409564012,-0.368154329717983,-0.379216795765424,-0.490087592470288,-0.521280823331416
-0.614224913,-0.416511596344629,-0.510801966604075,-0.413159635554746,-0.321586018948239
-0.1577763,-0.277942734744112,-0.0604321118863397,-0.519475024879145,-0.585569431284384
-0.600993731,-0.333404350262494,-0.487564157890013,-0.492012043865128,-0.361054643123868
-0.481620457,-0.360877468880224,-0.409033601756635,-0.567986354637904,-0.574972340715807
-0.592652213,-0.393102311111679,-0.552036332418129,-0.529028587584639,-0.585697044879862
-0.696933034,-0.501802545151575,-0.465716889450556,-0.623176932060174,-0.582034722685529
-0.54129885,-0.489227177245166,-0.4228413208044,-0.690898764611918,-0.761095639363461
-0.866164367,-0.435112251623967,-0.722286158246719,-0.649906932635499,-0.637386708182132
-0.715334538,-0.493261171038465,-0.718518620860374,-0.681746642173972,-0.759441253949461
-0.741521913,-0.358994887603876,-0.593858116437617,-0.541779063164106,-0.592372171221221
-0.606841973,-0.256490145298768,-0.533770498844125,-0.59416764767996,-0.162707162574142
0.5830272,-0.0360925816658774,0.373767567746651,-0.624986846595909,-0.583663579778739
-0.527981147,-0.352055473356616,-0.41549685705681,-0.535830247793166,-0.104966490565043
-0.570193746,-0.348944140345904,-0.442237976429606,-0.526595411592264,-0.617198842582738
-0.846541126,-0.428288988128117,-0.685883868964702,-0.450887815433009,-0.692445092669328
-0.917343261,-0.563483269552629,-0.730321502019646,-0.553030540248414,-0.607773114217986
-0.406402058,-0.326401456659719,-0.341424528183022,-0.635423052108296,-0.680322292340634
-0.470891399,-0.39827831643659,-0.385813422881722,-0.57712199191519,-0.441833449450752
-0.396219233,-0.466354518721111,-0.399894210567146,-0.500174298497355,-0.457478738796101
-0.447778914,-0.400962790677774,-0.350876610787804,-0.473651226792866,-0.410543600178758
-0.384348754,-0.254922009127629,-0.218250705924823,-0.480231074672377,-0.510122432768708
-0.592044913,-0.477374417141444,-0.471274076382934,-0.438921539622355,-0.447355063596004
-0.503082733,-0.500863672611064,-0.429363956180209,-0.490353846159237,-0.528362247597011
-0.495824916,-0.380633405232111,-0.422516831569444,-0.489140921061629,-0.499607739273622
-0.477514026,-0.478508334709285,-0.464127266264891,-0.523567224780519,-0.520247804952168
-0.551248257,-0.389838771655721,-0.448017881119077,-0.525745033600707,-0.485933482645605
-0.461620949,-0.438616445771326,-0.245386532436201,-0.567425782255049,-0.599939983325155
-0.691211515,-0.206286009334002,-0.431530210762555,-0.393771315124574,-0.475707454176938
-0.570117868,-0.247210521732053,-0.459923537122953,-0.428141895852536,-0.307093073542285
0.15897611,-0.209899953056127,-0.00612502122396862,-0.586216346246755,-0.59434172544163
-0.577656343,-0.425598145726118,-0.477773777119519,-0.498306252000218,-0.357112724379216
-0.761330695,-0.210697076014662,-0.577962061232222,-0.498086359208827,-0.624344978017288
-0.806125402,-0.197319461302822,-0.606358591138645,-0.480932718324745,-0.62525595542453
-0.540736369,-0.360645541168423,-0.366950553741987,-0.612954404685138,-0.633770244606943
-0.469923592,-0.417842230822334,-0.442164495088266,-0.552917690530844,-0.539055331515909
-0.530352684,-0.387444822489178,-0.442648768623429,-0.543984026691355,-0.40560870469424
-0.261254055,-0.351144581198727,-0.266283021978125,-0.540728108487877,-0.604897908319882
-0.716901906,-0.418998741203908,-0.47148389930984,-0.41386707323629,-0.40595025000569
-0.518041659,-0.330314939666516,-0.461654288394245,-0.568622231722381,-0.563834107088638
-0.386104182,-0.306620458408522,-0.343369612746554,-0.624525785065054,-0.752673332703099
-1.024734266,-0.512468618176394,-0.719326038973582,-0.562247688245582,-0.52378007958307
-0.618765298,-0.503607379111115,-0.643591283962729,-0.666422970161865,-0.841576471189014
-0.7685141,-0.491119224938561,-0.587235503946203,-0.620452745208891,-0.657863506695348
-0.700795332,-0.351321282981063,-0.600076798252885,-0.628891477868469,-0.557224004542506
-0.341292788,-0.276795233890663,-0.310404436788027,-0.487086100050239,-0.591831194605116
-0.547182506,-0.33324309957286,-0.438875144803898,-0.3803133271152,-0.231224648681664
-0.0250852,-0.163473700955894,0.0109457252766217,-0.429619413268077,-0.411460166119989
-0.270548844,-0.130968889883086,-0.0613327893799782,-0.371868651384226,-0.278065314861809
-0.429200691,-0.351033199557163,-0.370690466969676,-0.471425959203247,-0.426970020516815
-0.609272257,-0.367633631289832,-0.488658703166405,-0.379443607166814,-0.504472443001506
-0.642146817,-0.434647269381489,-0.460235791830693,-0.439758090061749,-0.49427640738776
-0.418619183,-0.377917911689721,-0.315923102627438,-0.507956159934621,-0.498249970604191
-0.341855889,-0.399491318396819,-0.235172139467027,-0.510225796025583,-0.469906059499772
-0.517939599,-0.352661011281152,-0.443277689422708,-0.430562463943146,-0.341735912680968
-0.310899845,-0.323752009349327,-0.211232972933581,-0.407480227341911,-0.450190000440777
-0.420974417,-0.293877104351406,-0.358820803576484,-0.340812470746651,-0.331076198097346
-0.356562203,-0.211634910894167,-0.27794744268607,-0.282179532449574,-0.273361931322825
-0.181943169,-0.0385592334174159,-0.180117764284786,-0.210447881732389,-0.12724955194006
0.059104402,-0.0936047395499845,-0.0304385906766171,-0.268576149436335,0.0939190440428035
0.54408699,0.110554192005924,0.474989010616513,-0.268311336113613,-0.208567676007597
-0.465499044,-0.0771135486220273,-0.220158181801238,-0.000535140330220507,0.0982105304977049
-0.237759864,-0.105734316966982,-0.114109939991427,-0.203162548276767,-0.38569297609394
-0.404017111,-0.149072570964169,-0.33300139781509,-0.351292296155058,-0.465530088899323
-0.72860468,-0.478272775803447,-0.605828280180116,-0.402095801955578,-0.39305784858036
-0.414524067,-0.294518855861986,-0.330813462753143,-0.315843497194542,-0.513868812733728
-0.437146326,-0.230357258276436,-0.37117477258251,-0.243425264131954,-0.158985119795958
0.033021148,-0.00871786657726697,-0.0451543453892935,-0.359764651314955,0.139817216298301
0.91119985,0.556938382636688,0.630663262712473,-0.281767925350595,-0.20315993347631
-0.40577185,-0.110324719865791,-0.34780327365959,-0.129012574038956,0.305987827572173
-0.19392894,-0.035686916656808,-0.273714141078834,-0.00767355683851946,-0.0884727650262723
-0.054763826,0.20016096985127,-0.00710620802521652,-0.0159884603219757,0.230917416993728
0.737432009,0.234316652520255,0.643669054689716,-0.105588064601868,0.075754472085373
0.313358882,0.0686924825259276,0.369439399837897,0.108325662623914,0.179511273488437
-0.274491616,-0.0607684430103208,-0.272794220718378,0.083635163724374,0.102436098632398
-0.190472073,0.0118008379720623,-0.15095443203733,-0.121598253501923,-0.0626352686024992
0.157002339,-0.0621257347861709,-0.0339578276622702,-0.252646565748533,-0.358487477458642
-0.604647006,-0.28067807635005,-0.486184055280403,-0.128327232888412,0.00535058739262356
-0.055107796,-0.0485879590186061,-0.0408003666465165,-0.26717265974985,-0.407817631041175
-0.318982693,-0.106134264523842,-0.216474128819494,-0.195593370619598,-0.214835792358905
-0.347929502,-0.273207828842933,-0.405710404499657,-0.272168579989202,-0.185606985168161
-0.07350896,-0.0992389292008241,-0.147375138195956,-0.194444476485245,-0.234106084126848
-0.130390155,-0.105137740667209,-0.161497117029177,-0.175540431534254,-0.117512315132158
-0.161667984,-0.0489270766596694,-0.184751142391684,-0.0288693564646444,-0.0113625377912188
0.062729705,0.150472544373015,0.119998821118066,0.0117611993139222,0.0942971154492883
0.44268508,0.133029941413637,0.382028088402487,-0.164585571229207,-0.088931873669208
-0.164170058,-0.0383524314044463,-0.0131884646831739,-0.110658992513466,-0.0369298003196243
-0.511196414,-0.0248511311050556,-0.300742986782538,0.0451804096443454,-0.108362494997006
-0.192252666,0.0822583150091684,0.00859199044179102,-0.0593280446862447,-0.126421873639565
0.328145694,-0.280273259204948,-0.0058725870562906,-0.382253736836092,-0.398236100872063
-0.571577122,-0.109611218316539,-0.373086018107927,-0.34491939346642,-0.145007915270647
-0.56625418,-0.109899894569045,-0.367398643888347,-0.265652559220843,-0.401517166211921
-0.358108708,-0.184207538374669,-0.125616443719733,-0.232497831280948,-0.439059060636861
-0.333418621,-0.268562171490539,-0.277091848852034,-0.414019871593736,-0.346550876942445
-0.309819566,-0.212869863285639,-0.242171285038194,-0.364403787673282,-0.314184496863379
-0.250961393,-0.245813443768885,-0.273202403903283,-0.402333949574833,-0.402689981534908
-0.48541987,-0.367283899078442,-0.520189148174431,-0.356983357187971,-0.390661873614921
-0.612538727,-0.192010177345446,-0.354025469589829,-0.231812575551283,-0.226342075693023
-0.003379642,-0.132708112993423,-0.0494098145459683,-0.206371888809337,-0.28832481100361
0.009864942,-0.0634851461238086,0.0206823057232102,-0.127641972773975,-0.034252392045165
-0.000369402,-0.0718124815918919,-0.125881152514745,-0.0852849157782287,0.0738017675763703
0.240755272,-0.0159694794296843,0.14791330002923,-0.23276973375775,-0.173254550071474
-0.181501425,-0.159933495682319,-0.146351066172127,-0.316271740329788,-0.534933645717157
-1.50318638,-0.502120538642608,-0.886366325752273,0.0215929456769255,-0.0504404984978722
0.022998,0.0195709493452992,0.0652245376135026,-0.262165997720644,-0.637702821639517
0.082005257,-0.0866713954077625,-0.0160187824674238,-0.445177598184626,-0.250041953466019
-0.321747056,-0.178883223161973,-0.280719576778598,-0.354421021284335,-0.150552985324958
-0.384557971,-0.143811060620202,-0.189549472653277,-0.0806284825067504,-0.192426771928507
-0.140735754,-0.0441350813733711,-0.0366674465945959,-0.133787831833874,-0.177496397649316
0.023519515,-0.131726690923981,-0.0398652908403045,-0.19312900098999,-0.114078453600932
-0.039559033,-0.12045692662339,-0.0728661156091626,-0.102300256991679,-0.0696528682046238
-0.16857261,-0.0967264233888029,-0.166431341427971,-0.00433838847830406,0.0166749020995904
0.051942994,0.0724043690914836,0.196876688348582,0.0058150295241018,0.00485569829092664
0.164600036,0.0105051655158022,0.167639795852833,-0.0345769425235527,0.0715771330037987
0.180784698,-0.120099686331589,-0.196305883086479,-0.062222712143641,-0.0364325941321186
-0.239725422,-0.140418217992093,-0.280578487743256,-0.0361552922234894,0.0467177871001403
-0.00211287,-0.097926179975577,-0.0847828486218024,-0.340681993491968,-0.355315784976265
-0.485020076,-0.17629350018753,-0.339826294847425,-0.153573918526272,-0.417057683414151
-1.01247037,-0.400630622809383,-0.658628513905432,-0.0915759393294458,-0.0251385094386359
0.351909262,0.0513728574322878,0.234702214449723,-0.372059943865479,-0.237863284934667
0.632428824,0.126511255766627,0.461551416722396,-0.393465527044358,-0.220253530249162
-0.634429545,-0.334064420685286,-0.57481674712733,-0.282548800301221,0.0747923163100691
-0.434448724,-0.306926786077893,-0.438972065262524,-0.249227860410918,-0.370406997189352
-0.277031775,-0.172454656000235,-0.264272173352261,-0.294853553860502,-0.386198629254459
-0.398338014,-0.277674557756281,-0.427919521315443,-0.27273834074888,-0.138125353408472
-0.053432073,-0.128580060246378,-0.11282912086902,-0.250519529074804,0.0421451918647919
0.628875725,0.479481266886874,0.696295304185174,0.0309819064034453,-0.273125400213555
-0.607521258,-0.258227197897413,-0.56825367316314,-0.170105868016504,0.50357156476428
0.648354563,0.32636274324357,0.481443109947754,-0.0736247315420299,-0.42977346164624
-0.460758274,-0.153976717960539,-0.377159577708583,-0.077045723136214,0.145257841184748
-0.264530678,-0.181868191863729,-0.225393984201897,-0.159847544112066,-0.0594350986411001
0.261058314,0.134044918661113,0.146995177939815,-0.062568095233512,-0.20957784648048
-0.254906941,-0.122087837054244,-0.439102872772776,0.0802932446737771,0.324365984573161
0.288887961,0.05239084323806,0.208666970596629,0.1750228051543,0.6459026600261
1.768801043,0.13512093454552,0.750076101312856,-0.0414655119532796,0.0341232051282482
-0.09820146,0.31339897372597,0.256725063456003,-0.0178771636742476,0.550117639810709
-0.37785161,0.0144244880952811,-0.342663358111559,0.1146330188946,-0.308752191677454
-0.907655872,0.0736683255059618,-0.72727736621667,-0.0176877814873999,-0.126000539624046
0.151499822,0.0979263538885838,-0.275496665512655,-0.438034542091823,-0.680363710233528
-0.643432838,0.222635209362089,-0.0219045829244123,-0.101517883393274,0.011738003672239
-0.171851779,-0.244056088714003,-0.310422648236282,-0.116256921850003,0.271247659236156
1.337350162,0.0113030026822709,0.737133589220208,-0.280659433432633,-0.274584107556351
-0.283017034,-0.143774577679131,-0.225463291011927,-0.297957649695413,0.28277915179604
-0.457524551,-0.267007078751384,-0.477402196131109,-0.167789677735201,-0.531755866811527
-1.255876318,-0.136235140903708,-0.791006117521463,0.210362858243081,0.0635870729696368
0.536660597,0.283435903254159,0.441890595637116,-0.132195238776427,-0.326333931769462
0.539452022,0.254846628821768,0.539758646878471,-0.448602787878191,0.198166821411091
0.347064517,0.214602686258423,0.24491924345992,-0.531381423722101,-0.368486271936747
-1.285893547,-0.225133626650904,-0.941951947484817,0.0539049060482687,-0.29969188756809
-1.283388366,-0.234721592142826,-0.566622602629828,0.103371570357393,-0.114604781783446
0.814678379,0.44147104251273,0.740385511009504,-0.0806163596246603,-0.237301836444419
0.946137252,0.206201877684317,0.64828330771772,-0.284648255207995,0.144775890750052
-0.175464479,-0.00177758720397425,-0.222043694927471,-0.227878541214574,0.217221800802275
-0.395260016,-0.123154891182165,-0.260053216686409,0.00386676245354808,-0.374149424189254
-0.857460826,-0.4759036474684,-0.827467901455643,-0.102375366683977,-0.176663298614073
0.051259153,-0.109719125976856,0.0587135513358834,-0.470193965978178,-0.584538410473656
-0.366069371,-0.312179976987319,-0.396630413174046,-0.483621958606475,-0.297788342526368
-0.525394787,-0.18138159287872,-0.339820027122354,-0.40395237352828,-0.412885243775663
-0.606353204,-0.0760545879744352,-0.519832161861256,-0.215834541234011,-0.207869604531516
0.126555707,0.261030322057936,0.363715619164232,-0.386885177761157,-0.389442186768081
-0.184703843,-0.11543255513959,-0.153793018261092,-0.246494983110726,-0.0978255656561489
-0.266812203,-0.149271622296782,-0.215583879884997,-0.160555772282885,-0.0373235819088093
0.200405581,-0.0277683773936783,0.0545620568160282,-0.276081940805633,-0.427993238212617
-0.681763697,-0.406804770739431,-0.568592718965682,-0.122122924905737,-0.0221054126087339
-0.172641564,-0.233329049712778,-0.224755063600795,-0.33439950473915,-0.381067074859438
-0.115392825,-0.330479946018851,-0.13694450898749,-0.349994487456425,-0.463817376943021
-0.708543785,-0.194130674911738,-0.372234039931499,-0.404029790455764,-0.380935789683825
-0.663973267,-0.263574311209121,-0.422589241741114,-0.25566955094504,-0.538911890594533
-0.440941093,-0.154308722086858,-0.377635991732772,-0.489857269440735,-0.657762083051397
