630
0.202019823,0.156657423040153,0.0454129641904087,1.3966866642614,1.37778793353555
1.429440119,0.576261624960429,1.25189516000493,0.285843965847597,0.679126955184455
1.348629536,0.0223195690387286,0.694299485223185,0.191282189419627,0.419358346852765
-0.452511784,0.0470915259879822,-0.376354300689611,0.730964570183687,0.577521281090618
-0.372221089,-0.193102293854046,-0.198306648413208,0.814441835032403,0.364650548990246
1.001685734,0.162247195749581,0.525260601858719,0.12453171640231,0.0360065748450413
0.515289646,0.1996077417076,1.13856607475842,0.0914149906966529,0.327207611971161
-0.173395597,0.184049561311157,-0.176584827378153,0.796747850680301,0.285404125876889
-0.202803423,-0.221966208137914,0.308705139745267,0.556881449804934,0.586083460633224
1.444639078,0.528255594374374,1.17467263861415,0.302367533062714,-0.0642882081840416
-0.100559346,-0.0854777230288854,-0.220848518598968,0.378453544687453,1.0629313754222
1.079671889,0.587500077627713,0.804345274385688,0.660040020508647,0.0717008624251784
-0.214655528,0.143497748855129,-0.316691091281618,0.936964653666635,1.23714594963731
1.662040896,0.611509485845759,1.40772630331808,0.172640120864963,0.410566718985233
1.186235432,0.282744950653779,0.643032458596441,0.404446092834606,0.221455335596753
-1.207533732,-0.32473368069979,-0.926714808875833,0.654262428793672,0.819532705063808
0.356600753,0.291618150100498,0.267885307549101,0.70900678104164,-0.0327244112517998
0.751100604,0.525863833785175,0.735179168077625,0.332692608799221,0.553860314654252
0.980679062,0.0857561673548738,0.659073647615226,0.2100440486536,0.657796922583867
0.669091555,0.390992946137213,0.649526741774876,0.583395248852205,0.739523837727074
0.536707216,0.319168131650867,0.483898376158412,0.654015501297191,0.653005142619341
0.630514141,0.262732103976272,0.547086646725248,0.620541195500533,0.485779282686162
0.381978544,0.32182840575205,0.271674761472141,0.563642385378891,0.590921580278598
0.5933593,0.343820087550943,0.641421742685841,0.564284770820614,0.399349296477154
0.295775503,0.0884783644856957,0.199371644524108,0.503482459309238,0.715353186401741
1.028881402,0.435032622540238,0.954748716174756,0.175839327284641,0.132165321276768
-0.075663769,-0.0298315574273672,-0.109196985957769,0.318189080143853,0.436591960265953
-0.171411668,-0.0734138212306778,-0.10456755103891,0.25739568144629,0.350277220676962
0.713194571,0.403183910797956,0.775292157367248,0.481939297512487,-0.00104189640136329
-0.036975411,-0.0219089180057973,0.17622703365692,0.26597819857235,0.839533629038096
1.251232733,0.621533045834147,1.37786795417065,0.44952024028822,0.12640750498307
0.063256235,0.0358977831417762,0.142017273753486,0.329749231710678,1.01146911909416
1.156087673,0.487899975058848,0.901215706230683,0.420437230717899,0.00131288523958073
-0.341972502,-0.102971648517931,-0.192885177839641,0.623317945622084,0.770110569330202
0.477351336,0.327902150707272,0.581157841845042,0.491511691369094,0.329227222332768
0.806427495,0.508017986449994,0.826962158727086,0.698847862488251,0.564148892541001
0.364500438,0.249979171263282,0.211447859153558,0.410314366872172,0.504036802196562
0.639987204,0.092235980805477,0.553845719512039,0.426464436237776,0.395729174073719
0.387938201,0.401624944590096,0.688908099731636,0.548138682156825,0.605736431277597
0.587301609,0.377189549421494,0.378168537999151,0.568797019075279,0.58566738481067
0.740086582,0.345705815662047,0.389749268220062,0.553655332022598,0.689638130889202
0.9128322,0.156312944660809,1.15059124141744,0.602547735068256,0.493956065695289
0.175387861,0.383503450073298,0.442409119580525,0.676099662828672,0.859337008183261
0.931641931,0.135926333930135,0.714467215814862,0.553344166950928,0.286693425807737
0.27843852,0.290543655665917,0.191740329390484,0.592376797811439,0.601439222951382
0.370362924,0.161191454621126,0.324042644498027,0.269687495836328,0.360604085344603
0.508440028,0.159913085511572,0.277851501937625,0.244771128189362,-0.0579683101202894
-0.659220981,0.0590690696477948,-0.598937558214256,0.557972016330578,0.495149301953539
0.336547315,-0.275969940748525,0.185154970890743,0.512324684968572,0.478955255200342
1.634366755,0.385766947986288,1.3823268076123,0.223355355522786,0.29268392332278
0.363599171,0.323303879282227,0.296331177191056,0.30694267737507,0.922014426961378
0.411096378,0.331168207505529,0.248671557099358,0.564128616406396,0.505770320686624
0.405994553,0.292033821343701,0.175125716076318,0.480612475021916,0.694468189079226
1.090113816,0.212480855897365,0.81054218564084,0.49267730194717,0.319871600549652
0.085169434,0.317283112799339,-0.0515730516314498,0.731167822062493,1.02093564882232
1.087482591,0.3541956961589,0.810404067239592,0.571847394309481,0.541666832066106
0.988102566,0.399133351709925,0.771619690771647,0.698424005657783,0.555182222211549
0.028948043,0.379227136193091,-0.0482890657170422,0.739171255483394,0.919552865830726
0.856732117,0.466898901544333,0.501035794632944,0.671828939744435,0.510517745085099
0.910852095,0.31254598956326,0.710386646250496,0.717803529084698,0.626111262673121
0.444706918,0.433700509174694,0.391847536541885,0.695797684411872,0.844596473487191
0.780401842,0.6296218552525,0.589968213552533,0.749395684579244,0.716897377369276
0.916287577,0.585266172598379,0.505416108013629,0.785432691441935,0.849354592485142
0.881497969,0.532756334635383,0.484736464673615,0.915179208431287,1.1430279812249
1.407164961,0.530120479630661,1.23741136697672,0.854372506447576,1.10798420892823
1.596875294,0.750684097403771,0.885146680962484,0.52845865706682,0.583645223491053
-0.163562901,0.435767222055832,-0.0658238561812924,0.76300363968593,0.704501734926815
-0.254668151,0.208635773073471,-0.346893685945627,0.543635742953371,0.276646566334296
0.504060146,0.192047801983676,0.342118345269301,0.448809783599006,0.000318895064944945
0.097811747,0.0734871090962354,0.0309887589217884,0.489517921002077,0.599091701769308
0.800266521,0.313604748331733,0.563073299105306,0.475163836726795,0.470891410268472
0.812714958,0.405006305761743,0.595100041791123,0.604419696786189,0.71142750004537
0.660381858,0.50206727915976,0.456238814755909,0.772867759841966,0.931264043843338
0.910885569,0.40785853268716,0.678986491945428,0.81623609975865,1.31402217972684
2.236652301,0.848105235993141,1.94907815276017,0.642515022439126,0.591448121203814
0.26204307,0.249884661188168,0.398524989153026,0.989920181224877,1.29585149730283
0.5113096,0.418721306808916,0.428991713518486,0.718523273228849,0.678642173169633
1.007583465,0.41085249588698,0.944185702348333,0.673059003271104,0.167512414176691
-0.320210533,0.208264338444251,-0.266257515986176,0.639831898487894,0.778354613815905
0.450729659,0.338080835058701,0.323379568718829,0.718688493609624,0.734056690619631
1.531727411,0.391165175501904,0.718008139275812,0.785692819739077,1.17591135340986
2.261545465,0.907306431371316,2.72281519419016,0.475485114746387,0.898732326152396
0.537547524,0.40422645772602,0.633994853470118,0.695625061607143,1.00978084657978
-0.177641142,0.236741558895343,-0.233273622877679,0.688835015406076,0.537030599114629
0.312869214,0.299027165741322,0.225602730960888,0.152102946196582,0.0906164122285691
0.348637843,0.103598059395526,0.117149170659928,0.0610206702966379,-0.137788921304607
-0.80082126,-0.0746386289026599,-0.586817175535349,0.413666087643881,0.649424157674215
0.925069982,0.359594198210131,1.0173807579413,0.52419329455548,0.275062697768602
1.253560782,0.414300693501601,0.847573674280013,0.562698015865186,0.729561351572792
0.722723708,0.465515793267484,0.507806478548895,0.84007123411612,1.09503621725481
0.99917174,0.310180567515615,0.886365154381316,0.933621758609442,0.966099350065184
1.328963412,0.402707307333389,0.899780891048118,0.728733000610626,0.526522668582483
0.068500244,0.40228998197756,0.40539822978125,0.891645185207726,0.727622590546371
-0.009663013,0.175500571954758,-0.030789866235515,0.855379843782729,0.753376724311974
1.377599542,0.240443446977123,0.988742349109945,0.653172535898115,0.30234237417782
0.565465275,0.326422168572568,0.674792001374702,0.454564313775339,0.904071072114212
0.642871647,0.348685583813196,0.3731726138701,0.671493274840838,0.616128139863976
0.501779055,0.464573207778419,0.260946042713715,0.803702395943185,0.818485624628073
1.064944406,0.442348102163298,0.699194746958669,0.557251227377474,0.550956707595279
0.607956739,0.228955841242442,0.301015755588881,0.522631857937978,0.698103907811504
0.455268498,0.130588749715265,0.129357513159873,0.484530969204376,0.416987899110081
0.148433383,0.197622361443041,0.249241116228569,0.54290670861433,0.388721876191023
0.257521317,0.106020734710593,0.257909928977713,0.450589127921302,0.339506770175185
0.468353975,0.118348901580764,0.239406325131622,0.34040296470353,0.397003140942788
0.558092396,0.345186964159087,0.264846575690501,0.478096632859708,0.453998740427118
0.288390942,0.316598210225698,0.255227242702392,0.641446381818077,1.02819917058353
1.626124594,0.569320520367074,1.22390671392277,0.600354360300544,0.611178539264389
0.954269472,0.490451020029521,0.752183858349734,0.778822935783964,0.999466947686823
0.540749639,0.492858147099606,0.342510347308572,0.751101425298518,0.873314503649067
0.749144346,0.515284164678291,0.594700033663763,0.767524852942725,0.586723488558306
0.547245447,0.410451442771314,0.392351354705606,0.732659338877102,0.680245273106997
0.565499822,0.417245846462878,0.425787026986128,0.76415401654992,0.790750486651774
1.015506386,0.416394720652596,0.721836715649825,0.726508187212044,0.762458477739872
1.030614247,0.432970582437764,0.749799160697231,0.697117353876801,0.747764153740744
0.57218333,0.608265111313141,0.373046350892883,0.88940171388478,0.712369440713797
0.292003522,0.121067796643065,0.574152007154609,0.752305275169993,0.847062636192415
1.307814653,0.251031521344649,0.944349188839008,0.590851265087504,-0.0169787124048167
-0.577781239,0.129242541403784,-0.342656651223982,0.705282828310846,0.959226363944106
0.800562814,0.26302981650841,0.817145548167973,0.51792770880669,0.0905941857965849
0.530184857,0.173079816741491,0.341849849858552,0.360134219688164,0.474056386151527
0.351082638,0.247240988787701,0.347107359872325,0.436099269885464,0.328556156674327
-0.192759556,0.316580352643927,0.371632525767811,0.883620599698063,1.10801390151946
1.996543761,0.310655320484154,1.02763067452005,0.527351192927043,0.408578252714123
0.956444011,0.307340531388645,0.741532872461996,0.612796216700126,1.21086766368503
0.842494663,0.152598498672022,0.407306346470029,0.534118632620224,0.61330462455539
0.194141675,0.218496993378142,0.155717939987796,0.708798664978747,0.42632403885186
-0.124964145,0.313342749173709,0.153224151172562,0.670598068518837,0.424637178130291
0.556148989,0.229462399160761,0.460649950909808,0.0824391036521849,0.236181290206404
0.946097745,0.177963001626833,0.722249024431313,0.156722178919376,-0.668819607616337
-2.341054397,-0.185953446406568,-0.236481386470953,0.491760749691849,1.06704411504997
1.549029294,0.0281034990127864,1.0267968080294,-0.0436626978703143,-1.11730188356994
-0.442641461,0.0705369555394871,-0.12292719020704,0.14836130972713,0.521343410752015
0.054653198,0.123312688358203,0.0655745317752333,-0.231880334623262,-0.249269875380476
-0.39285934,-0.000171216162389957,-0.322680807785234,0.328206045016291,0.193317049018688
0.344428719,-0.0993790568845261,0.299519046202474,0.0188246043680984,0.102294931667646
0.64049273,-0.10782926365254,0.683542156026051,-0.0222357344534716,0.0954268681689663
-0.020648205,-0.0316214213700341,-0.0320219705446559,-0.0113677512879452,0.17459599702505
-0.262758006,-0.031270914408608,-0.0135055106963749,0.178364103811089,0.00723353708433703
-0.020095672,0.0706852440149776,0.064430239862757,0.0294299527702721,-0.233095417815212
-0.319928811,-0.167622586869472,-0.295502899673947,-0.0498369593234981,0.0379165928313791
0.179316688,-0.148459675228606,0.0912977921795142,-0.115138291686918,-0.231756976837274
-0.255988795,0.0514675671028558,0.208634170891583,0.161596750951409,0.166651178258247
0.110630244,-0.039768576448281,0.126112345113982,0.25064568565254,0.328914359828332
0.948363646,0.0688334250791596,0.892849604628378,0.0819390170186565,0.207541685400202
0.470891271,0.0540156149703479,0.378917291871083,0.0995470475482611,0.244187909418431
-0.398322387,0.0980065657153609,-0.0728803131960564,0.420447375079479,0.298930639183603
-0.045068564,-0.0631683407654894,0.00190040340973981,0.279704961080971,0.248432105712691
0.918378583,0.202287559830552,1.21521410379178,-0.0442947637062059,-0.117164120286668
-0.214756425,-0.0596075854038056,-0.0875662738841036,0.243489760944433,0.46991176536226
0.036440644,0.0290767300154036,0.0322894441115391,0.440908294631473,0.432410547187665
0.931934086,0.405328598847026,0.410908550335736,0.446047369500761,0.476719795089908
0.944518332,0.309454675684704,0.78662333032055,0.651703483497503,0.830003484871539
0.868835802,0.535652993147497,0.869977846997358,0.769799295403871,0.881644098446371
0.890129034,0.50060945860457,0.942730650129426,0.779013998953178,0.719699079838862
0.620489448,0.223585339318163,0.762680941200912,0.668910893962059,0.561291758387792
0.208905062,0.252248021607437,0.0769211463613412,0.690605537774445,0.519654286304668
0.266617316,0.201541649196312,0.401357616434328,0.491611093186498,0.644947276678745
1.240570906,0.302782351008811,0.924546855733804,0.299414014101798,-0.00362220256816722
-0.447116754,0.0346200261768681,-0.325046884606829,0.396515749164471,0.896813396903704
0.819600133,0.280090979831932,0.828066999728812,0.225227893251844,-0.100729034290897
-0.005940244,0.18295690879724,0.353735880402929,0.270586542825508,0.397168681506649
0.131464248,-0.00460356716454374,0.253567414179975,0.063863096510712,0.108037504549397
-0.026876368,0.181629882666915,0.464301287734517,0.155580563937211,0.543998272165739
1.19298467,0.307032546036899,1.0098951010638,-0.0922518513369258,-0.175589661699707
-0.354452542,-0.175448013688228,-0.191021359196624,-0.145790907868566,0.353807632163332
-0.170167776,0.00487453453333691,0.395792123065666,-0.270437824886901,-0.612272952074264
-1.178855452,-0.529352380408539,-0.948370384620708,-0.252142625818409,-0.327344192299109
-0.481730651,-0.240434060210693,-0.23814727376734,-0.551512127986662,-0.773986270823747
-0.478786607,-0.314669009335195,0.0698410599186115,-0.588752785031489,-0.661191057561771
-0.848922884,-0.551195431977663,-0.597531320728099,-0.576105564071246,-0.369685910668623
-0.219463056,-0.092169952388664,-0.132819390217858,-0.400239768896424,-0.601826250416303
-0.504472669,-0.0689719341449799,-0.35333197935434,-0.243709697803239,-0.0843952206495715
0.202989835,-0.174602453227468,-0.181025583972951,-0.350483371225082,-0.355632330021677
-0.271735718,-0.0528075514112506,-0.0975084784348456,-0.202551345917845,0.0319299745933344
0.049098024,0.0913450840416686,0.22770765454614,-0.200951579125427,-0.372136595318357
-0.665861998,-0.11617572210804,-0.200949810684458,0.0980116045634746,0.129879632416683
0.292375026,-0.033820319112139,0.248418538673982,-0.196717122445652,-0.276023669524126
0.000803971,-0.113790704782127,-0.049220328654904,-0.0358484297511987,0.121544999183537
0.099270371,-0.0387085492836187,0.154568087858146,0.0437248564202353,-0.00470337644981165
-0.173977809,0.0168491536199166,-0.0390163058134891,0.230564936006459,0.421476339798272
0.676858497,0.125187365782601,0.591922239625788,0.083246252294922,0.530784007350901
1.380907668,0.402519493006415,1.42189129894872,0.0921633476337654,0.352165905031715
0.230813894,-0.607463059070598,-5.05200491673779,0.207992439116686,0.47163411074255
-0.341298322,-0.20746703518523,-0.229063298082812,0.55479189057804,0.113482930337593
-0.294967763,-0.198032780820846,-0.403175976170812,0.29821847599007,0.193538422568465
0.737136526,0.0184003092629945,0.398837297935914,-0.0899884403512435,-0.166567519144261
-0.105894177,-0.116551434713547,-0.0534983837241409,0.227702937889992,0.43320452251541
0.199448056,-0.0227053630871376,0.0755719508220569,0.0440787670081031,0.376150370653184
0.913990873,0.212414968392063,0.624328610298992,0.0747712085368954,0.0111870555714001
-0.128914113,-0.0682547606805683,-0.0118228600308393,0.105407958804484,0.277220182877556
-0.159166381,-0.383229179397941,-0.442098029281261,0.319901434360257,-0.369915688710935
-1.129497622,-0.102747717814278,-3.97026949123965,0.688082470761728,0.63152252827707
1.437103212,0.0982504119840521,1.26780383064871,0.242942687232558,0.0937490548664576
1.366568551,0.258712847553293,0.668230847978934,0.259899549336052,0.557490770381068
0.026297136,0.121087546246101,0.408359146550652,0.41000448928348,0.722130824772238
0.165832452,0.247868616671227,0.177833563149905,0.301129838793537,0.0454912957842696
-0.193910626,0.10589588831078,-0.107446433541904,0.358092711880316,0.203936276428236
0.131979083,0.294164280653599,0.442893257926587,0.361776240077245,0.336033081077885
0.521455117,0.343768300324166,0.428111282222114,0.402834751344923,1.27040286389072
2.783484704,0.663790780985687,1.27603703997901,0.306692403351088,0.506319168845562
0.577518763,0.259627082992627,0.530815154967942,0.664048972834979,1.43370046441386
0.46520768,0.336944176114939,0.388803065265757,0.554886103973394,0.552447327514289
0.332506689,0.49459316384715,0.591332765745052,0.597735292604892,0.149315735981957
-0.29625818,0.0593052726870615,-0.131258040867206,0.47192885833346,0.269434716769643
0.010511665,0.0282677327152209,0.0779261863432202,0.40773480052193,0.463610556270541
1.187817289,0.546109791073781,0.959578051361099,0.429811011604546,0.37364781702729
0.67659596,0.282345184084964,0.506949796174939,0.5909902477482,1.14697450629535
1.354801857,0.373042173711523,1.17798913012245,0.731756871737786,0.815674655032032
0.978791901,0.416694182277476,0.590662227942804,0.792242646562492,0.874556575169614
0.452588331,0.426656200497697,0.457257784438565,0.892236920255558,0.856560620059653
0.634561724,0.3135073919706,0.513666414284903,0.915889698862653,0.777578710344983
1.041245014,0.440426824118188,0.854276879441611,0.800321970725705,0.750832099173758
0.875502679,0.287419492713196,0.619076494991214,0.599382823296181,0.947088627818994
1.11773642,0.659898419025917,1.39183783179355,0.626112009073989,0.33203147452908
-0.366882909,0.0551425302482806,-0.376199194123768,0.972367652023268,0.825661112450282
0.398564377,0.108122397399536,0.230114278097264,0.670231484966809,0.688339215175793
1.754866208,0.335684091172436,1.1582390465337,0.506187418835912,0.272420751737673
0.154964881,0.145519027021885,0.248347843554145,0.618919317636863,1.09201529127174
0.576571815,0.610531723014377,1.21760673717778,0.974789532496402,0.697455027507789
0.981633298,0.425022120569182,0.901583786198282,0.755268440876379,0.932068287802713
1.560614922,0.405848608367474,1.34811428597895,0.346714041110822,0.435102608547364
-0.051576961,-0.038752470234286,-0.0214731265188622,0.775357290674166,0.724811771282277
-0.228205861,0.115532005292038,-0.130321861693586,0.781127505385247,0.686640944112695
1.305756707,0.364738863621647,0.771140748818903,0.489283082717521,0.208495250566228
0.640361458,-0.165939668243693,0.674582752149698,0.179376859205218,0.676904790438376
0.45425901,-0.122850204071681,0.394612838076693,0.377744560022886,-0.0365731687481205
-1.053110145,-0.384661627063267,-0.80815847058061,0.737724686425022,0.629443613241851
0.78844491,0.322945797359579,0.702692399784185,0.38470889987099,-0.0884408106047837
0.586946557,0.17030879830666,0.437753401260357,0.546156077591799,0.758800568812633
0.895585605,0.086088486642986,0.831035774105691,0.477958628090667,0.987997381141366
1.699177038,0.716434978813489,1.37812122069781,0.99213587505547,0.259897926739479
-0.66649295,-0.689886768740245,-1.10540334003649,0.983725239700535,1.57908952295416
1.827300675,0.765207189392388,1.93382801812102,0.822753605807058,-0.0546416731670935
0.242644838,0.0520720330289522,0.266375099039923,0.77328124476639,0.802957764936689
0.0222796,-0.0525245498727203,0.491902101652309,0.536644217069789,0.493470224262946
0.588486313,0.171434500755261,0.580506273829708,0.370695698112504,0.224984492843439
0.372819556,-0.165082942420451,0.164754018699426,0.590423325914657,0.421148500931984
0.080509063,0.200185514053626,0.0488702922797863,0.383184178352085,1.06781332202763
2.12988526,0.605915131814551,1.04382609489149,0.248088535433787,-0.16548186028742
-0.637600293,-0.107152548497299,-0.575458456642891,0.599519095310016,1.19353198524404
0.527919952,0.368073474615445,0.606896613456549,0.614651806722767,0.228487028317836
0.626834768,0.216351159838771,0.581298711926415,0.764379599354432,0.843343334666947
1.450602489,0.608618402744402,1.36527131233329,0.203731113446918,0.446833449521289
0.399502545,0.303443338526409,0.344400837735409,0.479252435054726,0.527459004318928
-0.359953922,-0.157684818136034,-0.169603688986544,0.600895288382595,0.397761801515867
0.24981871,-0.247774311262407,-0.0896147191181981,0.188585496439282,0.038856468989847
0.497268919,0.13734776123502,0.469171640553106,-0.235610866785121,-0.309758058250647
-0.83269367,-0.42742720980049,-0.664022503532862,-0.184486948583306,-0.0760985824673256
-0.678686294,-0.215728408770604,-0.665947773083756,0.163780165767951,-0.40252111303086
-0.394012471,-0.293289791041622,-0.1137772253573,0.126525267528311,0.231449138589214
1.308771864,0.35591362166407,1.12902354368805,-0.368097625591055,-0.139934941535984
0.256985022,0.0989686334694029,0.305485629876204,0.0873460126451381,0.315592836476533
-0.580481434,0.085129370474313,-0.166928496115379,0.341470840532336,0.446027775355747
0.655961572,0.164572987008857,0.842261936381416,0.311966541286929,-0.355174397299002
-0.369222837,-0.00786046929959569,-0.537251461898407,0.273917427846009,0.381453416856156
0.171400041,0.0801391917035953,0.345084817055893,0.231888000997678,0.297169077638375
0.96844412,0.18514084171006,0.522256487362275,0.334543590059082,0.0920230284728484
-0.057532942,0.351963464891538,0.255876005085815,0.534394997191067,0.831142496613542
0.860641363,0.228787479286526,0.571073391298347,0.507804606998585,0.342093655723139
0.599123256,0.175909581311465,0.812833704486626,0.655506574459331,0.697803133868973
0.646231961,0.286504921793938,0.556995612590222,0.648736150034561,0.654309486390823
0.665752694,0.496241155150258,0.690584989973771,0.741031019462035,0.727727767399132
0.824293189,0.399077050365553,0.532244633259746,0.710921291497397,0.705645155880646
0.729914078,0.431882866769707,0.736033296258879,0.684157368813438,0.828751959302187
0.922772161,0.453341320038777,0.883168972675426,0.681793417908891,0.613623207856482
0.435532633,0.324596688996125,0.463132690702157,0.799764090732467,0.836754337205918
0.784243284,0.43438320113357,0.591988824824898,0.659361881405458,0.623712019866266
0.782130624,0.319200673475567,0.700370974075404,0.600296941720469,0.631643131409731
0.622731951,0.396000632841951,0.494036853599657,0.665939788673893,0.36028860826551
-0.357419026,-0.142892120289367,-0.580711473318106,0.880406212667425,1.15076873600876
1.849341789,0.283120822684762,1.40897645182522,0.566804994320916,0.175756371461014
0.426041123,0.245132606735688,0.57555889702968,0.786342112225201,1.42516580080556
1.427725053,0.550302808260871,0.979665348460738,0.833699098386605,0.615682936192768
0.466787447,0.186075398447301,0.565625577240695,1.18911669142873,1.45583962131116
1.786182607,0.599785441707837,1.38525777728495,0.645464946113777,0.598536810921616
0.643989994,0.519311825000998,0.557079614875009,0.67719408330144,0.995146033731467
0.382794004,0.252453340717294,0.485059677634263,0.679542906944239,0.586766987083019
0.318112114,0.131734405419984,0.193453750512933,0.716774633568093,0.604182063023605
0.843233423,0.421389378753306,1.01477044842378,0.304552432815167,0.328237223377113
0.414258301,0.183761449926287,0.680582742039334,0.641027798365236,0.275459718253492
-0.470282488,-0.0763779592824337,-0.679688684940543,0.418108423396159,0.844745633106882
1.458310403,0.256464155486771,1.22311630901695,0.257271118821015,-0.222439095101166
-0.188669481,0.00367030718145727,0.00147884217471365,0.294265617711602,0.745935076048438
0.17266368,0.124053875139587,0.123052667516833,-0.0913940917009317,0.525451831425362
1.281422134,0.680913477533873,1.62047890397477,0.388098021858179,-0.113567672804483
-0.499066573,-0.137347062032105,-0.12978642700969,0.164760392971597,0.714605402734966
0.354552423,-0.00939123162501675,0.483363052615518,-0.0531682721232295,-0.074562467962042
0.133647592,-0.126613096149269,0.771184672755578,0.20475782750067,0.114043653195284
-0.094826297,-0.0253032309932427,0.00493385354135874,0.000941511073583687,0.229955303519637
0.397350934,0.157056285031941,0.549822693764222,0.363041766534864,-0.131780083227868
-0.534470016,-0.295144459071254,-0.226527059843349,0.741221914070762,0.992924322208364
1.73594917,0.511666064525066,1.32738509667848,0.253711711256048,0.401586203265993
1.3755523,0.150646479750514,1.00880351198602,0.336219348936492,0.836656758529415
0.266211579,0.243169902428801,1.05615868924096,0.842698437652882,0.797939508562148
0.038261761,0.283303698239504,0.0137791625492069,1.21579550520048,0.823083626166052
1.256650694,0.449617968844724,1.1837769602307,0.416178645204755,0.530071056787805
1.227164034,0.31198692426204,1.59050461301412,0.304923282931619,0.272977642808358
-0.749036042,-0.239933480155814,-0.346265147731741,0.870723896513768,0.935531156626282
0.607289009,0.20067279501211,0.0308533731583009,0.619798238912431,0.269823102223123
1.181429167,-0.0166464260817,1.09669725670268,0.226512511267535,0.195139801141058
-0.119163849,0.082576838459156,0.637205577207758,0.389152907977015,0.681885614085934
0.223687434,0.112374595646972,0.28260686301424,0.415238196669607,0.37024443357081
0.766647311,0.428690008663678,0.956113972482358,0.230259799811206,0.197608844493826
0.153240858,0.13003973440192,0.383322564480298,0.553895607993806,0.560959025180583
0.308599141,0.381547425440542,0.346170828044432,0.519645093213032,0.709676380770443
1.370596783,0.613478477624766,1.27165557438747,0.254613091548439,0.221588526909094
0.171359449,0.118196181699672,0.249399006735627,0.42678181601127,0.60617294005005
-0.170330333,0.0316536201710323,0.0314285834934707,0.586749230223232,0.655178369663738
1.02710974,0.827698795162705,0.851429039135947,0.625508868997001,0.319303195728123
0.58937312,0.198583782689638,0.567818839182481,0.689224383043685,1.20731538543776
1.791054762,0.679869864985146,1.6585050010024,0.386891982548552,0.426269063210356
0.205192987,0.191839426759887,0.354511187168836,0.669172504590588,0.969615582670361
0.344458786,0.0640517548240852,0.350490435047256,0.384110888786693,0.307085098351961
0.202958768,0.142341516389729,0.379908372581715,0.416521585350285,0.26007050694095
0.117680679,0.0316502209780812,0.653461250186596,0.36051246505557,0.328728330294813
0.40487129,0.232740901650513,0.636807173724928,0.407165825239986,0.358627269575884
0.544672087,0.168680440224083,0.635018508028156,0.411490046068798,0.583244574435863
0.883356842,0.330561852681198,1.01609116663344,0.367660258764468,0.430285122511529
0.376765445,0.227914905445772,0.430895360528008,0.366934560893165,0.489969249138008
0.22294274,0.190688525753326,0.139892588746648,0.179240440771054,0.0953117506126388
-0.226253657,-0.0316445425834676,-0.142411290620857,0.223043206030697,-0.0770996566896175
-0.483343662,-0.246084827072505,-0.157976035915135,0.165977939709514,-0.0750429049861758
-0.071362341,0.00702474879009235,-0.02142228651698,0.0386838230658756,-0.00191115344194858
0.445402722,0.197823904333547,0.422347883456706,0.0277341711985303,0.108792640154151
0.303067124,0.394916891892143,0.403027496434783,0.292158079251562,0.465622090311028
0.454517057,0.28312256195373,0.601392087244208,0.419935654842253,0.7732406300689
1.419750127,0.404910841117825,1.26055198236801,0.231315016824821,0.310097152494751
0.334113404,0.0376345736716624,0.342941820177399,0.169600004917574,0.312758072397336
-0.675596616,0.0235000219292912,-0.137914606362583,0.538592702781092,-0.00266161490062478
-0.772726776,-0.135456334170577,-0.0667241327449891,0.658062818404145,0.337533785487446
1.318011214,0.41414293420027,1.45285638361487,-0.00993777841639726,-0.17343223712874
0.466090951,0.0736102577299264,0.378154126532725,0.230827871486311,0.469655675862576
-0.179783521,-0.0787869474279582,-0.117593363757488,0.344032139054728,0.545909043155315
0.655359317,0.334431689903366,0.522751462863766,0.387166862307967,-0.0786017437798678
-0.211214619,0.128373053848717,-0.16023672428065,0.422959567672579,0.583553646647823
0.643829966,0.0445958417535745,0.635368164744174,0.17640475944408,0.195622429407566
0.591868333,0.145595812082289,0.605370610573976,0.102237836909359,0.218570295973417
-0.122105351,-0.0276589258435268,0.109427813881114,0.388152039586595,0.319440895281929
-0.062110305,0.203543445479582,0.192879419668234,0.512287148625873,0.354338054967804
0.738732116,0.285125913652892,0.713922899581057,0.347242724253254,0.295905740403504
0.632883409,0.47625281043226,0.704915123014508,0.301025656988559,0.673625936019586
0.762255154,0.187493467352488,0.671101561252176,0.534316287787575,0.580770176054465
0.484420501,0.179082211029964,0.0277995763073915,0.627513071252792,0.767534226881867
0.875063793,0.311787153172035,1.1957357341202,0.543482115182823,0.423833814316399
0.324972455,0.123263227502215,0.269051804759677,0.58644636706326,0.571950539521945
0.367803199,-0.105348815774293,0.503006459019507,0.449709397003628,0.229714844299836
-0.004477958,-0.0687935997896128,-0.574956686724835,0.481801277343866,0.398588967805322
0.430472115,0.100798434251514,0.470815661813936,0.214792184214282,0.22170776048323
0.444152139,0.0227125839040782,0.555165933848439,0.400874691539878,0.233061498883647
-0.078881716,0.0799751389617913,-0.0895845096250108,0.441808675250454,0.748461344526139
1.22453567,0.199913216751919,0.778615440205161,0.217932209093372,0.0738486230181064
0.145101797,0.305236444448148,0.378449730038976,0.396966538558542,0.60854487004193
0.120635687,0.127413932569662,0.0675758186767932,0.351406504973458,0.386283792293007
0.497793645,0.201543721262817,0.41384357169124,0.429052671873362,0.30550470571198
0.451225174,0.200424151801738,0.449533802108865,0.434981784327332,0.499362146465506
0.454447783,0.260553403927108,0.459052473823612,0.580253498947134,0.783882921307933
1.230767842,0.332363644206198,1.22654134915199,0.441905265900601,0.464307843439837
0.500610989,0.309279597033988,0.571978454571209,0.615517749555566,0.721393739891726
0.18607375,0.123650124543587,0.118925805156919,0.653507494278204,0.864241548896098
1.341558844,0.360510946093155,1.5494354584919,0.332664116331196,0.108291748665601
-0.003422489,0.0562729374552225,0.000359481212393369,0.0947394452881213,0.497149236109658
-0.201504058,-0.053352191742559,-0.191215152818566,0.197773023023157,0.0474210044516207
-0.219371226,0.0441128371079586,0.0519857902524771,0.403382440106704,0.286396788066013
0.70661198,0.183110769280377,0.636474928363644,0.388529510285374,0.287625296229571
0.719074302,0.23597510698863,0.567128941011585,0.391969625186147,0.859301099874913
1.265415889,0.382356882920176,1.16270670646865,0.592298277372725,0.593249425366933
0.373736855,0.558837789162433,0.25398577493889,0.951282137247177,1.16428385002093
1.122375377,0.648336811140944,0.901147731776314,0.980925261998976,0.895083196532619
1.347376402,0.481470733817571,1.03543496954246,0.905011685811785,1.01450648518048
1.212992288,0.17170402882173,0.898105933282296,0.775372085940988,0.548376882846779
-0.348476052,0.0917612633456883,-0.394635272542409,0.791427815057823,0.924479323087219
0.695130958,0.285356963958046,0.455429330062381,0.547971967930341,0.05074130164407
0.168709678,0.228554075149952,0.076661190757594,0.371262557787458,0.522024773632554
0.53280313,-0.0731753350942437,0.661768120117232,0.228509806814521,0.172007445025672
0.071502285,0.280735713590895,0.321437540277448,0.46085345293651,0.423215403772424
0.31468659,0.196239274623275,0.190663924891382,0.340468124071115,0.371707656641974
0.622684702,0.251672652670314,0.370112494481241,0.333552217551395,0.411549537660107
0.439219769,0.0628767672333938,0.379750064141978,0.718363282737336,0.826712898333669
1.145780852,-0.168219358074272,0.536590312704103,-0.101083531465617,0.586345241628705
1.379915091,-0.12624300877583,1.09332878988713,-0.156854242169978,-1.01031861635267
-3.66121023,-1.04441943701945,-0.277577014834204,0.75865834182796,0.82741523871313
0.352807688,-0.753445499975731,0.636100522589405,-0.149715886034767,-1.37130207261459
0.192360085,-0.385709891598655,-1.90649694448973,-0.323442635294926,-0.0459246553411708
-0.007550777,-0.847403082009603,-0.828439629353429,-0.700810944935387,0.24377074162705
0.344131823,0.14358854750825,0.231759107730697,0.450102517040909,0.181120583032967
0.262237718,0.225300269414135,0.226192253090698,0.58568851150675,0.561914413779475
0.872527296,0.243531105075803,0.4792400386736,0.516693139446906,0.425093558504003
0.53819245,0.285260430313744,0.511385354932167,0.624488481695081,0.808689401045377
0.943490578,0.224969071662243,0.585909566847599,0.403205626745854,0.399487742485618
0.276318605,0.358300635311921,0.452476964483752,0.46469532181705,0.408531467562312
-0.060567857,0.0877770219832266,0.172164362608016,0.385029872388976,0.118443363240138
-0.197587164,0.188932405979186,-0.173384392527627,0.416506291526711,0.124342999527651
0.133419259,-0.0169072174116499,0.210673316155658,0.167740363048535,0.354919823669038
1.051375988,0.141149204476608,0.942869947197529,0.0143574350527779,-0.0106806228663805
-0.153002331,0.0701875229744205,-0.148404589598521,0.167376105625083,0.521606638393144
0.147639306,0.0544125769478712,0.256526610491045,0.28944492769657,0.0393728896536704
0.003102812,0.0240455998070737,-0.00491554324080043,0.228772865132561,0.296951087375378
0.55800537,-0.0676307580073974,0.430376406786832,0.0113961287222568,-0.0117093053781592
-0.107141264,0.107546137659745,0.168835835220667,0.31590487112388,0.392262189269327
0.078333367,0.10680966137358,0.037039927565918,0.159760788553785,0.791508531277238
1.914593084,0.642647651399048,1.86148994452889,0.44974010149335,-0.0513018534014642
-0.391560854,0.201927725924708,-0.149887978087752,0.297662490583094,1.37379278074472
1.309876416,0.640387560944356,1.43620567566698,0.575788386151873,-0.0531208615970933
-0.082620484,0.092107657904328,-0.113784931500297,0.51961691807442,0.721331954046934
0.254972237,0.141666382791244,0.287571194920835,0.187366649315219,0.465994507712104
0.936754,0.26177799848954,0.83044124916668,0.821159459132225,0.251979868342318
0.018023293,0.387478530281571,0.000495835873003023,0.673753446278123,1.27433630503309
1.865848677,0.410866236098423,1.17990946546203,0.495020059593803,0.509369495920527
0.99536596,0.435662283605563,0.520143977514007,0.811519685547448,0.912498102543356
0.046788233,0.266576964338277,-0.0278262520511017,0.60006981396025,1.13792050467706
1.373664055,0.458825913630088,1.01044504841975,0.996237186376144,0.171303917095117
0.009419379,0.370877132939991,-0.00643918083030516,0.733044676573647,1.03836770782399
0.877971199,0.520416643122963,0.455574292917421,0.534464890362779,0.534995454805473
0.85046179,0.426733838446625,0.384412345538181,0.593777648309534,0.918253606901031
1.216116403,0.247778209446233,1.00183614014806,0.511960517959497,0.514209216623427
0.14381768,0.352396511671724,0.0219288577605304,0.724481106289566,0.803837438230654
0.513077165,0.369631518407261,0.488517668447622,0.497663283864289,0.188006118554479
0.088477145,0.16126611315948,0.106168027160915,0.488574624565611,0.256158049961423
-0.103923282,0.151859737844984,-0.117503173751449,0.435740291611376,0.474066938213353
0.718427623,0.395862540649512,0.323612697876667,0.495534008807336,0.600978355907513
1.256678169,0.407733016145982,0.771825042535016,0.790708264550655,0.967186906338854
1.384158786,0.635767756538139,1.07548807925085,0.875050459084213,1.10296766647658
1.114430299,0.724276371274782,0.787364840790766,0.908189631219814,1.00975199865584
0.638488361,0.662146942304401,0.347797909572897,1.00719445811933,0.996603751503469
0.857684313,0.646896308731713,0.585197659318577,0.968967308703806,0.738463856702477
0.677077731,0.431551649190698,0.438293844582189,1.01850040884731,1.03871090216413
1.129842133,0.645972205791039,0.66603099033787,0.953527075175069,1.28595557553315
1.973292436,0.587227319538422,1.63076572161432,0.958515137038047,1.1779206708838
1.468036571,0.303188002398319,0.803821241358801,0.960715588481427,1.06021721703348
0.238704451,0.371486300011074,0.167719412502806,0.726864434918042,1.02975261590618
0.647174479,0.36124596382803,0.671789753958951,0.670050261950934,0.168725004057079
-0.124897977,0.211575057097347,-0.0755201960815415,0.501218419221597,0.348410662526349
-0.069767061,0.346779451252637,-0.107771003471737,0.433751340455631,0.46424115544112
0.954926158,0.110129215684592,0.516978134665411,0.297909786403968,0.405309281578649
0.986104103,0.297887464011699,0.942067893083442,0.463913122473355,0.514484783084042
0.106576484,0.26273000009556,0.0942801659510579,0.728388908745897,0.932491312099471
0.920151491,0.481247613762827,0.507178635866925,0.784381305449783,0.531438218402157
0.79264817,0.480553752189801,0.484934123717887,0.821036140545031,0.924621782971478
1.024824919,0.398597662687446,0.377278362204471,0.622440029534754,0.934040527045107
1.208842512,0.47871184389192,1.02254922488701,0.921416040530598,0.642494909996578
0.12661885,0.615890355520054,0.18249724876769,0.981962110693799,1.21101575891093
1.324372862,0.519600336095282,1.10915947092452,0.806781031764024,0.542617594879105
0.85455249,0.511834166161434,0.569101317938053,0.761442397810595,0.83363285819493
0.350192016,0.610214363892925,0.386374026759096,0.797224833014521,1.12183402650877
1.322189469,0.68488067936401,0.997042937170452,1.08233292247171,0.943638247848611
1.530310824,0.63171425289978,1.07409052271954,1.02688637362851,1.10637376657311
1.007748829,0.747508086752343,0.633547041169602,1.05918716587081,1.29739228815806
1.109801646,0.834388032743685,0.715820112286217,1.20771254130227,1.11347874897683
1.179264134,0.779815195501118,0.873475524630787,1.03854901519017,1.03960040846908
1.027925395,0.585951599886067,0.735695549946964,0.940539381181449,0.91849746138446
0.658528843,0.72815085737729,0.450603513163137,0.999202643427238,0.887721757505162
0.672904513,0.638290019501834,0.510276349258479,0.932650868627219,0.873747816294135
1.088235627,0.430360336521402,0.763103824530015,0.810387050460677,0.691312178169216
0.749332822,0.332589143929642,0.804938321724513,0.665800632344047,0.734179939119854
0.56232426,0.18919407493544,0.296762943894216,0.733996685777862,0.273835594719011
-0.514869566,0.227921440935093,-0.433044724397548,0.984741869875289,0.946484051624272
1.311776008,0.580050562028736,0.877370205367002,0.772980978385812,0.430420731663186
1.21523837,0.578530821925247,0.896064317976791,1.04886401771747,1.11845786496682
1.158243242,0.628583700804594,0.888251043409828,1.11595114636048,1.22831431427368
1.323277599,0.75582919606702,0.991772386632186,1.16300509098941,1.04629630467459
0.888824301,0.950114185331529,0.568793398907851,1.19939945069957,1.22850678057664
1.13947208,0.810524841885429,0.756683051335395,1.22023137459169,1.10539661040136
1.202546412,0.605274266845301,0.754146786406971,1.08446672669698,1.34938144009254
1.84986995,0.483953954602023,1.45178574922618,0.811073623993366,0.645126881302161
0.098847653,0.433322161201839,0.182844983698641,0.675521682488684,0.933503521614998
0.101566219,0.437694505916116,0.270970441078741,0.680757285795367,0.273278576190247
6.57976e-16,0.308581054843383,0.088037364325614,0.706940415885817,0.735988852306363
1.378678665,0.383334034378497,1.01775296256569,0.48699680186992,0.5495545340725
1.138793906,0.343877267219774,0.809057616289725,0.849544043786186,0.955882427487544
0.636910574,0.533775776607583,0.328215303618441,0.857791450722317,1.22355635738016
1.391061628,0.550530594060883,1.08111640040247,0.933675205027083,0.758240088354137
0.855323672,0.545720535060766,0.536612583865157,1.04433330749668,0.899449227015474
0.284638228,0.527165839929776,0.126265743507728,1.04486966768896,1.35226581109397
1.886543296,0.219533674835846,1.33469607281669,1.0382477300909,0.791171527052455
1.21947331,0.430214788132074,0.926259027563947,1.04342866938763,1.38310701499691
1.136089549,0.570526299158988,0.889285162890956,1.18433432457529,1.10929530748766
0.837768679,0.548856178574988,0.468994690877154,1.11330913193999,1.31535421173076
1.682417991,0.70530405908236,0.750994091391929,0.856188421873125,0.583074338921738
0.122960074,0.560926170670787,0.0574175495698392,1.20458962031758,1.3675816481066
1.179240853,0.619392822998909,0.802649696041153,1.00499237508316,0.735343942821231
1.146423342,0.395915584715461,0.674463790350949,0.915222948478126,1.05093943365905
1.186236478,0.497753856071083,0.934098732207535,0.909430445929511,0.700753029827679
0.117968429,0.738766290277416,0.449210936885881,1.15481264812051,1.1517689812788
1.157345547,0.358762710940067,0.748302244396055,0.902065733672615,0.610437367862821
1.07907196,0.214788473251588,0.725326084079917,0.770010465625894,0.601815052359375
0.108880471,0.375226864525538,0.237851509327951,0.516317111685347,0.821465366262872
0.612831352,0.390893452028095,0.332459010294641,0.738679052175566,0.296782453769532
0.226760603,0.326707782132451,0.0931480928712145,0.644200313977021,0.771922486885093
1.018236622,0.372134985406482,0.749830627225917,0.581913830800223,0.536522438437204
0.763949815,0.633742197050762,0.658900892349086,0.823608030586559,0.943646527038046
0.922084126,0.472831093294717,0.535685429715215,0.820966156073445,1.04766120807043
1.345997732,0.543140007318437,0.947518657650112,0.888575314966304,1.00336170603337
1.231103469,0.0914506689155434,0.910647815395926,0.716923368208949,0.835012353795583
0.483211931,0.464763605029745,0.509414609020162,0.570293530695582,0.552315702008623
-0.180665064,0.288195666641224,-0.0431351256246488,0.590417844824629,0.364508635558025
0.121241338,0.204992088183463,0.200177987810401,0.300611342648494,0.0661597458465421
0.157682002,0.0265815040694927,0.201282741591102,0.375844071705693,0.254943079327386
0.321791394,0.151457490093614,0.167596411918597,0.331052287739069,0.550703824849363
0.926043648,0.182785573418507,0.699863395737772,0.287440278039869,0.701899605565011
1.346613039,0.282573314978276,1.122631767344,0.405119533233861,0.294188931990506
-0.393964022,0.121548369618379,-0.358701588846439,0.671992640203057,0.940503692084172
0.598870648,0.261473058500802,0.35422471080028,0.439412332337153,0.26950446680028
0.840258295,0.234312925631458,0.495109116427869,0.443977133554207,0.141231561435196
-0.458927687,0.039056266217493,-0.263229978179236,0.386520262360151,1.01118273850998
1.491854294,0.203011219476139,0.979096311408036,0.331233889213054,-0.246313325532799
-0.375619628,0.250120440695697,-0.245683031983767,0.524665045680195,0.942860690625196
0.655935509,0.305155026982223,0.461910383213286,0.445495699563312,0.268785805341577
0.609148574,0.339446350497067,0.257582025599299,0.681534720618774,0.78519880579421
1.004883586,0.412015029070608,0.853025906898985,0.603717417458579,0.895656252612793
1.338232023,0.766895293889663,1.04159510115522,0.712109390955988,0.656916388958724
0.297027212,0.364600000001345,0.247432412269674,0.75537365661252,1.03068956185506
0.836880846,0.466480515681679,0.635170242357971,0.689268089584318,0.45858531968903
0.443544709,0.310845410430659,0.424210032250653,0.73435718124416,0.708261929182283
0.520339732,0.303408361618692,0.433144071179346,0.453728626263772,0.900907176280524
1.523057946,0.26421689765444,1.22438865549725,0.504480719884092,0.302906832122903
0.026083289,0.253859420945316,0.0417610401114789,0.545265462127406,0.910566876809246
0.454320209,0.260554360638188,0.467907564289444,0.500671441963716,0.323789239506006
0.411786003,0.273827405480204,0.332298728814569,0.421095947909392,0.442321018971874
0.499743127,0.243378653337007,0.468360086443546,0.354799112151373,0.338147337964858
0.204430527,0.287333168403587,0.267709088684332,0.512024326924778,0.541568878678923
0.517163514,0.250248440405021,0.412241299402274,0.551543980897035,0.645975126744202
1.059428454,0.320633986447232,1.31674046974698,0.562875892751221,0.720601345861742
1.135117061,0.253595592673347,1.04263929659787,0.435298133769969,0.484856644807099
-0.034546305,0.150263049886477,0.458541748891234,0.628411036931493,0.645462058215024
0.176425465,0.205989520409773,0.285770089996377,0.397916382837971,0.169661864746774
0.213689712,0.0868690936179238,0.442739598537331,0.342037537600765,0.153540983582076
0.169564897,-0.00982315393069103,0.238522394018992,0.0337577895051296,0.0782351695841484
-0.085038409,0.0480900857390956,0.0268932567462772,0.18183930004134,0.159506356796038
0.002651333,0.139442726751284,0.19459971544882,0.174227319750959,0.449262870608325
1.079957098,0.551605514137148,1.38396959702441,0.0358841670164071,0.0865106491570733
0.21883329,0.0127252645720345,0.199963233559622,0.0536220743277468,0.430808886128091
-0.141650278,0.0106886987358794,-0.0186068180000622,0.294592905799623,0.377589253516536
0.284467653,0.317252756809619,0.476395876254425,0.395791551124967,0.596607319373085
1.326429804,0.416817584168366,1.38006303509899,0.285757338331208,0.574043025794609
1.095782922,0.229676980360703,1.53392188153623,0.4938330538638,0.533027145055002
-0.185109421,-0.00570434010962605,-0.171335547411325,0.442621842816837,0.757034701293307
0.454308615,0.207319090888875,0.510087029922318,0.261614746752357,0.0780172418897971
0.138486092,0.0421913578684005,0.189806129022076,0.223829779125012,0.29310019091171
0.179759921,0.0983196813407495,0.171422016192106,0.292029836025238,0.240930887528156
0.254160957,0.193573751505482,0.355642381415366,0.303451576810528,0.389493756761913
0.707766305,0.229247659368687,0.724114271016676,0.106127656598442,0.115700692530385
0.014957717,-0.00704569505272448,0.114415942252567,0.177989042866612,0.23860009453664
-0.162332287,-0.00044381299278648,0.0863075787251537,0.12581663262927,-0.0222012845015859
-0.19479975,0.0539309581685311,0.0961317696927023,0.156189381272476,-0.0181866954304886
0.002950146,0.0301118480784137,0.326849395984163,0.114550014929979,0.184419056930619
0.594473364,0.235467481507576,0.812338748099423,-0.0207190722407261,0.145445043056774
0.427550547,0.195796790904183,0.665924371459186,0.0733031823439652,0.0925318357275463
-0.422395878,0.0578539308307963,0.0200650118482642,0.349071959740285,0.361348242348752
0.218595695,0.152349005122594,0.276896846549188,0.327082455603534,0.180657343734918
0.691568039,0.253021680300223,0.888447806204116,0.160064951658911,0.293172815874894
0.528467193,-0.159033737811252,0.537991305243361,0.152115590454015,0.288799713768434
-0.048381528,0.094061874490488,0.126754513270451,0.263048146768594,0.302164009103567
0.118852336,0.100084731015631,0.304557831118707,0.147445183182519,-0.104340559105644
-0.25783827,-0.103078577124145,0.139791697428641,0.0910656733546562,-0.0445974794670972
-0.221178689,-0.202320579502194,-0.169469762877672,-0.0728090065927687,-0.128920923400768
-0.037072427,-0.10134252013609,0.196599091840569,-0.180690424911097,-0.186669052509616
-0.131297682,-0.128494503505252,0.143706112230585,-0.155767128992551,-0.17613384478784
-0.333780629,-0.281648711862698,-0.397144061885749,-0.0522976025549365,-0.0745663884956381
-0.073761208,-0.0930141959988989,0.0103954375349595,-0.151001726033548,-0.0346961434273168
0.337964189,-0.0889184425465562,0.277170358148416,-0.209758762212272,-0.236351144702026
-0.450704558,-0.0942341281408427,-0.000238306783861227,0.127252333496195,0.196981909707559
0.068339304,0.0450091761865274,0.194239027082518,0.0940779699325755,0.0446742498578985
0.365207229,0.11577495869166,0.486206169706341,0.202218885509239,0.408017998730458
0.841324284,0.134031304031665,0.909572497877224,0.261668407210976,0.469514149055414
0.668664789,0.108332467248713,0.617358471900653,0.40606995158493,0.578176083017052
0.42800174,0.261705331456514,0.44586089962644,0.510127052310443,0.443446295197111
0.148346589,0.171124121968453,0.291265176546413,0.506387333501182,0.493616095788002
0.5824029,0.225548337538991,0.627738394239246,0.364945146949517,0.18444464713856
0.130894826,0.102735589924335,0.194625538681503,0.391271620888687,0.467619434486332
0.431552996,0.236825437673137,0.492342342461216,0.329237497376282,0.241651032912478
0.260928269,0.173980171269689,0.449341563562143,0.448037274702046,0.436328789404317
0.464818643,0.170196980350993,0.48933957048992,0.387248143673021,0.414618794600366
0.535034805,0.305082299957626,0.601717276968584,0.496348379142736,0.529750589467618
0.54020714,0.355746538129862,0.636568556317173,0.434472658682436,0.803704893891054
1.30145973,0.434168513832704,1.20218636203693,0.262351420569209,0.204527903469464
-0.10186346,0.0347172063904181,0.074192128197909,0.288813978299203,0.454938064034149
-0.301118518,-0.0758058056976112,-0.234708669348635,0.284422325034087,-0.0240955558792005
-0.286444771,0.0250693782028887,-0.0994688397042046,0.371445382711662,0.224986152188356
0.66606973,0.313705508113206,0.452872273907532,0.183309339899343,0.280171084635702
0.817687636,0.208044877270257,0.382615458480853,0.289636678884958,0.74589111384078
0.928876774,0.438945443584725,0.910423270405975,0.418703645964577,0.980059498062692
1.499344659,0.60727417993422,1.28957274165354,0.341116156343476,0.15939427131772
-0.637583296,-0.258240929256684,-0.566281800730936,0.404274540214452,0.555828457017503
-0.371302107,-0.19454614851626,-0.38180898098603,0.0479484523615171,-0.109010174650297
0.162005221,0.00274491532849645,0.105976634394383,-0.0969856273130465,-0.266799211566759
-0.271890924,-0.191562409261258,-0.2805047272469,-0.0120221412060259,0.250618587304352
0.337174803,0.0241803031751322,0.384023113272857,0.0267016570892024,0.329765370024484
1.059032494,0.674837998040513,1.65769112326375,0.409711982354352,0.0537113924030395
-0.340395077,-0.136016360887308,-0.348858182015913,0.136667534991718,0.946163222284163
1.13690649,0.48202437520565,1.07106425379937,0.286714446728317,-0.11548199550994
-0.111893609,-0.0454418126812203,-0.0982283787592028,0.19181807578124,0.514307638400335
0.041180238,-0.055127549440691,-0.0554484664548452,0.175951817967401,0.188438374998696
0.291388741,0.308721358836325,0.502947610441706,0.466924499152912,0.296467015132722
0.424578122,0.174704168314569,0.651351732421484,0.184315446238073,0.760242647510525
1.609982346,0.50979884391699,1.36308486564781,0.29032243861523,-0.140927019041361
-1.002077957,-0.249885015313183,-0.401417259198418,0.669513571580948,1.28417835665917
1.391187356,0.568038910249509,1.07121894937189,0.0395471038081728,-0.460965308920418
-0.141029122,0.183248654701296,0.156349708420349,0.00717409395645646,-0.00452130046519782
-1.064508846,0.17744252832553,-0.39376964920374,-0.0292837473582382,-0.615520766904918
-1.605898118,-0.445039317825144,-1.68664488510355,-0.0191865563616777,-0.146218725503302
0.784988062,0.605711521520221,0.474416611912258,-0.479819938125611,-0.954018509978953
-0.651373678,-0.284969929456225,-0.40862348425708,-0.247344400534047,0.706919729217114
1.207783379,0.359657287951557,1.08954540586884,-0.48424779453527,-0.42753727873983
-0.386155563,-0.196647997277865,-0.325085644738703,0.0125019567075163,0.345659375160338
-0.48066594,-0.316516163406519,-0.512633968052356,0.0458497042846063,0.395146205702655
0.98289198,0.558561077235531,0.819578430489667,0.282539800569027,0.24829395236727
0.931748153,0.604167038270252,0.943807385993507,0.304520303645991,0.85470091254168
1.035747883,0.43985565839595,1.04272762349744,0.344051650900369,0.650325726945585
0.485592414,0.359385546939105,0.466897150954881,0.552203795813851,0.442585333242829
-0.206646523,-0.025964746738132,-0.258629166392289,0.711075118023402,0.430361895816221
0.104892318,-0.100062288636077,-0.532793620795263,0.575331723343861,0.64209162792367
1.514955113,0.492644518204667,1.38320881610739,0.343981731459143,0.328220936591958
0.628869671,0.171671712357788,0.702430708207863,0.425422892160971,0.80410110461414
0.38417486,0.150401509351106,0.43082742987769,0.193295800078713,0.306637743906071
-0.06966121,-0.0135423327207913,0.00816153631395567,0.158501482948809,0.0282337330538861
-0.284826118,-0.276479386579259,-0.346378577111347,-0.130284624357301,-0.454368650538006
-1.046595103,-0.285454222098482,-0.640128737798945,0.0208113487326024,-0.204689372795148
-0.253911947,-0.246440024796601,-0.340503851003814,-0.231067095147871,-0.304066574041693
0.424377355,0.126376936134649,0.322523143384335,-0.267901860588136,-0.320406723462881
-0.627753906,0.0276805946563179,-0.482483855818303,0.11886675600328,0.97901604043459
1.876325914,0.79346828208191,1.52861036020799,0.0419918118790297,-0.0587064367857306
0.402390516,0.204325754765254,0.421863219756393,0.342765519435422,0.854523582200657
0.168571726,0.077100965760518,0.287629297287334,0.282224128194868,0.431447609316811
0.378858606,0.104420975944705,0.321211187904146,0.215032235906066,0.0160045213462313
-0.216089272,-0.186130176663272,-0.240223112679146,0.2181872017092,0.13410917293421
-0.211006356,-0.116356107316806,-0.166286268848171,0.183856489778611,0.239051305284325
0.671902703,0.0683834529912715,0.50417546271482,0.129932898847722,0.0239786918321116
0.216970346,0.156451747389119,0.407568628705312,0.215994634478621,0.484267432567872
0.594902223,0.224910771003068,0.423481273437819,0.178908533908249,-0.178261308621232
-0.700435174,5.42786616038182e-05,-0.46534244175188,0.535161778794455,0.545523863179603
