630
-1.199189668,-0.290086890575479,-0.992140042884782,-1.08144447277686,-1.12304371816431
-1.188106073,-0.462065463462152,0.638203743193796,-0.712777729185565,-0.95871966594208
-0.925530074,-0.679641019703219,-2.06548679167167,-0.101342304165107,-0.478509897713732
0.022500586,-0.00587949883019068,0.238880959298216,-1.08324066714803,0.177102866281073
1.874399055,0.07672463935659,0.925019976491367,-1.01642843610896,-0.991250402571207
-2.023405184,-0.317342483542702,-1.55568901974214,-0.0905216021020393,0.330507917029452
-1.066344897,-0.449430580544683,-1.41475579915522,-0.887153036567462,-0.765647286715374
0.500060517,0.278854414439773,0.375424999531426,-1.0001532538074,-2.13989083647405
-3.677762081,-1.24660146750605,-2.51487286542306,-0.676247290581165,0.0460057298615377
-0.095553482,0.218890374770339,-0.048739175900185,-0.56861825983894,-1.81916438780231
-0.628495911,-0.0399807986086229,-0.432276853683113,-0.136206816037869,-0.326065921416149
-0.093031016,0.161319737418455,-0.492075755648363,-0.713390873437141,-0.403156760691854
-0.05998457,-0.0324033014693128,0.0772599640954646,-0.401092826518369,-0.550508229749797
-1.097448109,-0.05977754887404,-0.471680560677303,-0.24478798879674,-0.027725818392767
0.134700727,-0.130973237070076,-0.690608463025722,-0.588866650790585,-0.78303436014971
-0.591225714,-0.256357830784067,-0.56770913780393,-0.233899153026263,-0.41149240217167
-1.056767246,-0.288854705095917,-0.867670714340924,-0.486359836016387,0.0881530948840512
1.01075843,0.468163549528039,0.793752298245411,-0.793422569733159,-1.07499084793491
-1.221613649,-0.563662051866633,-0.940107264423121,-0.560613998431921,-0.101046778716862
-0.915864635,-0.394996735176957,-0.686242394395261,-0.724718968557788,-0.921386580503716
-1.016816217,-0.478202684623897,-0.677080613881949,-0.64079792814807,-0.616126435731741
-0.220534222,-0.328284215597407,-0.181372168599122,-0.944884426087794,-0.922776999753386
-0.844546042,-0.309767367039197,-0.554851451492863,-0.848931556475473,-0.587496613920567
-0.749506484,-0.316897464789141,-0.430808096295979,-0.972517242637518,-1.05169006639955
-1.325890187,-0.541044459423478,-0.816446018533061,-0.649437159046221,-1.06861329140956
-1.607416354,-0.516589409394829,-0.975460810289713,-0.619651334584203,-0.681929015457513
-0.078318638,-0.243867634026279,-0.141336513529468,-0.82763757184424,-0.967702640752769
-0.284322456,-0.417398674201522,-0.464765488496944,-0.876910129587454,-0.62151405699367
-0.866225912,-0.51520277332498,-0.714328629005257,-1.15316944767833,-0.834386969600695
-1.308721221,-0.608791695572324,-0.921290889507917,-0.753341430520052,-1.28907304891577
-1.90712086,-0.609151470587144,-1.31309983542527,-1.32912904203304,-1.20723961927569
-1.006646632,-0.680407702716033,-0.991345407088985,-1.40273147857686,-2.00123373409133
-2.394989649,-0.800677670337708,-1.63537731395535,-1.45474431173669,-1.10057664161772
-0.989524101,-0.46201835597709,-0.769391762349413,-1.54430933364701,-1.88094043990392
-1.590620542,-0.479692672738053,-1.03075458079651,-1.43130792801849,-1.26919508179139
-1.362855905,-0.625490954815127,-1.37536589520597,-1.43526950703509,-1.45767910527445
0.17824472,-0.0119014582939575,0.216780812493654,0.0223026016569322,-0.296966605759429
-0.77841551,-0.252762156135954,-0.561886220886321,0.0311249489475541,0.124443568086808
0.140606422,0.0264981817182661,0.106064576168357,-0.120477439327732,-0.419946370281617
-0.294473356,-0.0552478631428989,-0.0125566233501906,0.00727278236608084,0.17268718932117
0.468858486,-0.0405415933171387,0.391369321294897,-0.327248481176329,-0.380162463800497
-0.52408244,-0.182304194643358,-0.451754519262791,-0.0677748368976006,-0.0461665122533432
-0.498101524,-0.00880483003692701,-0.130681210010243,0.01990733293148,-0.297108618756781
-0.336447836,-0.112884207202734,-0.216426500392521,0.135988577538758,0.0354257724809798
0.638648947,0.0622734819762532,0.566737938450062,-0.209624165316231,-0.145907143203593
0.094789455,0.0147365498701322,0.143192921907074,0.0282233676574067,0.19770168211325
-0.106402453,-0.0533761047733738,-0.0529194901518061,-0.0706225015893614,0.06590450252895
0.29563781,0.0910072619952327,0.464584399117553,-0.19476612826187,-0.945114313032797
-2.045272097,-1.0462440593703,-1.81732090191745,-0.0869604185571067,-0.160913656154034
-0.674370791,-0.213263608527,-0.522280815908527,-0.374014570318776,-0.817299055346343
0.10556105,-0.0379964520702199,0.164222954348893,-0.247863899321091,-0.48749063056185
-0.084129237,-0.0163826533900894,0.0169902060530125,-0.476156231671502,-0.266717568553767
-0.179509988,-0.0104204008926959,0.126264716482247,-0.275568505451559,-1.19259723594052
-2.669721801,-0.549123613013278,-1.02102743792969,-0.155254092558795,-0.212279218914024
-0.248290555,-0.102802541875748,-0.15162127213139,-0.431142817984668,-1.3116748369603
-0.328577579,-0.133815831832969,-0.24183729370807,-0.48034726023699,-0.444572523691841
-0.375444844,-0.113005862502327,-0.147208861536192,-0.411472230394725,-0.230912032638306
-0.10073919,-0.158561208277866,0.092262048096084,-0.275859865875136,-0.232164626777899
-0.024137956,-0.190429291114963,0.0180930075518827,-0.21071547748075,-0.305143338303927
-0.574077858,-0.198880836661097,-0.425093384830735,-0.119363309438491,0.043638588498778
0.160143766,-0.0711627756154209,0.06607301249209,-0.137734960257095,-0.271126875194721
-0.013198592,-0.0524240631025725,0.067052515824236,-0.126287414683819,-0.091442413112963
-0.233236838,-0.0923647505042165,-0.0564317685711218,-0.1624127891861,-0.156257908189594
-0.298130026,-0.112607435363616,-0.203888174241688,0.0529887929703773,-0.28995066803897
-0.607871648,-0.0499560404822371,-0.496199620280305,0.235788442760026,0.309551057814524
0.879244088,0.429478639406777,0.827294575254295,0.145304041609871,0.236651215738122
1.115664454,0.463071439085476,1.05218905951898,0.211046324444966,0.612013476705633
0.693156923,0.322862093314809,0.696841073262809,0.256617143145929,0.428198732630764
-0.15556339,0.0162977618530811,-0.0979931234774247,0.186348587168183,0.175531633037323
-0.398968967,-0.0778537103846026,-0.204789010640868,0.0239548429369156,-0.197663177884806
-0.404418216,-0.166581870023997,-0.295059151521243,-0.122446283254412,-0.275626252481798
-0.236845186,-0.202039014618545,-0.169556326919365,-0.266982238859759,-0.223376518943117
0.015265108,-0.110797598087271,0.121459097887666,-0.367760313063155,-0.345611600643767
-0.382514218,-0.293318226424737,-0.203277023609967,-0.437611877755597,-0.364307441287872
-0.660366504,-0.218598229946375,-0.594688695043644,-0.313965975727414,-0.634865846123514
-1.176146801,-0.349466983773818,-0.821305402556904,-0.157799272295088,-0.107992716106935
0.488685281,0.0644356439456334,0.294877452957383,-0.42476180108174,-0.614743776639424
-0.197518724,-0.160572472413621,-0.277827668997973,-0.351743197795931,0.224934522630171
0.231503561,0.0897968049721865,0.236767019815898,-0.166842426258579,-0.0605245118866651
-0.121168721,0.0630614092200889,-0.00094814289098163,0.241486094942055,0.462366481556885
0.919881829,0.187053825492646,0.828387513459731,-0.212453401114945,-0.153224551765892
-0.107635052,0.0151448448745687,-0.164493261049962,0.0565697412783121,-0.0766034013899218
-1.119156321,-0.253113340729761,-0.788956621294068,0.181877661286142,0.103688308515641
0.172258078,0.138895075401669,0.42539183603607,0.102865981002247,-0.350977655353194
0.265143401,0.0169605483641444,0.334556007203197,-0.000157179476055043,0.0700485827228843
0.138912745,-0.0442715145483757,0.194946381988032,-0.100860194040427,0.171935863432441
0.310755354,0.0336425693390617,0.199069129335614,-0.0337062011249439,-0.411863459875248
-1.090799131,-0.255551053710695,-0.802325807930768,-0.026326011075897,-0.0180431370907497
-0.319888588,-0.224805641648055,-0.32245486573437,-0.48773463232467,-0.612501283326087
-0.201216291,-0.158604405983108,-0.124355456293481,-0.463543159288216,-0.768541117596118
-1.260546374,-0.488280016484217,-0.898611084388766,-0.534602700751305,-0.319291933870113
-0.357911766,-0.275399296706175,-0.282255769356184,-0.529968601829631,-0.895193077429426
-0.756008795,-0.379378170672949,-0.439175476782049,-0.515217528456528,-0.373283713695719
-0.175866837,-0.263492524933206,0.05149962423285,-0.765513973819368,-0.779509696748732
-0.877888399,-0.501729434833528,-0.674679604019829,-0.442140778633377,-0.460463172212463
-0.714450138,-0.429940811779391,-0.493895134661404,-0.580292544032744,-0.582907117343307
-0.343083542,-0.424841711515457,-0.183719531365458,-0.54332683130377,-0.660758758919331
-0.616023393,-0.464167990022582,-0.322519395412778,-0.551673140615587,-0.443321842730551
-0.489684258,-0.409464917482146,-0.237489129567364,-0.460156198739096,-0.525290191939985
-0.508095713,-0.40706250181004,-0.370573141342104,-0.391643763766298,-0.368614317506362
-0.192613595,-0.4297860403337,-0.183803113220037,-0.529069494501449,-0.486111523097136
-0.448492265,-0.403609935987137,-0.280916529411147,-0.422489573203334,-0.398476334666969
-0.602652979,-0.353121134806408,-0.403724582564328,-0.344660488445081,-0.358237693391694
-0.310765155,-0.328208190210507,-0.200830483437975,-0.37125932171047,-0.404558302289492
-0.203727711,-0.304111658010665,-0.033107118710068,-0.429947720614758,-0.378924727232232
-0.407858014,-0.321000522176955,-0.169590257744358,-0.367076608630226,-0.315529903352145
-0.382060341,-0.306087926959033,-0.332883118197775,-0.412811666760688,-0.458982503820121
-0.546442423,-0.387100190069293,-0.434543558317104,-0.370186797613101,-0.434123577099242
-0.512075883,-0.358533614479396,-0.22331681034535,-0.399842797648194,-0.431362078884875
-0.332129643,-0.362854438818049,-0.290797072994184,-0.469029108039329,-0.452267539934404
-0.363904333,-0.373354440510957,-0.229773601497868,-0.543195883160736,-0.452677513804637
-0.496857189,-0.361542378477657,-0.343444527081475,-0.493219742777914,-0.593979632670964
-0.894341814,-0.366760287160385,-0.582787017746116,-0.363542859047555,-0.45344315413346
-0.407613725,-0.110497290105532,-0.377977790537245,-0.722578871604119,-0.694610108713913
-0.056389856,0.0324105061208439,0.00294180366625169,-0.889815445543432,-1.93422044992124
-3.833445251,-0.828891311512801,-2.23282609068136,-0.581011333163872,-0.521149400567718
-1.025847382,-0.337235280190753,-0.806904237937169,-0.806838380747386,-1.81045459167395
-0.269518945,-0.0154726107210681,0.0265993262380453,-0.89845922620593,-1.06663161994723
-0.82244724,-0.309294884425187,-0.712391119320201,-1.17314784499667,-0.452412109178022
-0.510510029,-0.35208103141496,-0.315133793916952,-0.411473541748686,-0.506548143991768
-0.24055982,-0.152362702226012,-0.05593885339871,-0.56753759994034,-0.422596263598831
-0.079603776,0.0398156723474183,0.217503602197395,-0.691173670912404,-0.906442925013853
-1.707605742,-0.491880582777062,-1.14966191090812,-0.45216977360731,-0.304572749378478
-0.443946708,-0.1779223987498,0.0169840982685785,-0.648162713612647,-1.1380813083074
-0.878160913,-0.43424066295701,-0.764728809122008,-0.553720298919307,-0.504514787114674
-0.44879504,-0.278898851985813,-0.368548080170576,-0.584983010261627,-0.518151534130007
-0.204486783,-0.218961624663606,-0.136229128279962,-0.393088567163313,-0.341484251231297
-0.083039928,0.0317121611570807,0.0834889260408708,-0.715125038749064,-0.476488999022559
-0.346475356,-0.062717176988011,-0.279510786998907,-0.667977488594973,-1.41605277062241
-3.059105793,-0.343786136804419,-0.536622592161524,-0.368742186054728,-0.56782854069157
-0.908749648,-0.205682494616212,-0.730005929445984,-0.605728051126878,-1.49857123322491
-0.418275876,-0.066372944082868,-0.263663493173298,-0.695893774912357,-0.566802407276778
0.122033852,0.00781293172771626,0.224422044410131,-0.88262116211087,-0.491651202711791
-0.432392355,-0.32915753550413,-0.282303181447165,-0.425121909879109,-0.270334212340982
-0.532454323,-0.384665138598147,-0.393288677820283,-0.382160974002631,-0.555764293047176
-0.83496577,-0.472315418000064,-0.664202810415046,-0.309677048019698,-0.379605242174255
-0.263154782,-0.176097008084988,-0.0662105352619725,-0.248169918954129,-0.48790177792966
-0.342785824,-0.182774679492425,-0.168650696412114,-0.244775529167977,0.166929598657142
0.788459592,0.169208290330483,0.717582234373044,-0.231421312949476,-0.154242724604688
0.046254768,-0.0762612922116568,0.154044072201683,0.0112338464752094,0.292194223553918
-0.011108113,-0.0807396682918536,0.148827636769945,-0.0720666265561638,-0.0175247933097237
-0.080453621,-0.0254787590283835,0.089469921789531,-0.0607489002855564,-0.324397345049091
-0.69773728,-0.262147995448308,-0.359580845125887,-0.0888015725215952,-0.253736870864715
-0.510175823,-0.247980852408861,-0.36716301114124,-0.260983187220411,-0.324917243392047
0.054378107,-0.265756876071627,0.158607082722349,-0.537809386013176,-0.572053819504922
-0.636465309,-0.283959658288595,-0.202927767145858,-0.351365241826454,-0.279228879497819
-0.636070768,-0.296012346831112,-0.442460976676667,-0.283334731483884,-0.224272545991175
0.188267609,-0.0729958267936109,0.101511915485179,-0.464594951359501,-0.520350321729826
-0.365904641,-0.352752236334849,-0.254144584029776,-0.569200403458819,-0.323728299754701
-0.73333032,-0.381069403373131,-0.508554102307842,-0.549216328223443,-0.453290650536577
-0.585197025,-0.13513124460333,-0.312768880345379,-0.514743430164669,-0.69478098372566
-0.758192089,-0.402725089268737,-0.644248520469886,-0.589293016089768,-0.55404475213618
-0.471256539,-0.38224865114443,-0.288730088911202,-0.736717597745258,-0.733261232888562
-0.706945636,-0.485609043146197,-0.55048880983378,-0.632787224686365,-0.693507005228226
-0.935424697,-0.546398918653391,-0.66910603529218,-0.630794006160208,-0.609223027658651
-0.517125646,-0.390996239187975,-0.302785406654953,-0.713700697448749,-0.786110125080828
-0.64976186,-0.353788308320094,-0.434370730123981,-0.604411025732208,-0.697573943366997
-0.969333225,-0.42025037410826,-0.79819108958658,-0.55103142512267,-0.309638663137886
0.078863137,-0.118921176355222,0.191110023096865,-0.500638164681624,-0.619767720570329
-0.362680198,-0.239656973050326,-0.412826641516635,-0.413361048620384,-0.0739087459897806
0.011880488,-0.159767042487574,0.10778336484298,-0.491650987678301,-0.449865110047659
-0.55683901,-0.140250336842522,-0.100937626979961,-0.239883307510715,-0.377396002683205
-0.697371013,-0.196022822057201,-0.513917197527727,-0.434305171148733,-0.653886961704247
-0.86487182,-0.106586548361514,-1.00576065942519,-0.627742770017348,-0.644499533294077
-0.512051148,-0.331378660825074,-0.344035721299888,-0.835981395546543,-1.04809596661132
-1.338951715,-0.374206557363566,-0.915005768454208,-0.66992613711763,-0.690600807003339
-0.856693731,-0.387878023682614,-0.444259516007458,-0.753818736772462,-0.919307163198408
-0.595896285,-0.342426372362612,-0.366357100113465,-0.819938097585585,-0.821792729800673
-0.711099886,-0.387672905778682,-0.511291765797672,-0.767168117275309,-0.746751272551769
-1.002713261,-0.532878790947824,-0.869387632226461,-0.424046276078977,-0.34346802666852
-0.022749219,-0.0860159695873372,0.0115232785211986,-0.358707986305831,-0.367720983804281
0.280899555,0.00266114038684367,0.324484933278222,-0.2353685931527,-0.137204674887983
-0.163546312,-0.139681821469231,0.014277281902191,-0.0286941251715919,0.19879095856478
0.240501727,0.00253091195728289,0.182766874833685,-0.0270550316720506,-0.12442732620855
-0.154435603,0.104250730328388,-0.0254944931332507,0.134468408436798,0.0582946931227121
-0.123895496,-0.125178372190125,0.0842236709343857,0.0265049049068214,0.059834608015078
0.305766249,-0.0436233208879731,0.257048359106996,-0.17575414228443,-0.185080979085774
-0.192149132,-0.175437375821502,0.0110029379193667,-0.301473198763575,-0.165885252940859
-0.576531773,-0.283370162810514,-0.36848898674634,-0.280098851391387,-0.341801255564562
-0.498451759,-0.157385316133981,-0.240243891796517,-0.384654114508766,-0.697448755825678
-0.808693169,-0.30422346485065,-0.581666747137963,-0.467672723535928,-0.911372138599216
-1.617529062,-0.611417990999302,-1.5294804417398,-0.387182190522957,-0.206805704320217
0.453668689,-0.628872372109071,-2.47208710532644,-0.688026960726538,-0.867553930857981
-0.171576602,-0.18777742312134,-1.74618671214723,-0.900108536931847,-0.251875091996916
-0.526404007,-0.238126215440598,-0.370239434785368,-0.682550929672124,-0.789302690315162
-1.66065007,-0.862426031021043,-2.44873190197365,-0.315451248357037,-0.384501953844053
-0.2400268,-0.199572109143119,-0.106048023916465,-0.675725052083735,-1.07181026493362
-0.681803488,-0.335785526102811,-0.404253636238886,-0.636185336369082,-0.488466211406047
-0.53067331,-0.541755502052078,-0.762209607233117,-0.714857559861417,-0.654170014672837
-0.698660401,-0.371685936693358,-0.438922889850123,-0.534762728358116,-0.510284659748854
-0.483581934,-0.570780017224789,-1.14359095410491,-0.562910788861205,-0.544320081624072
-0.394427741,-0.186828260760979,0.0188308008246184,-0.604692920205231,-0.514036557643778
-0.480050384,-0.566476339430334,-0.730984697163357,-0.628701542950239,-0.564986003591164
-0.74782237,-0.461414020680301,-0.584166853523919,-0.478236572872443,-0.508837290462897
-0.576514131,-0.39168903500046,-0.507925756636363,-0.457349034671124,-0.545966676818575
-0.387295599,-0.31654858934123,-0.154327271722352,-0.570535752737451,-0.486582500817154
-0.315580039,-0.294222317385422,-0.0858625861396345,-0.559077609856735,-0.572609758498406
-0.746831517,-0.394187530169444,-0.519550603676729,-0.562960105911682,-0.471584356938458
-0.438413084,-0.234771564436675,-0.278567248427861,-0.581303902043268,-1.14071728077684
-1.824449777,-0.935228019940782,-1.99617459099788,-0.495587471017652,-0.391479573798638
-0.240701277,-0.328759179857348,-0.327777854694126,-0.790135669855683,-1.15502514523897
-0.672058216,-0.253940505721696,-0.50629697091816,-0.752686330180246,-0.612863115554351
-0.688576843,-0.174031543213038,-0.471901846135869,-0.942266110605176,-0.961349816177759
-1.243697707,-0.204661107520238,-0.648528998116213,-0.973904514508136,-1.09741809766053
-1.423500776,-0.638039993474283,-1.41682468055832,-1.13015906773665,-1.59211914798028
-2.155046988,-0.65653392683187,-1.57609798826762,-1.40277766707729,-1.33538453635165
-1.134714292,-0.601649626467718,-0.985813657123138,-1.48702620192553,-2.09462237037055
-2.400988391,-1.01271408162661,-2.10316312967363,-1.24489678872017,-0.998059904111794
-0.7725366,-0.217637487345268,-0.482015457683062,-1.32651939198174,-1.34586482706156
-0.302236954,-0.298750701824344,-1.01468015034822,-1.42718228144304,-1.17345768054692
-1.263256929,-0.592070583054817,-1.18312251696333,-1.34344166606439,-1.14216383945475
-1.968950013,-0.757279973051616,-1.55154714387611,-1.01749351167608,-1.25111874416153
-1.404652649,-0.57634050226869,-0.954941316955662,-1.13366039483488,-1.50098320703859
-1.214211819,-0.746012356090895,-1.36879718315176,-1.50865814493267,-1.15562077704747
-0.701796768,-0.23187249504526,-0.393350754426225,-1.56712241121556,-1.44065729181762
-1.666516316,-0.799214329440704,-1.21677733722404,-1.15694550471931,-1.09913978437498
-1.449070783,-0.746502115887502,-1.2588783350556,-1.40149980185773,-1.37420402852212
-1.040478488,-0.653912348822416,-1.01136986893222,-1.47815487259829,-1.83025613100714
-2.334276183,-1.03057246359833,-1.94121132648391,-1.38726187631094,-1.26677674012281
-1.443908655,-0.829902401587501,-1.5106236651758,-1.52760317455303,-1.75018652211977
-1.303603636,-0.775245781083048,-1.29863227095109,-1.59746032899509,-1.58355109767736
-1.62983197,-0.678336399651758,-1.30499433206391,-1.50918750435762,-1.44301931157628
-1.611884439,-0.366764124408059,-1.05077130480225,-1.42570953262684,-1.37801282773261
-1.077133711,-0.595395425999957,-1.12805223048762,-1.6148532647955,-1.6508223503411
-1.699226862,-1.04521088198015,-1.81356607008504,-1.33976155223187,-1.40914182919467
-1.855739723,-0.755868085692333,-1.46384475957113,-1.31573640167267,-1.08939176931225
-0.345967593,-0.0935917019343972,-0.16894558114773,-1.52473677896816,-1.80009126755116
-1.840980592,-0.787593192322596,-1.79016108727501,-1.59325317850436,-1.00113659773297
-1.308215142,-0.806796017143058,-1.36822077574666,-1.60500211611025,-1.90250181109114
-2.342053004,-1.03897221527393,-1.7862934530187,-1.24770046023854,-1.22683225242514
-0.792494807,-0.3859152006666,-0.891085723799884,-2.09427958978156,-2.49927837556683
-2.921544285,-1.34898438312127,-2.49608530319505,-1.54903380892641,-1.56958853476671
-2.389547037,-0.393476332745276,-1.24515129386876,-0.978803836281241,-1.66728761485304
-0.98402032,-0.263731881883543,-0.7704566909371,-0.947642468410116,-0.760620470728452
1.258797378,0.185908652372615,0.323005525884049,-1.59345645714235,-1.15047710455854
-1.038291386,-0.22296776959471,-0.810835723111341,-0.842253396058925,-0.281714748058152
-1.800718458,-0.546405503379351,-1.37086091534555,-0.499235482192399,-0.117908039929575
0.730545203,0.206325833989538,0.324779475643395,-0.724073706695516,-1.18113424901539
-0.762250678,-0.16164859491123,-0.60494614768533,-0.6703650938368,-0.0506959509626635
-0.429528442,-0.0263313475387449,-0.0972165436955015,-0.76822603722106,-0.666342154245045
-0.47215376,-0.207595348407384,-0.549426065191471,-0.966908109203925,-1.36022423919067
-2.376923784,-0.830367323376802,-1.77862918421556,-0.731447091948989,-1.05474512950946
-1.842657216,-0.545931411773326,-1.6628539848412,-1.26864481292191,-1.291244560682
-0.099618887,0.14411217015908,-0.281548821091364,-2.31288635170328,-2.29657422940683
-2.379207631,-0.95479865037099,-1.85515395960226,-2.24439381844735,-2.48550137461328
-5.252598527,-1.52317363506594,-3.67067906800166,-1.26009152545298,-1.5033709363626
-1.037741782,-0.283197411433978,-0.853958876389579,-1.49558553995279,-2.54569335609675
-0.379077937,-0.260172015645736,-0.145811327418136,-1.43597767868059,-0.774669106490182
0.171958252,0.0986175727139665,0.26443628710458,-1.377308651126,-0.60487270245446
-0.546206129,-0.508505210455672,-0.594121663625824,-0.702367874187661,-0.581028824231319
-1.235571509,-0.318857196651092,-0.908872851980116,-0.71441928636944,-0.806554803124288
-1.036229928,-0.294213855840281,-0.616334049219397,-1.05272652206187,-1.48404218221314
-1.796206701,-0.299874729640776,-1.29384443727001,-1.19057027597025,-1.60100126013743
-2.369691435,-0.644091103328118,-1.87949894767797,-1.29516469642053,-1.30600402669472
-0.829331295,0.294836436542981,0.42281049910417,-1.59360923054549,-1.87709663538155
-1.482982966,-0.420555699402608,-1.23020563005172,-1.47654119998884,-1.27794430534984
-1.649865357,-0.380388215510307,-1.12104590756065,-1.36939067995475,-1.07028631170829
-0.557717297,0.00271305919569276,-0.204024010824179,-1.67154023057495,-1.63848462209869
-1.454521627,-0.736530271854227,-1.15257830737631,-1.59293371114288,-1.77683032575764
-3.077469931,-1.90157834750279,-2.2850793262728,-1.37751006782565,-1.4099973539498
-1.463396415,-0.961974613992341,-1.13521368927378,-1.62841632460446,-2.18347278074841
-1.509954564,-0.703401592741925,-1.14920245709181,-1.73838214959704,-1.7197322519415
-1.818763035,-0.738443378500962,-1.3446410051393,-1.61971740911861,-1.52334907202636
-1.590511462,-0.708446778835233,-0.906418626914216,-1.52227782242546,-1.42557639244126
-0.954166597,-0.630521143518652,-0.805989724733829,-1.65862468388254,-1.68921230141885
-1.780086848,-0.916831214631806,-1.39695297849156,-1.57656370932966,-1.34996004790588
-1.667308824,-0.540664805234489,-1.2021594659309,-1.31702728558924,-1.59882844631151
-1.707740429,-0.664286135270335,-1.21083359256912,-1.09420958446437,-1.0834301370373
-0.552155664,-0.301553803691563,-0.977911649760709,-1.47863483150278,-0.949556664527648
-0.094170282,0.161341024020673,0.218412906335183,-1.06197990990273,-0.753544356557789
-0.833058851,-0.367046987866794,-0.465417342394152,-0.719090531063834,-0.342465806340175
-0.530061554,-0.188147415944961,-0.499524456125317,-0.382532846776166,-0.520506245202679
-0.317007399,-0.128814882750425,-0.972080057958024,-0.564922607419557,-0.398081874925758
-0.082374255,-0.265613018049898,-0.344956223547507,-0.692219064031196,-0.727556168895312
-1.20518255,-0.239255576318272,-1.10121789164461,-0.366693043379554,-0.318988434831995
-0.51556246,-0.0159024834516681,-0.104591217467599,-0.707165217292394,-0.776840772545659
-0.378887943,-0.0634576065878885,-0.158423622123583,-0.78234309263821,-0.927373445640505
-1.371428433,-0.162679388382821,-0.651798822828159,-0.654173760905418,-0.519962273228992
-0.471293605,-0.0128368875657336,-0.489149950412407,-0.693332778280472,-1.37392286497136
-1.875798824,-0.72508892076531,-1.90990389168253,-1.46895058610729,-0.0453300448676237
1.377472578,0.761983833285743,1.35831157177123,-1.42619964679546,-3.09738053542884
-5.291816669,-1.40310379093952,-2.90276107545295,-0.376163032657382,0.411784524458785
-0.079295869,0.422679874043811,0.0437267059708005,-0.552179201117747,-2.27335899481711
-0.062786793,0.297979939424421,0.208590556074106,-0.454748829520448,-0.803360777049489
-0.932047848,-0.457413116798283,-0.938075638255133,-1.87207720874875,-0.3910995717943
-0.477241505,-0.0860847968759068,-0.268218124075486,-0.698838177631629,-1.12498845616061
-1.089231543,-0.500608903429281,-1.02258645148811,-0.65569038900918,-1.95662718400925
-3.910269871,-1.7266014340957,-2.50139548116595,-0.807794451383403,-0.706156811561962
-0.263735639,-0.208473720592159,-0.344054625962864,-1.17481401220138,-2.34855625802173
-1.223285626,-0.406936311997311,-0.699009782631222,-1.20346590099121,-0.981259105680041
-1.152450972,-0.571508841520131,-1.03270794614709,-1.36824879902761,-1.36758753948538
-1.63438768,-0.540790826482055,-1.37885599755135,-0.949012036841831,-1.22380709512935
-1.389990879,-0.63022100908601,-0.68099759252154,-1.02562152729328,-1.16047598596896
-0.803744363,-0.455260130428947,-0.942605711339584,-1.16074088069525,-0.959524101506059
-0.408300158,-0.138891891291579,-0.283864755419159,-1.20537986359284,-0.969016971355154
-1.01787931,-0.113277240783793,-0.707869454449249,-1.21796500871355,-0.831739682708053
-1.039721318,-0.322892106695778,-0.679244776806802,-0.688096961315956,-1.46317891766231
-2.517959558,-0.996635181582353,-1.77581360893639,-0.457564284441275,-0.0077537083252347
1.348852975,0.625870825714073,1.01637975312716,-1.39863274030731,-1.60637361057319
-0.794163111,-0.552630998004686,-1.12523324575025,-1.01606674627471,-0.411288058453929
-1.784653873,-0.614948698323232,-1.3387004121981,-1.12494238700312,-0.63793481683627
-0.517115754,-0.251105203299352,-0.420852754372673,-1.16837297744382,-1.738904881235
-2.103459869,-0.502748303511977,-1.24362382901999,-1.12183750447579,-0.638197565473985
-0.425026531,-0.422818783710818,-0.458773483108717,-1.51744719592221,-1.73009043399349
-1.585856696,-0.277502103000124,-0.746962557376242,-1.07877974988106,-1.06351438115147
-1.669928289,-0.543081068616959,-1.32495848525229,-0.913482105484804,-0.931253556277961
-0.483838446,-0.225699548038437,-0.323655667741413,-0.580710227785517,-0.839694330991069
-0.02188602,-0.03502062234084,0.0939370522260759,-0.806106953539772,-0.410795359174003
-0.012517694,0.198040036327743,0.0508352966977194,-0.688057325849437,-0.572920565734679
-1.090662529,-0.173270129495429,-0.969059895281927,-0.373967201288369,-0.353477978856081
-0.685812655,-0.297974906727435,-0.728271932780535,-0.627381758764654,-0.785130082492007
-0.498325826,-0.226090759638482,-0.38583826191158,-0.898579501263229,-1.07953357890602
-1.511905931,-0.471672112075198,-0.985503285509662,-0.940813916875191,-0.770490581905345
-0.975747663,-0.46666133475557,-0.705187370508502,-0.998552244058498,-1.2811358175025
-1.286642085,-0.623472671318303,-0.946978539790881,-1.0150813407631,-0.862227843002919
-0.602836747,-0.302936643177243,-0.403542267245524,-1.21969771728398,-1.21708774485844
-1.227712714,-0.608841213606238,-0.883991400254055,-0.901016976406032,-0.822813256500956
-1.064803112,-0.491078300335397,-0.879909927501767,-0.835325122532252,-0.7100631647833
-0.297387562,-0.222372365182423,-0.163883772632552,-0.616945014517228,-0.601420197640322
-0.097341196,-0.123480467505135,0.058179465205198,-0.627237548669918,-0.349741392755017
-0.028281707,-0.0962649438146382,0.147262038665426,-0.368792629875058,-0.943188501893179
-2.064115147,-0.866437582385297,-1.4274143413142,-0.242986018468949,0.0204129597882144
0.252257576,-0.026894126307669,0.341430828878267,-0.449453986732827,-1.30737403358581
-0.916501755,-0.347199220288331,-0.73598330710266,-0.757615210326553,-0.272020255267454
-0.246034799,-0.142947702149843,-0.000577302424387928,-1.1344859152264,-1.34400117065228
-2.003463345,-0.667064517047508,-1.10596840224624,-0.896796412164566,-0.825316957249725
-1.320786311,-0.409056846151951,-1.04187937504559,-0.879874575897622,-1.54548137138692
-1.793039457,-0.400340490912105,-1.22882614667795,-0.694936171905504,-0.0748397428188911
1.579374871,0.588400336730534,0.484971833430244,-1.57437414073624,-1.2220400433228
-0.534964691,-0.248114480445416,-0.500805697198749,-1.06927311892512,-0.316286124172983
-1.872619894,-0.396697608940259,-1.19559638415604,-0.651381691820966,-0.558343213909126
-0.942513968,-0.213444030668781,-0.78341103314153,-0.398774540942001,-0.895213065866306
-0.174403465,-0.248905042863982,-0.225505236290856,-0.736032550229706,-0.545367103570271
0.024768432,-0.130564437889429,0.25873467764751,-0.963728951359133,-0.370521933268804
-0.244296427,-0.122552070173776,0.128136676247437,-0.704669870049333,-0.773505218251385
-1.646463394,-0.569688225447195,-1.22916808380542,-0.418162584913191,-0.514383798888674
-0.855758673,-0.379994529883619,-0.577104066363687,-0.685054426956167,-1.01576143676655
-0.570138063,-0.499399640557689,-0.447899816324972,-0.875383137871747,-0.856647518414058
-0.760360886,-0.426836253353862,-0.45255164144267,-0.784951655021334,-0.729468548553674
-0.914531657,-0.431599329527156,-0.538864145874709,-0.753259298348795,-0.555505978579189
-0.226424256,-0.0942923734979632,-0.185579147931323,-0.730243008171966,-1.03881843518549
-1.374320204,-0.619960181795805,-0.89872212768283,-0.619044557149362,-0.232977778967493
0.02943992,-0.0298870141980892,0.305756269843562,-0.848187299079053,-1.15979013745076
-1.163168334,-0.641872502019507,-1.1295302378026,-0.711255740582466,-0.458132605903077
-0.6348618,-0.400597021788949,-0.397873889972511,-0.91302109720707,-1.23666423232318
-1.460331044,-0.695734221104165,-1.08913328124649,-0.712765687082027,-1.07779254056843
-1.626618348,-0.747446054404963,-1.12760307205188,-0.874178302951396,-0.94389319415782
-0.494219817,-0.307221528530953,-0.233371990753417,-0.815968706230406,-1.20101851049092
-0.83895404,-0.529639300399727,-0.388481208599398,-0.778398205408188,-0.677259893054537
-0.790725587,-0.375918229333576,-0.355737776841065,-0.537919851922476,-0.487961660469183
-0.129929985,-0.188836255749654,-0.164129174874247,-0.638032728574961,-0.575881167989669
-0.268162814,-0.239061786403421,0.07140815047424,-0.692707741095101,-0.547902773411346
-0.902275183,-0.507928561334753,-0.358998233268413,-0.623357525371081,-0.462329389457924
-0.664142402,-0.203950202655713,-0.317011567060109,-0.467223919445961,-0.729454767138427
-0.8392601,-0.209881773895691,-0.452301773393181,-0.454949614535205,-0.140316555122473
0.564839957,-0.0362568689028475,0.142223229993452,-0.547047352371304,-0.659155217847036
-0.602038246,-0.161744305548114,-0.794558902387852,-0.218717967382799,0.211056282784862
0.253734337,-0.00635860688669503,0.114955150754232,-0.583063297365948,-0.733435132999899
-0.975326164,-0.268824278849601,-0.730426926066055,-0.197560743119131,-0.525665218143616
-1.435821447,-0.349434701696805,-0.994755290610125,-0.256280312825481,-0.329703243451073
0.171124471,-0.0354816988109361,0.205416396880067,-0.130085750458146,-0.66377164490203
0.062283073,-0.147796933580642,0.102820261233144,-0.348933818755641,-0.157806699460655
-0.130251665,-0.159263676647367,0.197432204382546,-0.449873907948736,-0.47473021940696
-1.072948997,-0.340886684753825,-0.716404072351022,-0.262451144054975,-0.325412168213294
-0.588798789,-0.299274805081159,-0.374395939765633,-0.466268654642487,-0.61819875998429
-0.309198467,-0.242720626139863,-0.258886947401577,-0.482247312165268,-0.473038435413474
-0.304472882,-0.251103135903106,-0.0376340559567765,-0.555224376551488,-0.338459967362414
-0.309272692,-0.15077992719134,0.0289293913446637,-0.427391519386919,-0.340495253276085
-0.288380205,-0.188609828890369,-0.144826856991843,-0.413578230261147,-0.565752678437967
-0.866814519,-0.494549536387105,-0.884417445599994,-0.377367350922658,-0.428659803890405
-0.58131083,-0.2889651191167,-0.33138134501082,-0.413719415951771,-0.629052350554078
-0.500225455,-0.346629894282589,-0.158019549536501,-0.476088084630111,-0.480156334915737
-0.289497931,-0.192597924746676,0.14457286709022,-0.463545784331221,-0.602043156855643
-0.804835948,-0.366597245425866,-0.404667055420429,-0.279584109602554,-0.173371885775203
0.006585737,-0.226617924576203,0.194410145367352,-0.3800702240898,-0.462717403159183
-0.118007471,-0.245020402567162,0.17996393015084,-0.343305073260918,-0.360310275710176
-0.396844248,0.220257595067289,0.0787376953258401,-0.615017148889352,-0.989605674437042
-1.11940598,-0.185344082295066,-0.535075342629081,-1.80727703773985,-3.21640085628397
-6.711629804,-0.763398053613525,-2.41986250949652,-0.922205769069367,-1.74486003449662
-2.71644765,-0.265119067538865,-0.454723880978149,-2.54267877696512,-3.51414599928045
-0.30374416,-0.738236632050042,-0.648178262618802,-3.32916905712813,-4.64081442652
-7.215303514,-1.75311225528673,-1.96551047159071,-1.82648987886873,-0.236896222336572
0.228333919,-0.583162300908188,-0.164561507969289,-1.86586039240781,-2.89389402634702
0.621680612,-0.920021335844432,-0.78950870926402,-1.41184108904562,-0.612465481060687
-0.55760397,0.054277629082457,-0.3701668567468,-0.484603127354111,0.180390118986758
-0.017344449,-0.0101508909897121,0.154377543810091,-0.296601241479275,-0.345697671904865
-0.276654996,-0.116365059796149,-0.084246927071268,-0.224941692968282,-0.188255259359657
-0.311585103,-0.212066041208144,-0.088342251956811,-0.203780813026182,-0.240588554559069
-0.280922063,-0.239161071145368,-0.113260492608772,-0.182321951569226,-0.138345361946589
0.060345443,-0.08191722008894,0.197217668834127,-0.219042291008244,-0.229271305010666
-0.226947031,-0.139124377103652,0.0756219733401345,-0.148744800460933,0.0658921597591528
0.179797966,-0.101787478722321,0.203470040282074,-0.189662271534301,-0.195142655865738
-0.175814164,-0.174843672188016,-0.0489406941182884,-0.0775593968081788,-0.102072005300336
-0.41177151,-0.158728291609022,-0.262882327452121,-0.165755146864912,0.00716146780911535
0.251546205,-0.0549989067248124,0.388733725627856,-0.278554890986831,-0.413748545320445
-0.464841156,-0.301975114243502,-0.244057431196803,-0.223690792540039,-0.129730157825211
-0.449907754,-0.250827002715288,-0.21091239145822,-0.177690388699411,-0.30362739081166
-0.280640666,-0.230497158537778,-0.258370545262092,-0.146768601829889,-0.209979462596535
-0.022486438,-0.108728423457036,0.0517881829300832,-0.258252811393632,-0.0278862221295259
0.195833418,-0.00115278471609032,0.34404672573459,-0.116237803016457,0.241080982584473
0.608443473,0.395107595153137,0.150693897228173,0.24045669448158,0.177137143479346
0.132697891,0.172423031133538,0.3455581125514,0.0129693712896995,0.552837002029866
0.779573259,0.432236319155482,0.733815955477033,0.128005316583494,-0.229012314150485
-0.752815693,-0.0918157509699448,-0.51876683959851,0.0982845026628308,0.305894608875059
0.010763999,-0.0528447846846098,-0.00453662692029843,-0.126994535762757,-0.565255903969098
-0.716048452,-0.219258553802561,-0.501892536843418,-0.0408507143330586,0.0120714752788876
0.158267041,0.0432547745277371,0.1993233542938,-0.22711451271261,-0.439966426356881
-0.367902231,-0.111258462859611,-0.379840613480267,-0.0262094808188745,0.194999856120521
0.402608003,-0.0712818564745165,0.208236234644863,-0.246258681383271,-0.132773903773317
0.110349607,0.0528039766705868,0.20262884098474,0.13471287721579,-0.0279784522453233
-0.492691858,-0.130140450998213,-0.441658482536971,0.107063525388487,0.291027261576025
0.451273892,0.197906574185123,0.696217028623241,0.215964253113199,0.00171653303308617
0.463314922,0.139827317242614,0.504666153107024,0.085344285092729,0.187390475112926
0.137104118,0.0195004301644996,0.226251685708525,0.210502406229435,0.0023062912052747
-0.564254253,-0.0534271647564492,-0.430717080776452,0.346053773797557,0.230868364694484
0.260254174,0.088824856980633,0.250717671905382,0.220113737392554,-0.0342457022267334
0.4300285,0.0582270949129467,0.47703826093253,-0.0477488330862915,0.137227320140072
0.171272271,-0.0176779160413567,0.123888556209668,0.0852045165704201,0.112326528595064
-0.213515107,-0.0200360780614808,-0.0672439090793424,0.135748661369601,0.160638440492416
0.274411734,-0.000480626400444061,0.302655043638187,-0.138235473277706,-0.461685593426783
-0.835494138,-0.316712478150159,-0.68930225597796,-0.134997610915846,-0.102262150494833
-0.452755403,-0.187809904377155,-0.344096690969614,-0.304351876393207,-0.440373805009287
-0.218323479,-0.118750100951313,-0.088743833230143,-0.279905174067047,-0.298531557589918
-0.033564272,-0.224276234677268,0.0485606374946987,-0.567984424801756,-0.402180925233088
-0.489133592,-0.260687792832177,-0.367004949206713,-0.33256751355222,-0.46694186581815
-1.00701219,-0.371894896196224,-0.6682716351163,-0.233176699968461,-0.248257804352532
0.015880134,-0.218130680939574,0.0108793612374614,-0.499122601261271,-0.74027215610995
-0.585081595,-0.160279767669007,-0.583902323585758,-0.450647853140651,-0.273107927154335
-0.426807427,-0.388673675661555,-0.344813758040435,-0.510015276467109,-0.454480407558221
-0.37070327,-0.160390915717874,-0.0597133183504898,-0.190292501373779,-0.479563496631322
-0.639460838,-0.191994405997917,-0.478089556232407,-0.0922503870116672,-0.108450948435562
0.040727601,-0.00464596475122765,0.0907409802315388,-0.010133010933868,0.13164543293717
0.999994547,0.254357871829974,0.888140748355904,-0.170839227555576,0.018652497022099
0.1417287,-0.0911132877100739,0.047248598241406,-0.0897754976739,0.328615568518045
-0.132092456,-0.0256599274378674,-0.162060602466201,0.0795103763871598,-0.117595434497381
-0.56151491,-0.035789279864608,-0.188712207534994,0.197952685458756,-0.0530749330134177
-0.03973202,-0.0565763523026382,0.0420540991604047,-0.0406031627491599,-0.234696138792595
0.014352328,-0.137309886686247,0.103884950136529,-0.232178884116627,-0.0302894401407309
0.140220977,-0.138764619650244,0.22267670109389,-0.171586163046107,-0.244372936484925
-0.580726613,-0.125286276221244,-0.421959058007497,0.0471540119750739,0.0887098491629308
0.061203241,-0.0122392937371245,0.142724362715707,-0.0603210260918496,-0.215299923626195
0.067796077,-0.0598859947821238,-0.0429895336626262,-0.205463274875758,-0.0509526799161013
-0.069083424,-0.0831684440672749,0.0593528016594128,-0.125506838412365,-0.0521910148894836
-0.161949518,-0.0446855918060694,-0.000999359228373705,-0.0190495129252087,-0.0968551265318482
-0.150835592,-0.0640348606804624,-0.0494196887174076,-0.0874045360941299,-0.122614824350896
-0.081608142,-0.147312460151737,-0.0801400361296952,-0.123427080818733,-0.177022439416712
-0.221274837,-0.191023489138452,-0.0429537669406899,-0.190942761637584,-0.0992159514842791
-0.051251595,-0.177843990209507,0.0761962089129888,-0.240592625105561,-0.311021415332697
-0.439967199,-0.135810164580734,-0.232483547205974,-0.167132155306658,-0.19088513444907
-0.339933167,-0.250938329596009,-0.16974244435143,-0.167109664004636,-0.255807929390472
-0.118604667,-0.195223684457431,0.0510085593493447,-0.255798017701731,-0.259153123553318
-0.118377182,-0.228071074327598,0.064325361554834,-0.347047957855414,-0.31301715987265
-0.479621567,-0.297681244130184,-0.251820954773967,-0.296209649843837,-0.280187066582772
-0.456787939,-0.313897041543441,-0.321037050730407,-0.279936076187485,-0.374977394683146
-0.346675636,-0.3558787539087,-0.218327879743782,-0.301284977047719,-0.322937273234177
-0.173926856,-0.295523751663605,-0.024026774555056,-0.382143788432839,-0.334046143836193
-0.294665203,-0.25535048812635,-0.0828435935154835,-0.339885850532954,-0.284861007252116
-0.373878117,-0.325177498989581,-0.228111737619012,-0.342730646710241,-0.306051647986048
-0.315111714,-0.321867544675848,-0.177862076902809,-0.358879405458344,-0.391508993511423
-0.444973113,-0.307308299885166,-0.355300327775005,-0.335713500537984,-0.31031462219517
-0.291641297,-0.270070561360117,0.00838223429166675,-0.323737716436794,-0.382908272103007
-0.364752179,-0.297797012825636,-0.138472196677344,-0.315715128076179,-0.253468105737407
-0.152673157,-0.180268230311742,0.0179237683961785,-0.290298360251056,-0.396052721850955
-0.580037508,-0.200914015118033,-0.532789964999853,-0.130207589947781,0.10089323573418
0.466560922,0.0185378022790742,0.505936090008201,-0.224588678511283,-0.2987517108224
-0.055697604,-0.0413482724981916,0.0835836760678954,-0.0739484567435116,0.0603503446317892
-0.183351778,-0.112321584792439,0.0325285825073499,-0.0637763571921737,-0.139804997948114
-0.25593586,-0.133993643973331,-0.100848164404601,-0.116845875259898,-0.286269101140423
-0.4543975,-0.327313330234021,-0.268722479718776,-0.36311050239815,-0.222459761661111
-0.087585833,-0.187544828100253,0.241353608308838,-0.377076620917741,-0.643137563455239
-0.967381943,-0.337211742827848,-0.329898329577438,-0.277042745297759,-0.207609368188066
-0.262002685,-0.256898470247268,-0.0950596712829122,-0.571133886072614,-0.603692631150121
-0.185211086,-0.17833896568518,0.158586393694934,-0.512200840956688,-0.864427561887449
-1.522743804,-0.842816319698917,-1.14348594310044,-0.541562724469733,-0.389164667311732
-0.584709459,-0.374597007285843,-0.453872707076626,-0.479774982137302,-0.901305489529245
-0.563030508,-0.374160991374062,-0.407844523405316,-0.499104111251975,-0.341876081099752
0.066825404,-0.143649354479983,0.24594033479162,-0.560650610739429,-0.440377315473672
-0.308269135,-0.297853368176939,-0.203077317424625,-0.323808054337146,-0.134546768274239
-0.213215303,-0.221017657573411,-0.0703058236624709,-0.377791790459053,-0.324195614032983
-0.327151655,-0.270918297687795,-0.0511174615994328,-0.361838203972379,-0.456245812757957
-0.73975437,-0.397925287108768,-0.485611963564305,-0.301882081355624,-0.363992152945678
-0.469790215,-0.31978777380227,-0.291650227218932,-0.437862722326067,-0.395846347924493
-0.040228865,-0.199000564166361,0.0906129562551611,-0.532449846513781,-0.523771539565272
-0.54642232,-0.401064895867839,-0.417068493729058,-0.482708552264962,-0.329308857895389
-0.627107572,-0.416650490641824,-0.456671747727621,-0.377851812266929,-0.294691298377017
-0.043552189,-0.221690181020251,0.224369151184429,-0.351450609927872,-0.540980129500013
-0.498332076,-0.41038221630729,-0.23247899155128,-0.40415436444398,-0.241207024784384
-0.335487235,-0.301221156925665,-0.00606539567840601,-0.346213806807167,-0.45299823443892
-0.486800273,-0.300730946034617,-0.180967834189413,-0.336368348508245,-0.340473059505531
-0.308149486,-0.310114203735475,0.0557707323304548,-0.489970763776127,-0.457820402496475
-0.421684814,-0.335521019119606,-0.0378501642847802,-0.424185091188902,-0.468198613087336
-0.696466768,-0.181475407594822,-0.281819530603382,-0.256661884824854,-0.245772797337521
-0.191038191,-0.306217851207118,-0.411054827636559,-0.11375270308833,-0.0630667897059521
0.543807639,0.107173611200801,0.51519803863871,-0.109002589038712,0.0857885039431573
0.544108234,0.110451764765027,0.551235234973856,-0.0685295693882567,0.109555371194694
-0.173375114,0.00250968510761239,-0.00457595609117893,-0.00654524041392546,0.0737224175543802
-0.376251115,-0.186371274321838,-0.255394141015364,-0.113082080628077,-0.230204182305843
-0.333075493,-0.22415030943894,-0.0325857355666182,-0.196266332133643,-0.527886604272302
-0.769679697,-0.381835921323809,-0.385039821952883,-0.361681972679329,-0.404433440038566
-0.473685541,-0.34957589765119,-0.30438693807406,-0.546405487999418,-0.597467366022588
-0.4675694,-0.327541482160457,-0.1960278846918,-0.518305039634919,-0.564990446262678
-0.655409988,-0.329502411427967,-0.213380664128721,-0.457801252871471,-0.451926973632326
-0.495109703,-0.319880402596558,-0.124210691925588,-0.448498003932962,-0.345105968572325
0.010413663,-0.225689669917521,0.255975244671354,-0.376450846850735,-0.494038723012692
-0.586145369,-0.326552860133387,-0.467513239378135,-0.25915552177162,0.0498653289556399
0.239712859,-0.0844149112113973,0.317377418281466,-0.317573693866882,-0.373322616431732
-0.188269825,-0.212358070681032,-0.00880456791297314,-0.385724993178137,-0.19676118525355
-0.45976609,-0.303539544918441,-0.118547336180457,-0.359424631730905,-0.504646734842873
-0.888311187,-0.345437385605515,-0.417378997967309,-0.414399439459811,-0.583755737773434
-0.77225628,-0.352679169045198,-0.329473439656642,-0.578298202540083,-0.739028201735242
-0.670308354,-0.552133712458728,-0.412572878324427,-0.662471410924879,-0.694024129415575
-0.600647089,-0.458615666348333,-0.29961439682297,-0.705567533923132,-0.671799683950114
-0.668627098,-0.516747471125771,-0.492723019258704,-0.661285465691143,-0.602043730228051
-0.55092703,-0.482562976419268,-0.343351992701086,-0.626722546558072,-0.737608906999031
-0.887026069,-0.534078308220353,-0.723617108542775,-0.600717285598024,-0.486461657686334
-0.358458917,-0.329866706570204,-0.0251709995936266,-0.565211374565164,-0.756016401827873
-0.731350424,-0.458611509458506,-0.39234271194972,-0.495771560248798,-0.386336535849475
-0.299107038,-0.387120664457705,-0.0375239741174004,-0.592201965716122,-0.636174081524163
-0.585929702,-0.401780673850904,-0.199652984454075,-0.5438564635406,-0.47241356149949
-0.535199119,-0.396258119838068,-0.159607452822569,-0.633735757614772,-0.718316383262611
-0.879177974,-0.555740248312366,-0.457691807102545,-0.532077294002433,-0.727649908145324
-0.954143639,-0.500065955166692,-0.681565421937353,-0.843559185225449,-0.769350217539408
-0.553074841,-0.345752207227978,-0.394893032760619,-0.916495785245651,-1.2696469110739
-1.814697081,-0.596160090554573,-1.34160009753543,-0.543965985857091,-0.510170420805109
-0.492928835,-0.266680337457168,-0.0775877603025829,-0.59348204787606,-0.787126610321537
0.158078895,-0.089783865997451,0.165177946480781,-0.742925284601798,-0.580473213334434
-0.475186126,-0.24937187169455,-0.0885421602859588,-0.588834428630983,-0.29240023946171
-0.598529122,-0.250077803516701,-0.00470447067541982,-0.528384816311284,-0.568858740405329
-0.593175515,-0.336236321718144,-0.164861355978305,-0.537389920875097,-1.067258828459
-1.756771881,-0.359871385890338,-0.620329753537294,-0.553750154299807,-0.53697426285916
-0.457600787,-0.318302115683795,-0.122620612854008,-0.643687421131723,-1.10946164472868
-0.652487486,-0.374794862760162,-0.255529003008171,-0.646599806172568,-0.588233231930722
-0.454844002,-0.198307459482918,-0.197638476437949,-0.802014804577674,-0.869528198088829
-1.07830602,-0.557587388195176,-0.943927305877736,-0.666496694029533,-0.821478356478329
-1.309879053,-0.357772934553994,-1.18558289294203,-0.609684839230391,-0.646529608574293
-0.32414839,-0.108022001351917,-0.14448564512459,-0.438817748900496,-0.725356562385765
-0.184272259,-0.0739377704658898,-0.23861563633103,-0.329643116580825,-0.340157062242747
-0.257298673,-0.119598396367998,-0.20325735031658,-0.151360529191635,-0.102461052484805
0.02941526,-0.16150316462622,-0.158106135227299,-0.169215778733793,-0.138426817657482
-0.008076143,-0.00340708812543908,-0.237104338450156,-0.12384474773135,-0.0642853275834046
-0.131345815,0.0386803668354735,-0.310465603443541,0.00427934446441026,-0.0180036781896547
-0.078690598,-0.106986182012036,-0.231268865214188,-0.00599220750563344,0.0753368111124104
0.369076237,-0.0604786252305493,-0.146496189731734,-0.167567729623095,-0.209199213691432
-0.361322118,-0.0319182145293969,-0.270852682313878,0.0353565775227716,0.0590522112544456
-0.198839819,-0.0728895764773497,-0.537811347508982,-0.145986595464666,-0.177884571090003
0.02115304,-0.0628837117190574,-0.40562818748349,-0.372069871656727,-0.477081140917631
-0.728349383,-0.212618597165347,-0.856357251981783,-0.34557761075897,-0.429030562141815
-0.909775737,-0.204799520126914,-0.72855989157407,-0.341171858577859,-0.548794721612788
-0.481887494,-0.140987935973452,-0.308893301922312,-0.611953480038623,-0.656192452281539
-0.28810822,-0.336171409423457,-0.592792603775575,-0.746185931869061,-0.939694828640154
-1.50527298,-0.760679978691832,-1.40121358578865,-0.496914447570677,-0.363578275010025
-0.372425251,-0.161476244963972,-0.151943542671213,-0.596850936357144,-0.946536734210072
-0.536092258,-0.233623932785804,-0.311502258642471,-0.674289147338361,-0.620955096189495
-0.732332309,-0.349504569488621,-0.641730929206715,-0.606027776001031,-0.611810129034592
-0.863807318,-0.220945695512827,-0.64391378566937,-0.119262084286516,-0.205815883116499
0.251562896,-0.0451862456622633,-0.0486471215808621,-0.199216597024898,-0.163469962336586
0.639037455,0.046797012841293,0.407717096453718,-0.24935146315167,-0.0579455742694386
-0.173426489,-0.119214944088557,0.0080696418334054,-0.320423568892636,0.0896213642753678
-0.243091286,-0.00933212916031553,-0.0779579088012974,-0.327798421422122,-0.600694679542872
-1.145698601,-0.37175769483315,-0.908309779284842,-0.559004251007184,-0.653489937675924
-1.096241729,-0.489847998211932,-0.835927696669605,-0.940799422974603,-1.03310882787801
-0.948992825,-0.481683827139184,-0.701978313568596,-1.07669055586743,-1.38563316840226
-1.819369074,-0.732695173303148,-1.09218369787564,-1.0505667716101,-0.957587299582304
-0.923551449,-0.621410930498977,-0.823506349461066,-1.22024727382955,-1.38251915969831
-1.082433862,-0.422946058033745,-0.80447702567375,-1.09834036685716,-1.02946190000511
-1.08269805,-0.57633884813914,-0.89391018074088,-1.14273357932645,-0.87051279141273
-0.64636728,-0.427337480602862,-0.543119481730632,-0.891036073209199,-0.926661345629792
-0.792556673,-0.422226576012207,-0.603175850010494,-0.865797427062603,-0.682447521123799
-0.610939267,-0.486794559442777,-0.587101861432104,-0.904165646371817,-0.836861386725581
-0.874650721,-0.542217192331081,-0.678918361396476,-0.861453665294274,-0.817926130599928
-0.989203142,-0.619315717317846,-0.795073157920425,-0.891870057214696,-0.948387725937007
-1.055731705,-0.757130591030495,-0.982222669415064,-0.998949234397976,-1.01825915650131
-1.017490251,-0.617138560363849,-0.82018123426943,-1.07306185526953,-1.20448827336468
-1.429471202,-0.808924758328001,-0.915225658977287,-0.98115625544174,-1.01554930713636
-1.060571516,-0.754752037222404,-0.875001476301952,-0.984713766115498,-1.04543812910634
-0.749751769,-0.66551186829122,-0.592457514353153,-0.950158714992684,-0.837764388208699
-0.530904105,-0.401246792982193,-0.319680607069581,-0.875951055020493,-0.793550615405529
-0.793533513,-0.380960294617441,-0.507811335615681,-0.811274622995173,-0.650114537161879
-0.632524998,-0.397846958511263,-0.430838473230865,-0.888387874141478,-1.01629092090228
-1.305501287,-0.447383768103853,-0.439655523904789,-0.765381040825061,-0.86784522749529
-1.064730117,-0.649121210836214,-1.01551875649311,-0.844638988584962,-1.20040950950064
-1.358087423,-0.573182616611226,-1.33115466438852,-0.776462508757293,-0.673195640080352
-0.208673181,-0.0616290096033712,0.171817017340747,-0.875382745015906,-0.935309205487382
-0.548112634,-0.300214283773435,-0.217258356173258,-0.613613321656504,-0.478562355405606
-0.548653886,-0.375217366034178,-0.430127354527853,-0.862306154342725,-0.647382080842762
-0.59246101,-0.282375804218771,-0.34203791876189,-0.817007861015111,-1.16911114895053
-1.779840763,-0.656774775588198,-1.12070997900036,-0.678494121304645,-1.22820433293079
-2.183021548,-0.805682163158761,-1.49516348354788,-1.0747342246056,-0.852113781497301
0.123641261,0.0405277445768525,0.297244599642145,-0.984292922293947,-1.74363757731249
-1.527922204,-0.651715245261206,-1.09886422890107,-1.25049946034668,-0.413623191690234
-0.560144138,-0.263108364084676,-0.302092384736607,-0.873345192578923,-1.13937264846783
-0.880140331,-0.611471284886762,-0.801784268692833,-0.82236139383444,-1.00599794336443
-1.363785966,-0.572449049970023,-0.91930081566637,-1.00131997007566,-1.01493549557869
-1.102462514,-0.59488219864872,-0.839616200323029,-1.44215830565079,-1.45389879801114
-0.889385409,-0.541069377536186,-0.878620071862667,-1.91695105205112,-3.44900533544864
-6.631184156,-3.20726770240565,-3.89112004447277,-0.963996816752789,-0.898856768732761
-1.003837151,-0.275783259134987,-0.764293976244001,-1.27811410826901,-2.95108162339891
-0.423087366,-0.0837359527828799,-0.218334222873086,-1.07889567972866,-0.0827087598952296
1.78394115,1.00924564379313,1.79627173660944,-0.884741051015894,-0.183162092901586
0.129463485,0.0697963449050464,0.312605621101423,0.19173908123072,1.18236524246352
1.22895672,0.68597080744252,0.941080763494516,-0.0611243045175295,-0.184288364122324
-0.618112043,-0.273460066182163,-0.633846083404473,-0.166766796596696,-0.00970023468029864
-1.151537334,-0.440574242116847,-1.04481528372539,-0.193923834761545,-0.628409229364515
-1.038138405,-0.298835226728952,-0.680369170374455,-0.14527222832257,-0.560003717781703
-0.12486708,-0.184925493550102,0.0358166376383363,-0.727365720402597,-0.454637614261294
0.48439884,0.220282863096113,0.489923684450838,-1.09649995523929,-1.07587064055502
-1.91288225,-0.749444122566634,-1.67874522753625,-0.663305431442745,-0.693529285691121
-2.021146911,-0.645822499079169,-1.58012411878196,-0.184354541280108,-0.923465012772318
-0.44388509,-0.242998328830376,-0.524591182973929,-0.547793733908269,-0.641776624189445
0.822402965,0.355618782188651,0.624470591305209,-0.879482814514161,-0.432421889884423
-0.080211773,0.187279790112483,0.258389184124301,-0.689503651027259,-0.122112021055217
-0.641342554,-0.39830677199071,-0.761643817164694,-0.875135586464646,-0.981300832873537
-2.135890683,-0.807862549459634,-1.7128811094197,-0.684015970223482,-0.832778025938559
-1.092497258,-0.482313445123586,-0.733687442902009,-1.18781630046395,-1.59868240532621
-1.388220912,-0.571101829184175,-0.964696603717517,-1.05246078972612,-1.00787670613789
-0.872373188,-0.454130467514255,-0.454415432777312,-0.997216109541723,-0.884569710106107
-0.38476807,-0.351898334551052,-0.249124662010501,-0.909723205263094,-0.739667250150212
-0.552998412,-0.297126349147878,-0.344175403037309,-0.517587210894302,-0.445812755972052
-0.737843819,-0.254679678524337,-0.518448417230519,-0.29647134620089,0.411338526305678
1.761991076,0.764893495906038,1.37857291331836,-0.680184818352841,-0.803806133194638
-0.89217843,-0.0389010101398151,-0.553831682098814,-0.265390610751037,0.225527446337502
-0.986186592,-0.290807170232993,-0.703818551902173,-0.51216651742176,-0.616160969638409
-0.625166668,-0.305615108689663,-0.694489612835125,-0.706241768903275,-0.964750536781972
-0.99353014,-0.399515184792197,-0.727113881711529,-0.902852858484592,-0.882113398962711
-1.069008744,-0.473698791707264,-0.833908556304655,-1.12240839371533,-1.09270540960551
-1.17602843,-0.441152034282434,-0.806021012385956,-1.06000785946701,-1.328135154051
-1.817340512,-0.812456210738041,-1.3504744590686,-0.818656766653749,-0.780770702323372
-0.423770207,-0.134365892833559,-0.188256316140919,-1.05592201420071,-1.00884628213375
-0.147054482,-0.209949567287929,-0.178417012496966,-1.26762511001639,-0.880608227358775
-1.189596432,-0.141162616670112,-0.30241370952842,-0.767740440307104,-0.217633914343585
